-3.618993655e-01
-3.618883655e-01
-3.618773655e-01
-3.618663655e-01
-3.618553655e-01
-3.618443655e-01
-3.618333655e-01
-3.618223655e-01
-3.618113655e-01
-3.618003654e-01
-3.617893654e-01
-3.617783654e-01
-3.617673654e-01
-3.617563654e-01
-3.617453654e-01
-3.617343654e-01
-3.617233654e-01
-3.617123654e-01
-3.617013653e-01
-3.616903653e-01
-3.616793653e-01
-3.616683653e-01
-3.616573653e-01
-3.616463653e-01
-3.616353653e-01
-3.616243653e-01
-3.616133653e-01
-3.616023652e-01
-3.615913652e-01
-3.615803652e-01
-3.615693652e-01
-3.615583652e-01
-3.615473652e-01
-3.615363652e-01
-3.615253652e-01
-3.615143652e-01
-3.615033651e-01
-3.614923651e-01
-3.614813651e-01
-3.614703651e-01
-3.614593651e-01
-3.614483651e-01
-3.614373651e-01
-3.614263651e-01
-3.614153651e-01
-3.614043650e-01
-3.613933650e-01
-3.613823650e-01
-3.613713650e-01
-3.613603650e-01
-3.613493650e-01
-3.613383650e-01
-3.613273650e-01
-3.613163650e-01
-3.613053649e-01
-3.612943649e-01
-3.612833649e-01
-3.612723649e-01
-3.612613649e-01
-3.612503649e-01
-3.612393649e-01
-3.612283649e-01
-3.612173649e-01
-3.612063648e-01
-3.611953648e-01
-3.611843648e-01
-3.611733648e-01
-3.611623648e-01
-3.611513648e-01
-3.611403648e-01
-3.611293648e-01
-3.611183648e-01
-3.611073647e-01
-3.610963647e-01
-3.610853647e-01
-3.610743647e-01
-3.610633647e-01
-3.610523647e-01
-3.610413647e-01
-3.610303647e-01
-3.610193647e-01
-3.610083646e-01
-3.609973646e-01
-3.609863646e-01
-3.609753646e-01
-3.609643646e-01
-3.609533646e-01
-3.609423646e-01
-3.609313646e-01
-3.609203646e-01
-3.609093645e-01
-3.608983645e-01
-3.608873645e-01
-3.608763645e-01
-3.608653645e-01
-3.608543645e-01
-3.608433645e-01
-3.608323645e-01
-3.608213645e-01
-3.608103644e-01
