-6.456996522e-01
-6.456886522e-01
-6.456776522e-01
-6.456666522e-01
-6.456556522e-01
-6.456446522e-01
-6.456336522e-01
-6.456226521e-01
-6.456116521e-01
-6.456006521e-01
-6.455896521e-01
-6.455786521e-01
-6.455676521e-01
-6.455566521e-01
-6.455456521e-01
-6.455346521e-01
-6.455236520e-01
-6.455126520e-01
-6.455016520e-01
-6.454906520e-01
-6.454796520e-01
-6.454686520e-01
-6.454576520e-01
-6.454466520e-01
-6.454356520e-01
-6.454246519e-01
-6.454136519e-01
-6.454026519e-01
-6.453916519e-01
-6.453806519e-01
-6.453696519e-01
-6.453586519e-01
-6.453476519e-01
-6.453366519e-01
-6.453256518e-01
-6.453146518e-01
-6.453036518e-01
-6.452926518e-01
-6.452816518e-01
-6.452706518e-01
-6.452596518e-01
-6.452486518e-01
-6.452376518e-01
-6.452266517e-01
-6.452156517e-01
-6.452046517e-01
-6.451936517e-01
-6.451826517e-01
-6.451716517e-01
-6.451606517e-01
-6.451496517e-01
-6.451386517e-01
-6.451276516e-01
-6.451166516e-01
-6.451056516e-01
-6.450946516e-01
-6.450836516e-01
-6.450726516e-01
-6.450616516e-01
-6.450506516e-01
-6.450396516e-01
-6.450286515e-01
-6.450176515e-01
-6.450066515e-01
-6.449956515e-01
-6.449846515e-01
-6.449736515e-01
-6.449626515e-01
-6.449516515e-01
-6.449406515e-01
-6.449296514e-01
-6.449186514e-01
-6.449076514e-01
-6.448966514e-01
-6.448856514e-01
-6.448746514e-01
-6.448636514e-01
-6.448526514e-01
-6.448416514e-01
-6.448306513e-01
-6.448196513e-01
-6.448086513e-01
-6.447976513e-01
-6.447866513e-01
-6.447756513e-01
-6.447646513e-01
-6.447536513e-01
-6.447426513e-01
-6.447316512e-01
-6.447206512e-01
-6.447096512e-01
-6.446986512e-01
-6.446876512e-01
-6.446766512e-01
-6.446656512e-01
-6.446546512e-01
-6.446436512e-01
-6.446326511e-01
-6.446216511e-01
-6.446106511e-01
