-8.667998756e-01
-8.667888755e-01
-8.667778755e-01
-8.667668755e-01
-8.667558755e-01
-8.667448755e-01
-8.667338755e-01
-8.667228755e-01
-8.667118755e-01
-8.667008755e-01
-8.666898754e-01
-8.666788754e-01
-8.666678754e-01
-8.666568754e-01
-8.666458754e-01
-8.666348754e-01
-8.666238754e-01
-8.666128754e-01
-8.666018754e-01
-8.665908753e-01
-8.665798753e-01
-8.665688753e-01
-8.665578753e-01
-8.665468753e-01
-8.665358753e-01
-8.665248753e-01
-8.665138753e-01
-8.665028753e-01
-8.664918752e-01
-8.664808752e-01
-8.664698752e-01
-8.664588752e-01
-8.664478752e-01
-8.664368752e-01
-8.664258752e-01
-8.664148752e-01
-8.664038752e-01
-8.663928751e-01
-8.663818751e-01
-8.663708751e-01
-8.663598751e-01
-8.663488751e-01
-8.663378751e-01
-8.663268751e-01
-8.663158751e-01
-8.663048751e-01
-8.662938750e-01
-8.662828750e-01
-8.662718750e-01
-8.662608750e-01
-8.662498750e-01
-8.662388750e-01
-8.662278750e-01
-8.662168750e-01
-8.662058750e-01
-8.661948749e-01
-8.661838749e-01
-8.661728749e-01
-8.661618749e-01
-8.661508749e-01
-8.661398749e-01
-8.661288749e-01
-8.661178749e-01
-8.661068749e-01
-8.660958748e-01
-8.660848748e-01
-8.660738748e-01
-8.660628748e-01
-8.660518748e-01
-8.660408748e-01
-8.660298748e-01
-8.660188748e-01
-8.660078748e-01
-8.659968747e-01
-8.659858747e-01
-8.659748747e-01
-8.659638747e-01
-8.659528747e-01
-8.659418747e-01
-8.659308747e-01
-8.659198747e-01
-8.659088747e-01
-8.658978746e-01
-8.658868746e-01
-8.658758746e-01
-8.658648746e-01
-8.658538746e-01
-8.658428746e-01
-8.658318746e-01
-8.658208746e-01
-8.658098746e-01
-8.657988745e-01
-8.657878745e-01
-8.657768745e-01
-8.657658745e-01
-8.657548745e-01
-8.657438745e-01
-8.657328745e-01
-8.657218745e-01
-8.657108745e-01
