-6.973997044e-01
-6.973887044e-01
-6.973777044e-01
-6.973667044e-01
-6.973557044e-01
-6.973447044e-01
-6.973337044e-01
-6.973227044e-01
-6.973117044e-01
-6.973007043e-01
-6.972897043e-01
-6.972787043e-01
-6.972677043e-01
-6.972567043e-01
-6.972457043e-01
-6.972347043e-01
-6.972237043e-01
-6.972127043e-01
-6.972017042e-01
-6.971907042e-01
-6.971797042e-01
-6.971687042e-01
-6.971577042e-01
-6.971467042e-01
-6.971357042e-01
-6.971247042e-01
-6.971137042e-01
-6.971027041e-01
-6.970917041e-01
-6.970807041e-01
-6.970697041e-01
-6.970587041e-01
-6.970477041e-01
-6.970367041e-01
-6.970257041e-01
-6.970147041e-01
-6.970037040e-01
-6.969927040e-01
-6.969817040e-01
-6.969707040e-01
-6.969597040e-01
-6.969487040e-01
-6.969377040e-01
-6.969267040e-01
-6.969157040e-01
-6.969047039e-01
-6.968937039e-01
-6.968827039e-01
-6.968717039e-01
-6.968607039e-01
-6.968497039e-01
-6.968387039e-01
-6.968277039e-01
-6.968167039e-01
-6.968057038e-01
-6.967947038e-01
-6.967837038e-01
-6.967727038e-01
-6.967617038e-01
-6.967507038e-01
-6.967397038e-01
-6.967287038e-01
-6.967177038e-01
-6.967067037e-01
-6.966957037e-01
-6.966847037e-01
-6.966737037e-01
-6.966627037e-01
-6.966517037e-01
-6.966407037e-01
-6.966297037e-01
-6.966187037e-01
-6.966077036e-01
-6.965967036e-01
-6.965857036e-01
-6.965747036e-01
-6.965637036e-01
-6.965527036e-01
-6.965417036e-01
-6.965307036e-01
-6.965197036e-01
-6.965087035e-01
-6.964977035e-01
-6.964867035e-01
-6.964757035e-01
-6.964647035e-01
-6.964537035e-01
-6.964427035e-01
-6.964317035e-01
-6.964207035e-01
-6.964097034e-01
-6.963987034e-01
-6.963877034e-01
-6.963767034e-01
-6.963657034e-01
-6.963547034e-01
-6.963437034e-01
-6.963327034e-01
-6.963217034e-01
-6.963107033e-01
