-1.979901999e-02
-1.978801998e-02
-1.977701997e-02
-1.976601996e-02
-1.975501994e-02
-1.974401993e-02
-1.973301992e-02
-1.972201991e-02
-1.971101990e-02
-1.970001989e-02
-1.968901988e-02
-1.967801987e-02
-1.966701986e-02
-1.965601984e-02
-1.964501983e-02
-1.963401982e-02
-1.962301981e-02
-1.961201980e-02
-1.960101979e-02
-1.959001978e-02
-1.957901977e-02
-1.956801976e-02
-1.955701974e-02
-1.954601973e-02
-1.953501972e-02
-1.952401971e-02
-1.951301970e-02
-1.950201969e-02
-1.949101968e-02
-1.948001967e-02
-1.946901966e-02
-1.945801964e-02
-1.944701963e-02
-1.943601962e-02
-1.942501961e-02
-1.941401960e-02
-1.940301959e-02
-1.939201958e-02
-1.938101957e-02
-1.937001956e-02
-1.935901954e-02
-1.934801953e-02
-1.933701952e-02
-1.932601951e-02
-1.931501950e-02
-1.930401949e-02
-1.929301948e-02
-1.928201947e-02
-1.927101946e-02
-1.926001944e-02
-1.924901943e-02
-1.923801942e-02
-1.922701941e-02
-1.921601940e-02
-1.920501939e-02
-1.919401938e-02
-1.918301937e-02
-1.917201936e-02
-1.916101934e-02
-1.915001933e-02
-1.913901932e-02
-1.912801931e-02
-1.911701930e-02
-1.910601929e-02
-1.909501928e-02
-1.908401927e-02
-1.907301926e-02
-1.906201924e-02
-1.905101923e-02
-1.904001922e-02
-1.902901921e-02
-1.901801920e-02
-1.900701919e-02
-1.899601918e-02
-1.898501917e-02
-1.897401916e-02
-1.896301914e-02
-1.895201913e-02
-1.894101912e-02
-1.893001911e-02
-1.891901910e-02
-1.890801909e-02
-1.889701908e-02
-1.888601907e-02
-1.887501906e-02
-1.886401904e-02
-1.885301903e-02
-1.884201902e-02
-1.883101901e-02
-1.882001900e-02
-1.880901899e-02
-1.879801898e-02
-1.878701897e-02
-1.877601896e-02
-1.876501894e-02
-1.875401893e-02
-1.874301892e-02
-1.873201891e-02
-1.872101890e-02
-1.871001889e-02
