-3.860993900e-01
-3.860883900e-01
-3.860773900e-01
-3.860663900e-01
-3.860553899e-01
-3.860443899e-01
-3.860333899e-01
-3.860223899e-01
-3.860113899e-01
-3.860003899e-01
-3.859893899e-01
-3.859783899e-01
-3.859673899e-01
-3.859563898e-01
-3.859453898e-01
-3.859343898e-01
-3.859233898e-01
-3.859123898e-01
-3.859013898e-01
-3.858903898e-01
-3.858793898e-01
-3.858683898e-01
-3.858573897e-01
-3.858463897e-01
-3.858353897e-01
-3.858243897e-01
-3.858133897e-01
-3.858023897e-01
-3.857913897e-01
-3.857803897e-01
-3.857693897e-01
-3.857583896e-01
-3.857473896e-01
-3.857363896e-01
-3.857253896e-01
-3.857143896e-01
-3.857033896e-01
-3.856923896e-01
-3.856813896e-01
-3.856703896e-01
-3.856593895e-01
-3.856483895e-01
-3.856373895e-01
-3.856263895e-01
-3.856153895e-01
-3.856043895e-01
-3.855933895e-01
-3.855823895e-01
-3.855713895e-01
-3.855603894e-01
-3.855493894e-01
-3.855383894e-01
-3.855273894e-01
-3.855163894e-01
-3.855053894e-01
-3.854943894e-01
-3.854833894e-01
-3.854723894e-01
-3.854613893e-01
-3.854503893e-01
-3.854393893e-01
-3.854283893e-01
-3.854173893e-01
-3.854063893e-01
-3.853953893e-01
-3.853843893e-01
-3.853733893e-01
-3.853623892e-01
-3.853513892e-01
-3.853403892e-01
-3.853293892e-01
-3.853183892e-01
-3.853073892e-01
-3.852963892e-01
-3.852853892e-01
-3.852743892e-01
-3.852633891e-01
-3.852523891e-01
-3.852413891e-01
-3.852303891e-01
-3.852193891e-01
-3.852083891e-01
-3.851973891e-01
-3.851863891e-01
-3.851753891e-01
-3.851643890e-01
-3.851533890e-01
-3.851423890e-01
-3.851313890e-01
-3.851203890e-01
-3.851093890e-01
-3.850983890e-01
-3.850873890e-01
-3.850763890e-01
-3.850653889e-01
-3.850543889e-01
-3.850433889e-01
-3.850323889e-01
-3.850213889e-01
-3.850103889e-01
