-9.646999744e-01
-9.646889744e-01
-9.646779744e-01
-9.646669744e-01
-9.646559744e-01
-9.646449744e-01
-9.646339744e-01
-9.646229744e-01
-9.646119744e-01
-9.646009743e-01
-9.645899743e-01
-9.645789743e-01
-9.645679743e-01
-9.645569743e-01
-9.645459743e-01
-9.645349743e-01
-9.645239743e-01
-9.645129743e-01
-9.645019742e-01
-9.644909742e-01
-9.644799742e-01
-9.644689742e-01
-9.644579742e-01
-9.644469742e-01
-9.644359742e-01
-9.644249742e-01
-9.644139742e-01
-9.644029741e-01
-9.643919741e-01
-9.643809741e-01
-9.643699741e-01
-9.643589741e-01
-9.643479741e-01
-9.643369741e-01
-9.643259741e-01
-9.643149741e-01
-9.643039740e-01
-9.642929740e-01
-9.642819740e-01
-9.642709740e-01
-9.642599740e-01
-9.642489740e-01
-9.642379740e-01
-9.642269740e-01
-9.642159740e-01
-9.642049739e-01
-9.641939739e-01
-9.641829739e-01
-9.641719739e-01
-9.641609739e-01
-9.641499739e-01
-9.641389739e-01
-9.641279739e-01
-9.641169739e-01
-9.641059738e-01
-9.640949738e-01
-9.640839738e-01
-9.640729738e-01
-9.640619738e-01
-9.640509738e-01
-9.640399738e-01
-9.640289738e-01
-9.640179738e-01
-9.640069737e-01
-9.639959737e-01
-9.639849737e-01
-9.639739737e-01
-9.639629737e-01
-9.639519737e-01
-9.639409737e-01
-9.639299737e-01
-9.639189737e-01
-9.639079736e-01
-9.638969736e-01
-9.638859736e-01
-9.638749736e-01
-9.638639736e-01
-9.638529736e-01
-9.638419736e-01
-9.638309736e-01
-9.638199736e-01
-9.638089735e-01
-9.637979735e-01
-9.637869735e-01
-9.637759735e-01
-9.637649735e-01
-9.637539735e-01
-9.637429735e-01
-9.637319735e-01
-9.637209735e-01
-9.637099734e-01
-9.636989734e-01
-9.636879734e-01
-9.636769734e-01
-9.636659734e-01
-9.636549734e-01
-9.636439734e-01
-9.636329734e-01
-9.636219734e-01
-9.636109733e-01
