-7.864997944e-01
-7.864887944e-01
-7.864777944e-01
-7.864667944e-01
-7.864557944e-01
-7.864447944e-01
-7.864337944e-01
-7.864227944e-01
-7.864117944e-01
-7.864007943e-01
-7.863897943e-01
-7.863787943e-01
-7.863677943e-01
-7.863567943e-01
-7.863457943e-01
-7.863347943e-01
-7.863237943e-01
-7.863127943e-01
-7.863017942e-01
-7.862907942e-01
-7.862797942e-01
-7.862687942e-01
-7.862577942e-01
-7.862467942e-01
-7.862357942e-01
-7.862247942e-01
-7.862137942e-01
-7.862027941e-01
-7.861917941e-01
-7.861807941e-01
-7.861697941e-01
-7.861587941e-01
-7.861477941e-01
-7.861367941e-01
-7.861257941e-01
-7.861147941e-01
-7.861037940e-01
-7.860927940e-01
-7.860817940e-01
-7.860707940e-01
-7.860597940e-01
-7.860487940e-01
-7.860377940e-01
-7.860267940e-01
-7.860157940e-01
-7.860047939e-01
-7.859937939e-01
-7.859827939e-01
-7.859717939e-01
-7.859607939e-01
-7.859497939e-01
-7.859387939e-01
-7.859277939e-01
-7.859167939e-01
-7.859057938e-01
-7.858947938e-01
-7.858837938e-01
-7.858727938e-01
-7.858617938e-01
-7.858507938e-01
-7.858397938e-01
-7.858287938e-01
-7.858177938e-01
-7.858067937e-01
-7.857957937e-01
-7.857847937e-01
-7.857737937e-01
-7.857627937e-01
-7.857517937e-01
-7.857407937e-01
-7.857297937e-01
-7.857187937e-01
-7.857077936e-01
-7.856967936e-01
-7.856857936e-01
-7.856747936e-01
-7.856637936e-01
-7.856527936e-01
-7.856417936e-01
-7.856307936e-01
-7.856197936e-01
-7.856087935e-01
-7.855977935e-01
-7.855867935e-01
-7.855757935e-01
-7.855647935e-01
-7.855537935e-01
-7.855427935e-01
-7.855317935e-01
-7.855207935e-01
-7.855097934e-01
-7.854987934e-01
-7.854877934e-01
-7.854767934e-01
-7.854657934e-01
-7.854547934e-01
-7.854437934e-01
-7.854327934e-01
-7.854217934e-01
-7.854107933e-01
