-7.842997922e-01
-7.842887922e-01
-7.842777922e-01
-7.842667922e-01
-7.842557922e-01
-7.842447922e-01
-7.842337922e-01
-7.842227921e-01
-7.842117921e-01
-7.842007921e-01
-7.841897921e-01
-7.841787921e-01
-7.841677921e-01
-7.841567921e-01
-7.841457921e-01
-7.841347921e-01
-7.841237920e-01
-7.841127920e-01
-7.841017920e-01
-7.840907920e-01
-7.840797920e-01
-7.840687920e-01
-7.840577920e-01
-7.840467920e-01
-7.840357920e-01
-7.840247919e-01
-7.840137919e-01
-7.840027919e-01
-7.839917919e-01
-7.839807919e-01
-7.839697919e-01
-7.839587919e-01
-7.839477919e-01
-7.839367919e-01
-7.839257918e-01
-7.839147918e-01
-7.839037918e-01
-7.838927918e-01
-7.838817918e-01
-7.838707918e-01
-7.838597918e-01
-7.838487918e-01
-7.838377918e-01
-7.838267917e-01
-7.838157917e-01
-7.838047917e-01
-7.837937917e-01
-7.837827917e-01
-7.837717917e-01
-7.837607917e-01
-7.837497917e-01
-7.837387917e-01
-7.837277916e-01
-7.837167916e-01
-7.837057916e-01
-7.836947916e-01
-7.836837916e-01
-7.836727916e-01
-7.836617916e-01
-7.836507916e-01
-7.836397916e-01
-7.836287915e-01
-7.836177915e-01
-7.836067915e-01
-7.835957915e-01
-7.835847915e-01
-7.835737915e-01
-7.835627915e-01
-7.835517915e-01
-7.835407915e-01
-7.835297914e-01
-7.835187914e-01
-7.835077914e-01
-7.834967914e-01
-7.834857914e-01
-7.834747914e-01
-7.834637914e-01
-7.834527914e-01
-7.834417914e-01
-7.834307913e-01
-7.834197913e-01
-7.834087913e-01
-7.833977913e-01
-7.833867913e-01
-7.833757913e-01
-7.833647913e-01
-7.833537913e-01
-7.833427913e-01
-7.833317912e-01
-7.833207912e-01
-7.833097912e-01
-7.832987912e-01
-7.832877912e-01
-7.832767912e-01
-7.832657912e-01
-7.832547912e-01
-7.832437912e-01
-7.832327911e-01
-7.832217911e-01
-7.832107911e-01
