-3.662993700e-01
-3.662883700e-01
-3.662773700e-01
-3.662663700e-01
-3.662553699e-01
-3.662443699e-01
-3.662333699e-01
-3.662223699e-01
-3.662113699e-01
-3.662003699e-01
-3.661893699e-01
-3.661783699e-01
-3.661673699e-01
-3.661563698e-01
-3.661453698e-01
-3.661343698e-01
-3.661233698e-01
-3.661123698e-01
-3.661013698e-01
-3.660903698e-01
-3.660793698e-01
-3.660683698e-01
-3.660573697e-01
-3.660463697e-01
-3.660353697e-01
-3.660243697e-01
-3.660133697e-01
-3.660023697e-01
-3.659913697e-01
-3.659803697e-01
-3.659693697e-01
-3.659583696e-01
-3.659473696e-01
-3.659363696e-01
-3.659253696e-01
-3.659143696e-01
-3.659033696e-01
-3.658923696e-01
-3.658813696e-01
-3.658703696e-01
-3.658593695e-01
-3.658483695e-01
-3.658373695e-01
-3.658263695e-01
-3.658153695e-01
-3.658043695e-01
-3.657933695e-01
-3.657823695e-01
-3.657713695e-01
-3.657603694e-01
-3.657493694e-01
-3.657383694e-01
-3.657273694e-01
-3.657163694e-01
-3.657053694e-01
-3.656943694e-01
-3.656833694e-01
-3.656723694e-01
-3.656613693e-01
-3.656503693e-01
-3.656393693e-01
-3.656283693e-01
-3.656173693e-01
-3.656063693e-01
-3.655953693e-01
-3.655843693e-01
-3.655733693e-01
-3.655623692e-01
-3.655513692e-01
-3.655403692e-01
-3.655293692e-01
-3.655183692e-01
-3.655073692e-01
-3.654963692e-01
-3.654853692e-01
-3.654743692e-01
-3.654633691e-01
-3.654523691e-01
-3.654413691e-01
-3.654303691e-01
-3.654193691e-01
-3.654083691e-01
-3.653973691e-01
-3.653863691e-01
-3.653753691e-01
-3.653643690e-01
-3.653533690e-01
-3.653423690e-01
-3.653313690e-01
-3.653203690e-01
-3.653093690e-01
-3.652983690e-01
-3.652873690e-01
-3.652763690e-01
-3.652653689e-01
-3.652543689e-01
-3.652433689e-01
-3.652323689e-01
-3.652213689e-01
-3.652103689e-01
