3.59986e+07
1388.27
10.7413
0.104546
0.0011279
1.29004e-05
1.53817e-07
1.90011e-09
2.42089e-11
3.15229e-13
4.13106e-15
5.34924e-17
6.72903e-19
8.11776e-21
9.31273e-23
1.0111e-24
1.03664e-26
1.00312e-28
9.16608e-31
7.91756e-33
6.46961e-35
4.98046e-37
3.64367e-39
0
0
0
0
0
0
0
0
0
0
0
0
0
0
0
0
0
0
0
0
0
0
0
0
0
0
0
0
0
0
0
0
0
0
0
0
0
0
0
0
0
0
0
0
0
0
0
0
0
0
0
0
0
0
0
0
0
0
0
0
0
0
0
0
0
0
0
0
0
0
0
0
0
0
0
0
0
0
0
0
0
0
0
0
0
0
0
0
0
0
0
0
0
0
0
0
0
0
0
0
0
0
0
0
0
0
0
0
0
0
0
0
0
0
0
0
0
0
0
0
0
0
0
0
0
0
0
0
0
0
0
0
0
0
0
0
0
0
0
0
0
0
0
0
0
0
0
