3.59985e+07
1446.56
11.6469
0.118044
0.00132152
1.55189e-05
1.85708e-07
2.21705e-09
2.59716e-11
2.94805e-13
3.21348e-15
3.34372e-17
3.30916e-19
3.1087e-21
2.76977e-23
2.3403e-25
1.87592e-27
1.42746e-29
1.03198e-31
7.09187e-34
4.57317e-36
2.20043e-38
0
0
0
0
0
0
0
0
0
0
0
0
0
0
0
0
0
0
0
0
0
0
0
0
0
0
0
0
0
0
0
0
0
0
0
0
0
0
0
0
0
0
0
0
0
0
0
0
0
0
0
0
0
0
0
0
0
0
0
0
0
0
0
0
0
0
0
0
0
0
0
0
0
0
0
0
0
0
0
0
0
0
0
0
0
0
0
0
0
0
0
0
0
0
0
0
0
0
0
0
0
0
0
0
0
0
0
0
0
0
0
0
0
0
0
0
0
0
0
0
0
0
0
0
0
0
0
0
0
0
0
0
0
0
0
0
0
0
0
0
0
0
0
0
0
0
0
0
