3.59989e+07
1068.71
6.41522
0.0480296
0.000397093
3.43937e-06
3.02917e-08
2.65575e-10
2.28227e-12
1.90242e-14
1.52822e-16
1.17882e-18
8.71562e-21
6.17074e-23
4.18125e-25
2.70993e-27
1.67897e-29
9.93806e-32
5.61359e-34
2.9661e-36
1.31941e-38
0
0
0
0
0
0
0
0
0
0
0
0
0
0
0
0
0
0
0
0
0
0
0
0
0
0
0
0
0
0
0
0
0
0
0
0
0
0
0
0
0
0
0
0
0
0
0
0
0
0
0
0
0
0
0
0
0
0
0
0
0
0
0
0
0
0
0
0
0
0
0
0
0
0
0
0
0
0
0
0
0
0
0
0
0
0
0
0
0
0
0
0
0
0
0
0
0
0
0
0
0
0
0
0
0
0
0
0
0
0
0
0
0
0
0
0
0
0
0
0
0
0
0
0
0
0
0
0
0
0
0
0
0
0
0
0
0
0
0
0
0
0
0
0
0
0
0
0
0
