3.59988e+07
1157.3
7.51176
0.0613219
0.000558881
5.40333e-06
5.3589e-08
5.30425e-10
5.12921e-12
4.77388e-14
4.23594e-16
3.56354e-18
2.83423e-20
2.12877e-22
1.50991e-24
1.01198e-26
6.41539e-29
3.85155e-31
2.19214e-33
1.17459e-35
4.48781e-38
0
0
0
0
0
0
0
0
0
0
0
0
0
0
0
0
0
0
0
0
0
0
0
0
0
0
0
0
0
0
0
0
0
0
0
0
0
0
0
0
0
0
0
0
0
0
0
0
0
0
0
0
0
0
0
0
0
0
0
0
0
0
0
0
0
0
0
0
0
0
0
0
0
0
0
0
0
0
0
0
0
0
0
0
0
0
0
0
0
0
0
0
0
0
0
0
0
0
0
0
0
0
0
0
0
0
0
0
0
0
0
0
0
0
0
0
0
0
0
0
0
0
0
0
0
0
0
0
0
0
0
0
0
0
0
0
0
0
0
0
0
0
0
0
0
0
0
0
0
