3.59986e+07
1383.94
10.6933
0.104604
0.00114924
1.35755e-05
1.67665e-07
2.10707e-09
2.62592e-11
3.17715e-13
3.67589e-15
4.02808e-17
4.15873e-19
4.0359e-21
3.67999e-23
3.1549e-25
2.5465e-27
1.93844e-29
1.39415e-31
9.4889e-34
6.06643e-36
2.69055e-38
0
0
0
0
0
0
0
0
0
0
0
0
0
0
0
0
0
0
0
0
0
0
0
0
0
0
0
0
0
0
0
0
0
0
0
0
0
0
0
0
0
0
0
0
0
0
0
0
0
0
0
0
0
0
0
0
0
0
0
0
0
0
0
0
0
0
0
0
0
0
0
0
0
0
0
0
0
0
0
0
0
0
0
0
0
0
0
0
0
0
0
0
0
0
0
0
0
0
0
0
0
0
0
0
0
0
0
0
0
0
0
0
0
0
0
0
0
0
0
0
0
0
0
0
0
0
0
0
0
0
0
0
0
0
0
0
0
0
0
0
0
0
0
0
0
0
0
0
