3.59983e+07
1589.12
14.0567
0.157591
0.00196866
2.61602e-05
3.60305e-07
5.02862e-09
6.96223e-11
9.39243e-13
1.21847e-14
1.50712e-16
1.76858e-18
1.96413e-20
2.06247e-22
2.04783e-24
1.92375e-26
1.71137e-28
1.44329e-30
1.15524e-32
8.77596e-35
6.13495e-37
0
0
0
0
0
0
0
0
0
0
0
0
0
0
0
0
0
0
0
0
0
0
0
0
0
0
0
0
0
0
0
0
0
0
0
0
0
0
0
0
0
0
0
0
0
0
0
0
0
0
0
0
0
0
0
0
0
0
0
0
0
0
0
0
0
0
0
0
0
0
0
0
0
0
0
0
0
0
0
0
0
0
0
0
0
0
0
0
0
0
0
0
0
0
0
0
0
0
0
0
0
0
0
0
0
0
0
0
0
0
0
0
0
0
0
0
0
0
0
0
0
0
0
0
0
0
0
0
0
0
0
0
0
0
0
0
0
0
0
0
0
0
0
0
0
0
0
0
