3.59987e+07
1258.43
8.83527
0.0777319
0.000756683
7.75294e-06
8.12392e-08
8.51346e-10
8.75984e-12
8.7224e-14
8.31622e-16
7.53868e-18
6.46994e-20
5.24558e-22
4.01468e-24
2.90108e-26
1.98089e-28
1.27952e-30
7.82806e-33
4.52888e-35
2.24707e-37
0
0
0
0
0
0
0
0
0
0
0
0
0
0
0
0
0
0
0
0
0
0
0
0
0
0
0
0
0
0
0
0
0
0
0
0
0
0
0
0
0
0
0
0
0
0
0
0
0
0
0
0
0
0
0
0
0
0
0
0
0
0
0
0
0
0
0
0
0
0
0
0
0
0
0
0
0
0
0
0
0
0
0
0
0
0
0
0
0
0
0
0
0
0
0
0
0
0
0
0
0
0
0
0
0
0
0
0
0
0
0
0
0
0
0
0
0
0
0
0
0
0
0
0
0
0
0
0
0
0
0
0
0
0
0
0
0
0
0
0
0
0
0
0
0
0
0
0
0
