3.59984e+07
1526.14
12.9856
0.139946
0.00167543
2.11284e-05
2.71738e-07
3.47764e-09
4.34596e-11
5.2328e-13
6.01791e-15
6.57628e-17
6.81032e-19
6.67593e-21
6.19361e-23
5.44055e-25
4.52832e-27
3.57468e-29
2.67919e-31
1.90822e-33
1.28381e-35
6.90553e-38
0
0
0
0
0
0
0
0
0
0
0
0
0
0
0
0
0
0
0
0
0
0
0
0
0
0
0
0
0
0
0
0
0
0
0
0
0
0
0
0
0
0
0
0
0
0
0
0
0
0
0
0
0
0
0
0
0
0
0
0
0
0
0
0
0
0
0
0
0
0
0
0
0
0
0
0
0
0
0
0
0
0
0
0
0
0
0
0
0
0
0
0
0
0
0
0
0
0
0
0
0
0
0
0
0
0
0
0
0
0
0
0
0
0
0
0
0
0
0
0
0
0
0
0
0
0
0
0
0
0
0
0
0
0
0
0
0
0
0
0
0
0
0
0
0
0
0
0
