3.59986e+07
1379.66
10.6017
0.102027
0.00107798
1.18671e-05
1.32467e-07
1.47496e-09
1.62263e-11
1.75408e-13
1.85587e-15
1.91368e-17
1.91352e-19
1.8453e-21
1.70753e-23
1.50991e-25
1.27219e-27
1.01954e-29
7.76515e-32
5.618e-34
3.82359e-36
2.18058e-38
0
0
0
0
0
0
0
0
0
0
0
0
0
0
0
0
0
0
0
0
0
0
0
0
0
0
0
0
0
0
0
0
0
0
0
0
0
0
0
0
0
0
0
0
0
0
0
0
0
0
0
0
0
0
0
0
0
0
0
0
0
0
0
0
0
0
0
0
0
0
0
0
0
0
0
0
0
0
0
0
0
0
0
0
0
0
0
0
0
0
0
0
0
0
0
0
0
0
0
0
0
0
0
0
0
0
0
0
0
0
0
0
0
0
0
0
0
0
0
0
0
0
0
0
0
0
0
0
0
0
0
0
0
0
0
0
0
0
0
0
0
0
0
0
0
0
0
0
