3.59989e+07
1102.28
6.81162
0.0525397
0.000449131
4.07081e-06
3.83796e-08
3.7163e-10
3.64628e-12
3.56699e-14
3.42146e-16
3.17232e-18
2.81398e-20
2.37266e-22
1.8951e-24
1.43188e-26
1.02332e-28
6.92211e-31
4.43606e-33
2.6918e-35
1.46583e-37
0
0
0
0
0
0
0
0
0
0
0
0
0
0
0
0
0
0
0
0
0
0
0
0
0
0
0
0
0
0
0
0
0
0
0
0
0
0
0
0
0
0
0
0
0
0
0
0
0
0
0
0
0
0
0
0
0
0
0
0
0
0
0
0
0
0
0
0
0
0
0
0
0
0
0
0
0
0
0
0
0
0
0
0
0
0
0
0
0
0
0
0
0
0
0
0
0
0
0
0
0
0
0
0
0
0
0
0
0
0
0
0
0
0
0
0
0
0
0
0
0
0
0
0
0
0
0
0
0
0
0
0
0
0
0
0
0
0
0
0
0
0
0
0
0
0
0
0
0
