3.59986e+07
1328.81
9.83298
0.0911362
0.000937776
1.04361e-05
1.27742e-07
1.75923e-09
2.68967e-11
4.33136e-13
6.94547e-15
1.06877e-16
1.54958e-18
2.10185e-20
2.66312e-22
3.15521e-24
3.50281e-26
3.65263e-28
3.58641e-30
3.32361e-32
2.91332e-34
2.41906e-36
1.81758e-38
0
0
0
0
0
0
0
0
0
0
0
0
0
0
0
0
0
0
0
0
0
0
0
0
0
0
0
0
0
0
0
0
0
0
0
0
0
0
0
0
0
0
0
0
0
0
0
0
0
0
0
0
0
0
0
0
0
0
0
0
0
0
0
0
0
0
0
0
0
0
0
0
0
0
0
0
0
0
0
0
0
0
0
0
0
0
0
0
0
0
0
0
0
0
0
0
0
0
0
0
0
0
0
0
0
0
0
0
0
0
0
0
0
0
0
0
0
0
0
0
0
0
0
0
0
0
0
0
0
0
0
0
0
0
0
0
0
0
0
0
0
0
0
0
0
0
0
