3.59984e+07
1554.58
13.4619
0.147458
0.00178799
2.27549e-05
2.95134e-07
3.82288e-09
4.86984e-11
6.02713e-13
7.1783e-15
8.16777e-17
8.83368e-19
9.0515e-21
8.77142e-23
8.03355e-25
6.95498e-27
5.69551e-29
4.41631e-31
3.24608e-33
2.25303e-35
1.39471e-37
0
0
0
0
0
0
0
0
0
0
0
0
0
0
0
0
0
0
0
0
0
0
0
0
0
0
0
0
0
0
0
0
0
0
0
0
0
0
0
0
0
0
0
0
0
0
0
0
0
0
0
0
0
0
0
0
0
0
0
0
0
0
0
0
0
0
0
0
0
0
0
0
0
0
0
0
0
0
0
0
0
0
0
0
0
0
0
0
0
0
0
0
0
0
0
0
0
0
0
0
0
0
0
0
0
0
0
0
0
0
0
0
0
0
0
0
0
0
0
0
0
0
0
0
0
0
0
0
0
0
0
0
0
0
0
0
0
0
0
0
0
0
0
0
0
0
0
0
