3.59986e+07
1310.79
9.59281
0.0884034
0.000905793
9.82148e-06
1.09588e-07
1.2331e-09
1.37829e-11
1.51343e-13
1.61901e-15
1.67658e-17
1.67227e-19
1.60018e-21
1.4645e-23
1.27901e-25
1.0643e-27
8.43036e-30
6.35385e-32
4.55459e-34
3.07933e-36
1.84167e-38
0
0
0
0
0
0
0
0
0
0
0
0
0
0
0
0
0
0
0
0
0
0
0
0
0
0
0
0
0
0
0
0
0
0
0
0
0
0
0
0
0
0
0
0
0
0
0
0
0
0
0
0
0
0
0
0
0
0
0
0
0
0
0
0
0
0
0
0
0
0
0
0
0
0
0
0
0
0
0
0
0
0
0
0
0
0
0
0
0
0
0
0
0
0
0
0
0
0
0
0
0
0
0
0
0
0
0
0
0
0
0
0
0
0
0
0
0
0
0
0
0
0
0
0
0
0
0
0
0
0
0
0
0
0
0
0
0
0
0
0
0
0
0
0
0
0
0
0
