3.59985e+07
1430.59
11.3966
0.114
0.00125611
1.44689e-05
1.69102e-07
1.96199e-09
2.22288e-11
2.43027e-13
2.54392e-15
2.53773e-17
2.40689e-19
2.16857e-21
1.85623e-23
1.51039e-25
1.16925e-27
8.61971e-30
6.05671e-32
4.05717e-34
2.54246e-36
1.10022e-38
0
0
0
0
0
0
0
0
0
0
0
0
0
0
0
0
0
0
0
0
0
0
0
0
0
0
0
0
0
0
0
0
0
0
0
0
0
0
0
0
0
0
0
0
0
0
0
0
0
0
0
0
0
0
0
0
0
0
0
0
0
0
0
0
0
0
0
0
0
0
0
0
0
0
0
0
0
0
0
0
0
0
0
0
0
0
0
0
0
0
0
0
0
0
0
0
0
0
0
0
0
0
0
0
0
0
0
0
0
0
0
0
0
0
0
0
0
0
0
0
0
0
0
0
0
0
0
0
0
0
0
0
0
0
0
0
0
0
0
0
0
0
0
0
0
0
0
0
