3.59983e+07
1586.37
14.02
0.15702
0.00195244
2.56715e-05
3.49203e-07
4.8639e-09
6.89721e-11
9.88739e-13
1.41676e-14
2.00003e-16
2.74217e-18
3.60953e-20
4.52543e-22
5.37872e-24
6.04685e-26
6.42573e-28
6.45676e-30
6.14076e-32
5.53357e-34
4.71541e-36
3.63413e-38
0
0
0
0
0
0
0
0
0
0
0
0
0
0
0
0
0
0
0
0
0
0
0
0
0
0
0
0
0
0
0
0
0
0
0
0
0
0
0
0
0
0
0
0
0
0
0
0
0
0
0
0
0
0
0
0
0
0
0
0
0
0
0
0
0
0
0
0
0
0
0
0
0
0
0
0
0
0
0
0
0
0
0
0
0
0
0
0
0
0
0
0
0
0
0
0
0
0
0
0
0
0
0
0
0
0
0
0
0
0
0
0
0
0
0
0
0
0
0
0
0
0
0
0
0
0
0
0
0
0
0
0
0
0
0
0
0
0
0
0
0
0
0
0
0
0
0
