3.59985e+07
1408.28
11.0527
0.109343
0.00120222
1.39817e-05
1.66599e-07
1.97869e-09
2.28959e-11
2.53829e-13
2.66701e-15
2.63956e-17
2.45363e-19
2.14047e-21
1.75327e-23
1.35011e-25
9.7901e-28
6.69736e-30
4.33049e-32
2.64877e-34
1.48772e-36
0
0
0
0
0
0
0
0
0
0
0
0
0
0
0
0
0
0
0
0
0
0
0
0
0
0
0
0
0
0
0
0
0
0
0
0
0
0
0
0
0
0
0
0
0
0
0
0
0
0
0
0
0
0
0
0
0
0
0
0
0
0
0
0
0
0
0
0
0
0
0
0
0
0
0
0
0
0
0
0
0
0
0
0
0
0
0
0
0
0
0
0
0
0
0
0
0
0
0
0
0
0
0
0
0
0
0
0
0
0
0
0
0
0
0
0
0
0
0
0
0
0
0
0
0
0
0
0
0
0
0
0
0
0
0
0
0
0
0
0
0
0
0
0
0
0
0
0
0
