3.59988e+07
1133.5
7.20259
0.0572884
0.00050539
4.69633e-06
4.45254e-08
4.20124e-10
3.87108e-12
3.43661e-14
2.91347e-16
2.34578e-18
1.78822e-20
1.28874e-22
8.77695e-25
5.65054e-27
3.44135e-29
1.98477e-31
1.08479e-33
5.54388e-36
1.77077e-38
0
0
0
0
0
0
0
0
0
0
0
0
0
0
0
0
0
0
0
0
0
0
0
0
0
0
0
0
0
0
0
0
0
0
0
0
0
0
0
0
0
0
0
0
0
0
0
0
0
0
0
0
0
0
0
0
0
0
0
0
0
0
0
0
0
0
0
0
0
0
0
0
0
0
0
0
0
0
0
0
0
0
0
0
0
0
0
0
0
0
0
0
0
0
0
0
0
0
0
0
0
0
0
0
0
0
0
0
0
0
0
0
0
0
0
0
0
0
0
0
0
0
0
0
0
0
0
0
0
0
0
0
0
0
0
0
0
0
0
0
0
0
0
0
0
0
0
0
0
