3.59985e+07
1462.76
11.9386
0.123517
0.00143023
1.77471e-05
2.31149e-07
3.10754e-09
4.23224e-11
5.72187e-13
7.53725e-15
9.53424e-17
1.14687e-18
1.30441e-20
1.39887e-22
1.41332e-24
1.34577e-26
1.20902e-28
1.02627e-30
8.24427e-33
6.27065e-35
4.46463e-37
0
0
0
0
0
0
0
0
0
0
0
0
0
0
0
0
0
0
0
0
0
0
0
0
0
0
0
0
0
0
0
0
0
0
0
0
0
0
0
0
0
0
0
0
0
0
0
0
0
0
0
0
0
0
0
0
0
0
0
0
0
0
0
0
0
0
0
0
0
0
0
0
0
0
0
0
0
0
0
0
0
0
0
0
0
0
0
0
0
0
0
0
0
0
0
0
0
0
0
0
0
0
0
0
0
0
0
0
0
0
0
0
0
0
0
0
0
0
0
0
0
0
0
0
0
0
0
0
0
0
0
0
0
0
0
0
0
0
0
0
0
0
0
0
0
0
0
0
