3.59988e+07
1142.56
7.29498
0.0580722
0.000511822
4.79935e-06
4.72397e-08
4.83253e-10
5.05557e-12
5.28887e-14
5.40869e-16
5.3111e-18
4.94971e-20
4.35004e-22
3.59514e-24
2.79264e-26
2.04038e-28
1.40419e-30
9.11798e-33
5.58998e-35
3.16693e-37
0
0
0
0
0
0
0
0
0
0
0
0
0
0
0
0
0
0
0
0
0
0
0
0
0
0
0
0
0
0
0
0
0
0
0
0
0
0
0
0
0
0
0
0
0
0
0
0
0
0
0
0
0
0
0
0
0
0
0
0
0
0
0
0
0
0
0
0
0
0
0
0
0
0
0
0
0
0
0
0
0
0
0
0
0
0
0
0
0
0
0
0
0
0
0
0
0
0
0
0
0
0
0
0
0
0
0
0
0
0
0
0
0
0
0
0
0
0
0
0
0
0
0
0
0
0
0
0
0
0
0
0
0
0
0
0
0
0
0
0
0
0
0
0
0
0
0
0
0
