3.59983e+07
1672.68
15.6087
0.185447
0.00247205
3.56656e-05
5.55959e-07
9.48041e-09
1.77194e-10
3.53415e-12
7.19061e-14
1.43288e-15
2.72425e-17
4.87574e-19
8.16981e-21
1.2801e-22
1.87733e-24
2.58186e-26
3.33744e-28
4.0646e-30
4.67482e-32
5.08848e-34
5.24913e-36
5.15116e-38
0
0
0
0
0
0
0
0
0
0
0
0
0
0
0
0
0
0
0
0
0
0
0
0
0
0
0
0
0
0
0
0
0
0
0
0
0
0
0
0
0
0
0
0
0
0
0
0
0
0
0
0
0
0
0
0
0
0
0
0
0
0
0
0
0
0
0
0
0
0
0
0
0
0
0
0
0
0
0
0
0
0
0
0
0
0
0
0
0
0
0
0
0
0
0
0
0
0
0
0
0
0
0
0
0
0
0
0
0
0
0
0
0
0
0
0
0
0
0
0
0
0
0
0
0
0
0
0
0
0
0
0
0
0
0
0
0
0
0
0
0
0
0
0
0
0
