3.59982e+07
1722.39
16.4754
0.199495
0.00267412
3.7803e-05
5.51173e-07
8.19646e-09
1.2365e-10
1.8843e-12
2.88023e-14
4.367e-16
6.48047e-18
9.29385e-20
1.27544e-21
1.66391e-23
2.05577e-25
2.40148e-27
2.65176e-29
2.76952e-31
2.7388e-33
2.56449e-35
2.26479e-37
0
0
0
0
0
0
0
0
0
0
0
0
0
0
0
0
0
0
0
0
0
0
0
0
0
0
0
0
0
0
0
0
0
0
0
0
0
0
0
0
0
0
0
0
0
0
0
0
0
0
0
0
0
0
0
0
0
0
0
0
0
0
0
0
0
0
0
0
0
0
0
0
0
0
0
0
0
0
0
0
0
0
0
0
0
0
0
0
0
0
0
0
0
0
0
0
0
0
0
0
0
0
0
0
0
0
0
0
0
0
0
0
0
0
0
0
0
0
0
0
0
0
0
0
0
0
0
0
0
0
0
0
0
0
0
0
0
0
0
0
0
0
0
0
0
0
0
