3.59988e+07
1117.48
6.99717
0.0547273
0.000474172
4.34399e-06
4.11819e-08
3.987e-10
3.89766e-12
3.80003e-14
3.64547e-16
3.39764e-18
3.04478e-20
2.60417e-22
2.11578e-24
1.62873e-26
1.1867e-28
8.18321e-31
5.34341e-33
3.30122e-35
1.80873e-37
0
0
0
0
0
0
0
0
0
0
0
0
0
0
0
0
0
0
0
0
0
0
0
0
0
0
0
0
0
0
0
0
0
0
0
0
0
0
0
0
0
0
0
0
0
0
0
0
0
0
0
0
0
0
0
0
0
0
0
0
0
0
0
0
0
0
0
0
0
0
0
0
0
0
0
0
0
0
0
0
0
0
0
0
0
0
0
0
0
0
0
0
0
0
0
0
0
0
0
0
0
0
0
0
0
0
0
0
0
0
0
0
0
0
0
0
0
0
0
0
0
0
0
0
0
0
0
0
0
0
0
0
0
0
0
0
0
0
0
0
0
0
0
0
0
0
0
0
0
