3.59986e+07
1306.7
9.53582
0.0879171
0.000910308
1.01845e-05
1.2116e-07
1.51326e-09
1.95182e-11
2.54515e-13
3.28104e-15
4.1018e-17
4.904e-19
5.55827e-21
5.94418e-23
5.98611e-25
5.67525e-27
5.06916e-29
4.27137e-31
3.40055e-33
2.55846e-35
1.78447e-37
0
0
0
0
0
0
0
0
0
0
0
0
0
0
0
0
0
0
0
0
0
0
0
0
0
0
0
0
0
0
0
0
0
0
0
0
0
0
0
0
0
0
0
0
0
0
0
0
0
0
0
0
0
0
0
0
0
0
0
0
0
0
0
0
0
0
0
0
0
0
0
0
0
0
0
0
0
0
0
0
0
0
0
0
0
0
0
0
0
0
0
0
0
0
0
0
0
0
0
0
0
0
0
0
0
0
0
0
0
0
0
0
0
0
0
0
0
0
0
0
0
0
0
0
0
0
0
0
0
0
0
0
0
0
0
0
0
0
0
0
0
0
0
0
0
0
0
0
