3.59983e+07
1608.95
14.4462
0.164676
0.00208335
2.77796e-05
3.80237e-07
5.24905e-09
7.20441e-11
9.70955e-13
1.27146e-14
1.60425e-16
1.93835e-18
2.23323e-20
2.44687e-22
2.54573e-24
2.51344e-26
2.35497e-28
2.09483e-30
1.77043e-32
1.42158e-34
1.07064e-36
5.71578e-39
0
0
0
0
0
0
0
0
0
0
0
0
0
0
0
0
0
0
0
0
0
0
0
0
0
0
0
0
0
0
0
0
0
0
0
0
0
0
0
0
0
0
0
0
0
0
0
0
0
0
0
0
0
0
0
0
0
0
0
0
0
0
0
0
0
0
0
0
0
0
0
0
0
0
0
0
0
0
0
0
0
0
0
0
0
0
0
0
0
0
0
0
0
0
0
0
0
0
0
0
0
0
0
0
0
0
0
0
0
0
0
0
0
0
0
0
0
0
0
0
0
0
0
0
0
0
0
0
0
0
0
0
0
0
0
0
0
0
0
0
0
0
0
0
0
0
0
