3.59988e+07
1163.21
7.56081
0.0613006
0.000551127
5.27107e-06
5.24969e-08
5.3412e-10
5.44476e-12
5.46212e-14
5.3142e-16
4.96113e-18
4.41293e-20
3.72415e-22
2.97512e-24
2.24791e-26
1.6064e-28
1.08637e-30
6.95856e-33
4.21855e-35
2.28479e-37
0
0
0
0
0
0
0
0
0
0
0
0
0
0
0
0
0
0
0
0
0
0
0
0
0
0
0
0
0
0
0
0
0
0
0
0
0
0
0
0
0
0
0
0
0
0
0
0
0
0
0
0
0
0
0
0
0
0
0
0
0
0
0
0
0
0
0
0
0
0
0
0
0
0
0
0
0
0
0
0
0
0
0
0
0
0
0
0
0
0
0
0
0
0
0
0
0
0
0
0
0
0
0
0
0
0
0
0
0
0
0
0
0
0
0
0
0
0
0
0
0
0
0
0
0
0
0
0
0
0
0
0
0
0
0
0
0
0
0
0
0
0
0
0
0
0
0
0
0
