3.59988e+07
1179.19
7.77825
0.0642253
0.000587777
5.68711e-06
5.67206e-08
5.71593e-10
5.71639e-12
5.58399e-14
5.25927e-16
4.73052e-18
4.03768e-20
3.25819e-22
2.48133e-24
1.78273e-26
1.20892e-28
7.74599e-31
4.69526e-33
2.68701e-35
1.29477e-37
0
0
0
0
0
0
0
0
0
0
0
0
0
0
0
0
0
0
0
0
0
0
0
0
0
0
0
0
0
0
0
0
0
0
0
0
0
0
0
0
0
0
0
0
0
0
0
0
0
0
0
0
0
0
0
0
0
0
0
0
0
0
0
0
0
0
0
0
0
0
0
0
0
0
0
0
0
0
0
0
0
0
0
0
0
0
0
0
0
0
0
0
0
0
0
0
0
0
0
0
0
0
0
0
0
0
0
0
0
0
0
0
0
0
0
0
0
0
0
0
0
0
0
0
0
0
0
0
0
0
0
0
0
0
0
0
0
0
0
0
0
0
0
0
0
0
0
0
0
