3.59987e+07
1273.43
9.07682
0.08121
0.000803037
8.33802e-06
8.82865e-08
9.32148e-10
9.63634e-12
9.6174e-14
9.17481e-16
8.31332e-18
7.12938e-20
5.77748e-22
4.42299e-24
3.20053e-26
2.1913e-28
1.4214e-30
8.74661e-33
5.09858e-35
2.54081e-37
0
0
0
0
0
0
0
0
0
0
0
0
0
0
0
0
0
0
0
0
0
0
0
0
0
0
0
0
0
0
0
0
0
0
0
0
0
0
0
0
0
0
0
0
0
0
0
0
0
0
0
0
0
0
0
0
0
0
0
0
0
0
0
0
0
0
0
0
0
0
0
0
0
0
0
0
0
0
0
0
0
0
0
0
0
0
0
0
0
0
0
0
0
0
0
0
0
0
0
0
0
0
0
0
0
0
0
0
0
0
0
0
0
0
0
0
0
0
0
0
0
0
0
0
0
0
0
0
0
0
0
0
0
0
0
0
0
0
0
0
0
0
0
0
0
0
0
0
0
