3.59987e+07
1234.21
8.50357
0.0734054
0.000701653
7.05778e-06
7.24865e-08
7.42978e-10
7.46838e-12
7.26896e-14
6.79064e-16
6.05433e-18
5.13354e-20
4.1314e-22
3.15276e-24
2.28083e-26
1.56462e-28
1.01834e-30
6.29286e-33
3.68271e-35
1.88717e-37
0
0
0
0
0
0
0
0
0
0
0
0
0
0
0
0
0
0
0
0
0
0
0
0
0
0
0
0
0
0
0
0
0
0
0
0
0
0
0
0
0
0
0
0
0
0
0
0
0
0
0
0
0
0
0
0
0
0
0
0
0
0
0
0
0
0
0
0
0
0
0
0
0
0
0
0
0
0
0
0
0
0
0
0
0
0
0
0
0
0
0
0
0
0
0
0
0
0
0
0
0
0
0
0
0
0
0
0
0
0
0
0
0
0
0
0
0
0
0
0
0
0
0
0
0
0
0
0
0
0
0
0
0
0
0
0
0
0
0
0
0
0
0
0
0
0
0
0
0
