3.59987e+07
1202.93
8.09832
0.0683812
0.000641421
6.36599e-06
6.49547e-08
6.65872e-10
6.72881e-12
6.60298e-14
6.22315e-16
5.59088e-18
4.76536e-20
3.84326e-22
2.92931e-24
2.10962e-26
1.43616e-28
9.24974e-31
5.6417e-33
3.25193e-35
1.5691e-37
0
0
0
0
0
0
0
0
0
0
0
0
0
0
0
0
0
0
0
0
0
0
0
0
0
0
0
0
0
0
0
0
0
0
0
0
0
0
0
0
0
0
0
0
0
0
0
0
0
0
0
0
0
0
0
0
0
0
0
0
0
0
0
0
0
0
0
0
0
0
0
0
0
0
0
0
0
0
0
0
0
0
0
0
0
0
0
0
0
0
0
0
0
0
0
0
0
0
0
0
0
0
0
0
0
0
0
0
0
0
0
0
0
0
0
0
0
0
0
0
0
0
0
0
0
0
0
0
0
0
0
0
0
0
0
0
0
0
0
0
0
0
0
0
0
0
0
0
0
