3.59983e+07
1629.77
14.7872
0.170853
0.00221777
3.11628e-05
4.70213e-07
7.5911e-09
1.29085e-10
2.24429e-12
3.85984e-14
6.39771e-16
1.00543e-17
1.48543e-19
2.05602e-21
2.66468e-23
3.23697e-25
3.69217e-27
3.96265e-29
4.01058e-31
3.83596e-33
3.47241e-35
2.9639e-37
0
0
0
0
0
0
0
0
0
0
0
0
0
0
0
0
0
0
0
0
0
0
0
0
0
0
0
0
0
0
0
0
0
0
0
0
0
0
0
0
0
0
0
0
0
0
0
0
0
0
0
0
0
0
0
0
0
0
0
0
0
0
0
0
0
0
0
0
0
0
0
0
0
0
0
0
0
0
0
0
0
0
0
0
0
0
0
0
0
0
0
0
0
0
0
0
0
0
0
0
0
0
0
0
0
0
0
0
0
0
0
0
0
0
0
0
0
0
0
0
0
0
0
0
0
0
0
0
0
0
0
0
0
0
0
0
0
0
0
0
0
0
0
0
0
0
0
