3.59983e+07
1707.95
16.2428
0.196618
0.00264987
3.77431e-05
5.51861e-07
8.11411e-09
1.18078e-10
1.6799e-12
2.31529e-14
3.07096e-16
3.90211e-18
4.73517e-20
5.47658e-22
6.02963e-24
6.31551e-26
6.29194e-28
5.96334e-30
5.37909e-32
4.61907e-34
3.74759e-36
2.40445e-38
0
0
0
0
0
0
0
0
0
0
0
0
0
0
0
0
0
0
0
0
0
0
0
0
0
0
0
0
0
0
0
0
0
0
0
0
0
0
0
0
0
0
0
0
0
0
0
0
0
0
0
0
0
0
0
0
0
0
0
0
0
0
0
0
0
0
0
0
0
0
0
0
0
0
0
0
0
0
0
0
0
0
0
0
0
0
0
0
0
0
0
0
0
0
0
0
0
0
0
0
0
0
0
0
0
0
0
0
0
0
0
0
0
0
0
0
0
0
0
0
0
0
0
0
0
0
0
0
0
0
0
0
0
0
0
0
0
0
0
0
0
0
0
0
0
0
0
