3.59988e+07
1182.17
7.81433
0.0646324
0.000591212
5.68907e-06
5.60929e-08
5.56882e-10
5.49569e-12
5.33458e-14
5.04581e-16
4.612e-18
4.04494e-20
3.38539e-22
2.69335e-24
2.032e-26
1.45204e-28
9.82497e-31
6.29651e-33
3.81672e-35
2.13761e-37
0
0
0
0
0
0
0
0
0
0
0
0
0
0
0
0
0
0
0
0
0
0
0
0
0
0
0
0
0
0
0
0
0
0
0
0
0
0
0
0
0
0
0
0
0
0
0
0
0
0
0
0
0
0
0
0
0
0
0
0
0
0
0
0
0
0
0
0
0
0
0
0
0
0
0
0
0
0
0
0
0
0
0
0
0
0
0
0
0
0
0
0
0
0
0
0
0
0
0
0
0
0
0
0
0
0
0
0
0
0
0
0
0
0
0
0
0
0
0
0
0
0
0
0
0
0
0
0
0
0
0
0
0
0
0
0
0
0
0
0
0
0
0
0
0
0
0
0
0
