3.59983e+07
1669.6
15.5711
0.18548
0.00246808
3.47698e-05
5.02809e-07
7.29465e-09
1.04227e-10
1.44547e-12
1.92527e-14
2.4456e-16
2.95054e-18
3.37412e-20
3.65509e-22
3.75178e-24
3.65203e-26
3.375e-28
2.96478e-30
2.47885e-32
1.97368e-34
1.47428e-36
7.6776e-39
0
0
0
0
0
0
0
0
0
0
0
0
0
0
0
0
0
0
0
0
0
0
0
0
0
0
0
0
0
0
0
0
0
0
0
0
0
0
0
0
0
0
0
0
0
0
0
0
0
0
0
0
0
0
0
0
0
0
0
0
0
0
0
0
0
0
0
0
0
0
0
0
0
0
0
0
0
0
0
0
0
0
0
0
0
0
0
0
0
0
0
0
0
0
0
0
0
0
0
0
0
0
0
0
0
0
0
0
0
0
0
0
0
0
0
0
0
0
0
0
0
0
0
0
0
0
0
0
0
0
0
0
0
0
0
0
0
0
0
0
0
0
0
0
0
0
0
