3.59987e+07
1259
8.86178
0.0781817
0.000763701
7.86928e-06
8.31317e-08
8.79174e-10
9.11777e-12
9.12113e-14
8.69803e-16
7.84711e-18
6.66915e-20
5.32946e-22
4.00325e-24
2.82853e-26
1.88229e-28
1.18165e-30
7.00945e-33
3.92226e-35
1.86321e-37
0
0
0
0
0
0
0
0
0
0
0
0
0
0
0
0
0
0
0
0
0
0
0
0
0
0
0
0
0
0
0
0
0
0
0
0
0
0
0
0
0
0
0
0
0
0
0
0
0
0
0
0
0
0
0
0
0
0
0
0
0
0
0
0
0
0
0
0
0
0
0
0
0
0
0
0
0
0
0
0
0
0
0
0
0
0
0
0
0
0
0
0
0
0
0
0
0
0
0
0
0
0
0
0
0
0
0
0
0
0
0
0
0
0
0
0
0
0
0
0
0
0
0
0
0
0
0
0
0
0
0
0
0
0
0
0
0
0
0
0
0
0
0
0
0
0
0
0
0
