3.59986e+07
1395.45
10.868
0.106986
0.00117232
1.35945e-05
1.61968e-07
1.93667e-09
2.27838e-11
2.59559e-13
2.83026e-15
2.93125e-17
2.87046e-19
2.65186e-21
2.30968e-23
1.89713e-25
1.47092e-27
1.07793e-29
7.47709e-32
4.9145e-34
3.0155e-36
9.19562e-39
0
0
0
0
0
0
0
0
0
0
0
0
0
0
0
0
0
0
0
0
0
0
0
0
0
0
0
0
0
0
0
0
0
0
0
0
0
0
0
0
0
0
0
0
0
0
0
0
0
0
0
0
0
0
0
0
0
0
0
0
0
0
0
0
0
0
0
0
0
0
0
0
0
0
0
0
0
0
0
0
0
0
0
0
0
0
0
0
0
0
0
0
0
0
0
0
0
0
0
0
0
0
0
0
0
0
0
0
0
0
0
0
0
0
0
0
0
0
0
0
0
0
0
0
0
0
0
0
0
0
0
0
0
0
0
0
0
0
0
0
0
0
0
0
0
0
0
0
