3.59987e+07
1220.21
8.32214
0.0711519
0.000673884
6.72797e-06
6.88403e-08
7.06003e-10
7.1214e-12
6.95774e-14
6.51013e-16
5.78928e-18
4.87072e-20
3.86792e-22
2.89687e-24
2.04661e-26
1.36506e-28
8.60583e-31
5.13454e-33
2.89367e-35
1.37249e-37
0
0
0
0
0
0
0
0
0
0
0
0
0
0
0
0
0
0
0
0
0
0
0
0
0
0
0
0
0
0
0
0
0
0
0
0
0
0
0
0
0
0
0
0
0
0
0
0
0
0
0
0
0
0
0
0
0
0
0
0
0
0
0
0
0
0
0
0
0
0
0
0
0
0
0
0
0
0
0
0
0
0
0
0
0
0
0
0
0
0
0
0
0
0
0
0
0
0
0
0
0
0
0
0
0
0
0
0
0
0
0
0
0
0
0
0
0
0
0
0
0
0
0
0
0
0
0
0
0
0
0
0
0
0
0
0
0
0
0
0
0
0
0
0
0
0
0
0
0
