3.59984e+07
1585
13.9744
0.155536
0.0019089
2.4507e-05
3.20682e-07
4.21705e-09
5.52739e-11
7.1773e-13
9.17703e-15
1.14777e-16
1.39444e-18
1.63486e-20
1.83932e-22
1.97721e-24
2.02468e-26
1.97145e-28
1.82369e-30
1.60246e-32
1.33702e-34
1.04697e-36
7.6776e-39
0
0
0
0
0
0
0
0
0
0
0
0
0
0
0
0
0
0
0
0
0
0
0
0
0
0
0
0
0
0
0
0
0
0
0
0
0
0
0
0
0
0
0
0
0
0
0
0
0
0
0
0
0
0
0
0
0
0
0
0
0
0
0
0
0
0
0
0
0
0
0
0
0
0
0
0
0
0
0
0
0
0
0
0
0
0
0
0
0
0
0
0
0
0
0
0
0
0
0
0
0
0
0
0
0
0
0
0
0
0
0
0
0
0
0
0
0
0
0
0
0
0
0
0
0
0
0
0
0
0
0
0
0
0
0
0
0
0
0
0
0
0
0
0
0
0
0
