3.59983e+07
1676.83
15.6588
0.185829
0.00245245
3.4095e-05
4.82498e-07
6.76875e-09
9.22661e-11
1.20512e-12
1.49483e-14
1.7517e-16
1.93424e-18
2.01076e-20
1.96837e-22
1.81607e-24
1.58124e-26
1.30121e-28
1.0136e-30
7.48553e-33
5.23143e-35
3.09483e-37
0
0
0
0
0
0
0
0
0
0
0
0
0
0
0
0
0
0
0
0
0
0
0
0
0
0
0
0
0
0
0
0
0
0
0
0
0
0
0
0
0
0
0
0
0
0
0
0
0
0
0
0
0
0
0
0
0
0
0
0
0
0
0
0
0
0
0
0
0
0
0
0
0
0
0
0
0
0
0
0
0
0
0
0
0
0
0
0
0
0
0
0
0
0
0
0
0
0
0
0
0
0
0
0
0
0
0
0
0
0
0
0
0
0
0
0
0
0
0
0
0
0
0
0
0
0
0
0
0
0
0
0
0
0
0
0
0
0
0
0
0
0
0
0
0
0
0
0
