3.59983e+07
1659.75
15.3026
0.178008
0.00227612
3.03078e-05
4.08617e-07
5.4824e-09
7.23707e-11
9.32433e-13
1.16559e-14
1.40703e-16
1.63394e-18
1.81969e-20
1.93871e-22
1.97236e-24
1.91364e-26
1.76932e-28
1.55841e-30
1.30766e-32
1.04421e-34
7.73057e-37
4.92434e-39
0
0
0
0
0
0
0
0
0
0
0
0
0
0
0
0
0
0
0
0
0
0
0
0
0
0
0
0
0
0
0
0
0
0
0
0
0
0
0
0
0
0
0
0
0
0
0
0
0
0
0
0
0
0
0
0
0
0
0
0
0
0
0
0
0
0
0
0
0
0
0
0
0
0
0
0
0
0
0
0
0
0
0
0
0
0
0
0
0
0
0
0
0
0
0
0
0
0
0
0
0
0
0
0
0
0
0
0
0
0
0
0
0
0
0
0
0
0
0
0
0
0
0
0
0
0
0
0
0
0
0
0
0
0
0
0
0
0
0
0
0
0
0
0
0
0
0
