3.59983e+07
1612.92
14.4618
0.164227
0.00206826
2.73794e-05
3.68931e-07
4.9403e-09
6.45428e-11
8.11531e-13
9.72769e-15
1.10488e-16
1.18498e-18
1.19804e-20
1.14139e-22
1.0252e-24
8.69004e-27
6.96052e-29
5.27607e-31
3.7901e-33
2.57165e-35
1.46741e-37
0
0
0
0
0
0
0
0
0
0
0
0
0
0
0
0
0
0
0
0
0
0
0
0
0
0
0
0
0
0
0
0
0
0
0
0
0
0
0
0
0
0
0
0
0
0
0
0
0
0
0
0
0
0
0
0
0
0
0
0
0
0
0
0
0
0
0
0
0
0
0
0
0
0
0
0
0
0
0
0
0
0
0
0
0
0
0
0
0
0
0
0
0
0
0
0
0
0
0
0
0
0
0
0
0
0
0
0
0
0
0
0
0
0
0
0
0
0
0
0
0
0
0
0
0
0
0
0
0
0
0
0
0
0
0
0
0
0
0
0
0
0
0
0
0
0
0
0
