3.59987e+07
1212.65
8.20062
0.0692858
0.000647404
6.37786e-06
6.46625e-08
6.65153e-10
6.88158e-12
7.11118e-14
7.28255e-16
7.32218e-18
7.15675e-20
6.73938e-22
6.07173e-24
5.20826e-26
4.24133e-28
3.27437e-30
2.39559e-32
1.66047e-34
1.07912e-36
6.487e-39
0
0
0
0
0
0
0
0
0
0
0
0
0
0
0
0
0
0
0
0
0
0
0
0
0
0
0
0
0
0
0
0
0
0
0
0
0
0
0
0
0
0
0
0
0
0
0
0
0
0
0
0
0
0
0
0
0
0
0
0
0
0
0
0
0
0
0
0
0
0
0
0
0
0
0
0
0
0
0
0
0
0
0
0
0
0
0
0
0
0
0
0
0
0
0
0
0
0
0
0
0
0
0
0
0
0
0
0
0
0
0
0
0
0
0
0
0
0
0
0
0
0
0
0
0
0
0
0
0
0
0
0
0
0
0
0
0
0
0
0
0
0
0
0
0
0
0
0
