3.59988e+07
1174.38
7.71136
0.0634026
0.000579251
5.63152e-06
5.72997e-08
6.06888e-10
6.67858e-12
7.58552e-14
8.75286e-16
1.00399e-17
1.12097e-19
1.19905e-21
1.21652e-23
1.16453e-25
1.04963e-27
8.90623e-30
7.12093e-32
5.37198e-34
3.81255e-36
2.57831e-38
0
0
0
0
0
0
0
0
0
0
0
0
0
0
0
0
0
0
0
0
0
0
0
0
0
0
0
0
0
0
0
0
0
0
0
0
0
0
0
0
0
0
0
0
0
0
0
0
0
0
0
0
0
0
0
0
0
0
0
0
0
0
0
0
0
0
0
0
0
0
0
0
0
0
0
0
0
0
0
0
0
0
0
0
0
0
0
0
0
0
0
0
0
0
0
0
0
0
0
0
0
0
0
0
0
0
0
0
0
0
0
0
0
0
0
0
0
0
0
0
0
0
0
0
0
0
0
0
0
0
0
0
0
0
0
0
0
0
0
0
0
0
0
0
0
0
0
0
