3.59989e+07
1085.46
6.60545
0.0501863
0.000423453
3.78911e-06
3.5075e-08
3.29107e-10
3.07057e-12
2.79977e-14
2.4602e-16
2.0626e-18
1.63949e-20
1.23128e-22
8.72478e-25
5.83281e-27
3.68188e-29
2.19724e-31
1.24116e-33
6.59421e-36
2.07328e-38
0
0
0
0
0
0
0
0
0
0
0
0
0
0
0
0
0
0
0
0
0
0
0
0
0
0
0
0
0
0
0
0
0
0
0
0
0
0
0
0
0
0
0
0
0
0
0
0
0
0
0
0
0
0
0
0
0
0
0
0
0
0
0
0
0
0
0
0
0
0
0
0
0
0
0
0
0
0
0
0
0
0
0
0
0
0
0
0
0
0
0
0
0
0
0
0
0
0
0
0
0
0
0
0
0
0
0
0
0
0
0
0
0
0
0
0
0
0
0
0
0
0
0
0
0
0
0
0
0
0
0
0
0
0
0
0
0
0
0
0
0
0
0
0
0
0
0
0
0
