3.59989e+07
1084.83
6.6002
0.0502118
0.000426244
3.87953e-06
3.72421e-08
3.72564e-10
3.83e-12
3.9764e-14
4.09193e-16
4.10268e-18
3.95419e-20
3.62947e-22
3.15465e-24
2.58879e-26
2.00361e-28
1.46273e-30
1.00814e-32
6.56326e-35
3.98979e-37
0
0
0
0
0
0
0
0
0
0
0
0
0
0
0
0
0
0
0
0
0
0
0
0
0
0
0
0
0
0
0
0
0
0
0
0
0
0
0
0
0
0
0
0
0
0
0
0
0
0
0
0
0
0
0
0
0
0
0
0
0
0
0
0
0
0
0
0
0
0
0
0
0
0
0
0
0
0
0
0
0
0
0
0
0
0
0
0
0
0
0
0
0
0
0
0
0
0
0
0
0
0
0
0
0
0
0
0
0
0
0
0
0
0
0
0
0
0
0
0
0
0
0
0
0
0
0
0
0
0
0
0
0
0
0
0
0
0
0
0
0
0
0
0
0
0
0
0
0
