3.59989e+07
1098.57
6.76272
0.0519548
0.000442356
3.98105e-06
3.68774e-08
3.43967e-10
3.16748e-12
2.83238e-14
2.42861e-16
1.97967e-18
1.5261e-20
1.1096e-22
7.6021e-25
4.90892e-27
2.9904e-29
1.72083e-31
9.36469e-34
4.77332e-36
1.13677e-38
0
0
0
0
0
0
0
0
0
0
0
0
0
0
0
0
0
0
0
0
0
0
0
0
0
0
0
0
0
0
0
0
0
0
0
0
0
0
0
0
0
0
0
0
0
0
0
0
0
0
0
0
0
0
0
0
0
0
0
0
0
0
0
0
0
0
0
0
0
0
0
0
0
0
0
0
0
0
0
0
0
0
0
0
0
0
0
0
0
0
0
0
0
0
0
0
0
0
0
0
0
0
0
0
0
0
0
0
0
0
0
0
0
0
0
0
0
0
0
0
0
0
0
0
0
0
0
0
0
0
0
0
0
0
0
0
0
0
0
0
0
0
0
0
0
0
0
0
0
