3.59989e+07
1098.13
6.75245
0.051662
0.00043455
3.80812e-06
3.37201e-08
2.95308e-10
2.5188e-12
2.07006e-14
1.62761e-16
1.21898e-18
8.67527e-21
5.86074e-23
3.75767e-25
2.28728e-27
1.32258e-29
7.27024e-32
3.79798e-34
1.83493e-36
4.44725e-39
0
0
0
0
0
0
0
0
0
0
0
0
0
0
0
0
0
0
0
0
0
0
0
0
0
0
0
0
0
0
0
0
0
0
0
0
0
0
0
0
0
0
0
0
0
0
0
0
0
0
0
0
0
0
0
0
0
0
0
0
0
0
0
0
0
0
0
0
0
0
0
0
0
0
0
0
0
0
0
0
0
0
0
0
0
0
0
0
0
0
0
0
0
0
0
0
0
0
0
0
0
0
0
0
0
0
0
0
0
0
0
0
0
0
0
0
0
0
0
0
0
0
0
0
0
0
0
0
0
0
0
0
0
0
0
0
0
0
0
0
0
0
0
0
0
0
0
0
0
