3.59989e+07
1110.11
6.90496
0.0536121
0.00046341
4.30477e-06
4.25147e-08
4.41322e-10
4.71781e-12
5.0617e-14
5.32288e-16
5.39234e-18
5.20603e-20
4.76199e-22
4.11578e-24
3.35869e-26
2.58871e-28
1.88625e-30
1.30091e-32
8.49951e-35
5.18725e-37
0
0
0
0
0
0
0
0
0
0
0
0
0
0
0
0
0
0
0
0
0
0
0
0
0
0
0
0
0
0
0
0
0
0
0
0
0
0
0
0
0
0
0
0
0
0
0
0
0
0
0
0
0
0
0
0
0
0
0
0
0
0
0
0
0
0
0
0
0
0
0
0
0
0
0
0
0
0
0
0
0
0
0
0
0
0
0
0
0
0
0
0
0
0
0
0
0
0
0
0
0
0
0
0
0
0
0
0
0
0
0
0
0
0
0
0
0
0
0
0
0
0
0
0
0
0
0
0
0
0
0
0
0
0
0
0
0
0
0
0
0
0
0
0
0
0
0
0
0
