3.59984e+07
1524.34
12.9552
0.139861
0.00168884
2.17341e-05
2.90023e-07
3.92485e-09
5.27934e-11
6.93634e-13
8.78182e-15
1.06135e-16
1.21743e-18
1.32127e-20
1.35505e-22
1.31311e-24
1.20307e-26
1.04322e-28
8.57223e-31
6.68356e-33
4.94194e-35
3.29386e-37
0
0
0
0
0
0
0
0
0
0
0
0
0
0
0
0
0
0
0
0
0
0
0
0
0
0
0
0
0
0
0
0
0
0
0
0
0
0
0
0
0
0
0
0
0
0
0
0
0
0
0
0
0
0
0
0
0
0
0
0
0
0
0
0
0
0
0
0
0
0
0
0
0
0
0
0
0
0
0
0
0
0
0
0
0
0
0
0
0
0
0
0
0
0
0
0
0
0
0
0
0
0
0
0
0
0
0
0
0
0
0
0
0
0
0
0
0
0
0
0
0
0
0
0
0
0
0
0
0
0
0
0
0
0
0
0
0
0
0
0
0
0
0
0
0
0
0
0
