3.59989e+07
1102.9
6.81023
0.0524853
0.00044865
4.06617e-06
3.82749e-08
3.69328e-10
3.61148e-12
3.5345e-14
3.41658e-16
3.2214e-18
2.93199e-20
2.556e-22
2.12305e-24
1.67481e-26
1.25272e-28
8.87911e-31
5.96419e-33
3.79556e-35
2.22851e-37
0
0
0
0
0
0
0
0
0
0
0
0
0
0
0
0
0
0
0
0
0
0
0
0
0
0
0
0
0
0
0
0
0
0
0
0
0
0
0
0
0
0
0
0
0
0
0
0
0
0
0
0
0
0
0
0
0
0
0
0
0
0
0
0
0
0
0
0
0
0
0
0
0
0
0
0
0
0
0
0
0
0
0
0
0
0
0
0
0
0
0
0
0
0
0
0
0
0
0
0
0
0
0
0
0
0
0
0
0
0
0
0
0
0
0
0
0
0
0
0
0
0
0
0
0
0
0
0
0
0
0
0
0
0
0
0
0
0
0
0
0
0
0
0
0
0
0
0
0
