3.59986e+07
1321.29
9.72772
0.0895376
0.000905227
9.54471e-06
1.01973e-07
1.08096e-09
1.11861e-11
1.11636e-13
1.06534e-15
9.66831e-18
8.31785e-20
6.77341e-22
5.21869e-24
3.80547e-26
2.62836e-28
1.72124e-30
1.06995e-32
6.30474e-35
3.24033e-37
0
0
0
0
0
0
0
0
0
0
0
0
0
0
0
0
0
0
0
0
0
0
0
0
0
0
0
0
0
0
0
0
0
0
0
0
0
0
0
0
0
0
0
0
0
0
0
0
0
0
0
0
0
0
0
0
0
0
0
0
0
0
0
0
0
0
0
0
0
0
0
0
0
0
0
0
0
0
0
0
0
0
0
0
0
0
0
0
0
0
0
0
0
0
0
0
0
0
0
0
0
0
0
0
0
0
0
0
0
0
0
0
0
0
0
0
0
0
0
0
0
0
0
0
0
0
0
0
0
0
0
0
0
0
0
0
0
0
0
0
0
0
0
0
0
0
0
0
0
