3.59988e+07
1188.45
7.88619
0.0651973
0.000593746
5.67894e-06
5.56541e-08
5.49405e-10
5.39243e-12
5.20613e-14
4.89881e-16
4.45762e-18
3.89744e-20
3.25847e-22
2.59624e-24
1.96727e-26
1.41615e-28
9.68149e-31
6.28664e-33
3.86979e-35
2.12276e-37
0
0
0
0
0
0
0
0
0
0
0
0
0
0
0
0
0
0
0
0
0
0
0
0
0
0
0
0
0
0
0
0
0
0
0
0
0
0
0
0
0
0
0
0
0
0
0
0
0
0
0
0
0
0
0
0
0
0
0
0
0
0
0
0
0
0
0
0
0
0
0
0
0
0
0
0
0
0
0
0
0
0
0
0
0
0
0
0
0
0
0
0
0
0
0
0
0
0
0
0
0
0
0
0
0
0
0
0
0
0
0
0
0
0
0
0
0
0
0
0
0
0
0
0
0
0
0
0
0
0
0
0
0
0
0
0
0
0
0
0
0
0
0
0
0
0
0
0
0
