3.59987e+07
1215.78
8.25521
0.0701766
0.000661701
6.62815e-06
6.93009e-08
7.48168e-10
8.24275e-12
9.13046e-14
1.00045e-15
1.06848e-17
1.09945e-19
1.08125e-21
1.01116e-23
8.96685e-26
7.53076e-28
5.98854e-30
4.5109e-32
3.22059e-34
2.16672e-36
1.30822e-38
0
0
0
0
0
0
0
0
0
0
0
0
0
0
0
0
0
0
0
0
0
0
0
0
0
0
0
0
0
0
0
0
0
0
0
0
0
0
0
0
0
0
0
0
0
0
0
0
0
0
0
0
0
0
0
0
0
0
0
0
0
0
0
0
0
0
0
0
0
0
0
0
0
0
0
0
0
0
0
0
0
0
0
0
0
0
0
0
0
0
0
0
0
0
0
0
0
0
0
0
0
0
0
0
0
0
0
0
0
0
0
0
0
0
0
0
0
0
0
0
0
0
0
0
0
0
0
0
0
0
0
0
0
0
0
0
0
0
0
0
0
0
0
0
0
0
0
0
