3.59982e+07
1705.87
16.2369
0.197279
0.00267768
3.8643e-05
5.78435e-07
8.82114e-09
1.34752e-10
2.02843e-12
2.96607e-14
4.16728e-16
5.58417e-18
7.10493e-20
8.56353e-22
9.76919e-24
1.05487e-25
1.07877e-27
1.0458e-29
9.62155e-32
8.40899e-34
6.95853e-36
4.98701e-38
0
0
0
0
0
0
0
0
0
0
0
0
0
0
0
0
0
0
0
0
0
0
0
0
0
0
0
0
0
0
0
0
0
0
0
0
0
0
0
0
0
0
0
0
0
0
0
0
0
0
0
0
0
0
0
0
0
0
0
0
0
0
0
0
0
0
0
0
0
0
0
0
0
0
0
0
0
0
0
0
0
0
0
0
0
0
0
0
0
0
0
0
0
0
0
0
0
0
0
0
0
0
0
0
0
0
0
0
0
0
0
0
0
0
0
0
0
0
0
0
0
0
0
0
0
0
0
0
0
0
0
0
0
0
0
0
0
0
0
0
0
0
0
0
0
0
0
