3.59988e+07
1187.18
7.86973
0.0648907
0.000588048
5.59045e-06
5.44729e-08
5.34349e-10
5.18892e-12
4.91133e-14
4.47306e-16
3.88334e-18
3.19438e-20
2.4815e-22
1.81813e-24
1.25642e-26
8.19616e-29
5.05396e-31
2.94978e-33
1.62303e-35
6.4306e-38
0
0
0
0
0
0
0
0
0
0
0
0
0
0
0
0
0
0
0
0
0
0
0
0
0
0
0
0
0
0
0
0
0
0
0
0
0
0
0
0
0
0
0
0
0
0
0
0
0
0
0
0
0
0
0
0
0
0
0
0
0
0
0
0
0
0
0
0
0
0
0
0
0
0
0
0
0
0
0
0
0
0
0
0
0
0
0
0
0
0
0
0
0
0
0
0
0
0
0
0
0
0
0
0
0
0
0
0
0
0
0
0
0
0
0
0
0
0
0
0
0
0
0
0
0
0
0
0
0
0
0
0
0
0
0
0
0
0
0
0
0
0
0
0
0
0
0
0
0
