3.59987e+07
1274.66
9.07962
0.0813928
0.000816261
8.8177e-06
1.00871e-07
1.20162e-09
1.45956e-11
1.76742e-13
2.09166e-15
2.38347e-17
2.58955e-19
2.66687e-21
2.59564e-23
2.38478e-25
2.06832e-27
1.69453e-29
1.31288e-31
9.63025e-34
6.67996e-36
4.13161e-38
0
0
0
0
0
0
0
0
0
0
0
0
0
0
0
0
0
0
0
0
0
0
0
0
0
0
0
0
0
0
0
0
0
0
0
0
0
0
0
0
0
0
0
0
0
0
0
0
0
0
0
0
0
0
0
0
0
0
0
0
0
0
0
0
0
0
0
0
0
0
0
0
0
0
0
0
0
0
0
0
0
0
0
0
0
0
0
0
0
0
0
0
0
0
0
0
0
0
0
0
0
0
0
0
0
0
0
0
0
0
0
0
0
0
0
0
0
0
0
0
0
0
0
0
0
0
0
0
0
0
0
0
0
0
0
0
0
0
0
0
0
0
0
0
0
0
0
0
