3.59984e+07
1499.25
12.5264
0.132143
0.00153789
1.87026e-05
2.30652e-07
2.82231e-09
3.36619e-11
3.85901e-13
4.20975e-15
4.34233e-17
4.22099e-19
3.86175e-21
3.32579e-23
2.6989e-25
2.06684e-27
1.49625e-29
1.02581e-31
6.66876e-34
4.05569e-36
1.10137e-38
0
0
0
0
0
0
0
0
0
0
0
0
0
0
0
0
0
0
0
0
0
0
0
0
0
0
0
0
0
0
0
0
0
0
0
0
0
0
0
0
0
0
0
0
0
0
0
0
0
0
0
0
0
0
0
0
0
0
0
0
0
0
0
0
0
0
0
0
0
0
0
0
0
0
0
0
0
0
0
0
0
0
0
0
0
0
0
0
0
0
0
0
0
0
0
0
0
0
0
0
0
0
0
0
0
0
0
0
0
0
0
0
0
0
0
0
0
0
0
0
0
0
0
0
0
0
0
0
0
0
0
0
0
0
0
0
0
0
0
0
0
0
0
0
0
0
0
0
