3.59988e+07
1171.41
7.68273
0.0631443
0.000575121
5.50925e-06
5.38252e-08
5.24474e-10
5.01261e-12
4.64143e-14
4.12666e-16
3.50074e-18
2.82163e-20
2.15519e-22
1.55782e-24
1.06513e-26
6.89026e-29
4.21986e-31
2.44857e-33
1.3381e-35
5.86427e-38
0
0
0
0
0
0
0
0
0
0
0
0
0
0
0
0
0
0
0
0
0
0
0
0
0
0
0
0
0
0
0
0
0
0
0
0
0
0
0
0
0
0
0
0
0
0
0
0
0
0
0
0
0
0
0
0
0
0
0
0
0
0
0
0
0
0
0
0
0
0
0
0
0
0
0
0
0
0
0
0
0
0
0
0
0
0
0
0
0
0
0
0
0
0
0
0
0
0
0
0
0
0
0
0
0
0
0
0
0
0
0
0
0
0
0
0
0
0
0
0
0
0
0
0
0
0
0
0
0
0
0
0
0
0
0
0
0
0
0
0
0
0
0
0
0
0
0
0
0
