3.59986e+07
1348.25
10.1446
0.0961537
0.00101243
1.12597e-05
1.28171e-07
1.45462e-09
1.61055e-11
1.71191e-13
1.7286e-15
1.64817e-17
1.47971e-19
1.24992e-21
9.93862e-24
7.44751e-26
5.2675e-28
3.5224e-30
2.2307e-32
1.33811e-34
7.06975e-37
0
0
0
0
0
0
0
0
0
0
0
0
0
0
0
0
0
0
0
0
0
0
0
0
0
0
0
0
0
0
0
0
0
0
0
0
0
0
0
0
0
0
0
0
0
0
0
0
0
0
0
0
0
0
0
0
0
0
0
0
0
0
0
0
0
0
0
0
0
0
0
0
0
0
0
0
0
0
0
0
0
0
0
0
0
0
0
0
0
0
0
0
0
0
0
0
0
0
0
0
0
0
0
0
0
0
0
0
0
0
0
0
0
0
0
0
0
0
0
0
0
0
0
0
0
0
0
0
0
0
0
0
0
0
0
0
0
0
0
0
0
0
0
0
0
0
0
0
0
