3.59982e+07
1724.94
16.5494
0.201473
0.00271868
3.87487e-05
5.71147e-07
8.60396e-09
1.31201e-10
2.0044e-12
3.03321e-14
4.49487e-16
6.45562e-18
8.91065e-20
1.17471e-21
1.47305e-23
1.75268e-25
1.97656e-27
2.11231e-29
2.14012e-31
2.05726e-33
1.875e-35
1.6071e-37
0
0
0
0
0
0
0
0
0
0
0
0
0
0
0
0
0
0
0
0
0
0
0
0
0
0
0
0
0
0
0
0
0
0
0
0
0
0
0
0
0
0
0
0
0
0
0
0
0
0
0
0
0
0
0
0
0
0
0
0
0
0
0
0
0
0
0
0
0
0
0
0
0
0
0
0
0
0
0
0
0
0
0
0
0
0
0
0
0
0
0
0
0
0
0
0
0
0
0
0
0
0
0
0
0
0
0
0
0
0
0
0
0
0
0
0
0
0
0
0
0
0
0
0
0
0
0
0
0
0
0
0
0
0
0
0
0
0
0
0
0
0
0
0
0
0
0
