3.59986e+07
1371.26
10.5096
0.101749
0.00109629
1.25117e-05
1.47343e-07
1.7576e-09
2.0903e-11
2.44251e-13
2.76793e-15
3.01049e-17
3.11939e-19
3.06512e-21
2.84927e-23
2.50368e-25
2.08012e-27
1.63545e-29
1.2183e-31
8.60865e-34
5.73277e-36
2.82928e-38
0
0
0
0
0
0
0
0
0
0
0
0
0
0
0
0
0
0
0
0
0
0
0
0
0
0
0
0
0
0
0
0
0
0
0
0
0
0
0
0
0
0
0
0
0
0
0
0
0
0
0
0
0
0
0
0
0
0
0
0
0
0
0
0
0
0
0
0
0
0
0
0
0
0
0
0
0
0
0
0
0
0
0
0
0
0
0
0
0
0
0
0
0
0
0
0
0
0
0
0
0
0
0
0
0
0
0
0
0
0
0
0
0
0
0
0
0
0
0
0
0
0
0
0
0
0
0
0
0
0
0
0
0
0
0
0
0
0
0
0
0
0
0
0
0
0
0
0
