3.59986e+07
1372.96
10.4958
0.100663
0.00106635
1.1875e-05
1.35054e-07
1.53217e-09
1.7e-11
1.81689e-13
1.85104e-15
1.78629e-17
1.62741e-19
1.39795e-21
1.13224e-23
8.65324e-26
6.24789e-28
4.26804e-30
2.76253e-32
1.69478e-34
9.32351e-37
0
0
0
0
0
0
0
0
0
0
0
0
0
0
0
0
0
0
0
0
0
0
0
0
0
0
0
0
0
0
0
0
0
0
0
0
0
0
0
0
0
0
0
0
0
0
0
0
0
0
0
0
0
0
0
0
0
0
0
0
0
0
0
0
0
0
0
0
0
0
0
0
0
0
0
0
0
0
0
0
0
0
0
0
0
0
0
0
0
0
0
0
0
0
0
0
0
0
0
0
0
0
0
0
0
0
0
0
0
0
0
0
0
0
0
0
0
0
0
0
0
0
0
0
0
0
0
0
0
0
0
0
0
0
0
0
0
0
0
0
0
0
0
0
0
0
0
0
0
