3.59988e+07
1127.41
7.12036
0.0562687
0.000493867
4.58538e-06
4.37642e-08
4.19699e-10
3.97015e-12
3.65277e-14
3.23638e-16
2.74299e-18
2.21449e-20
1.69866e-22
1.23632e-24
8.53316e-27
5.58535e-29
3.46842e-31
2.04433e-33
1.13787e-35
5.20656e-38
0
0
0
0
0
0
0
0
0
0
0
0
0
0
0
0
0
0
0
0
0
0
0
0
0
0
0
0
0
0
0
0
0
0
0
0
0
0
0
0
0
0
0
0
0
0
0
0
0
0
0
0
0
0
0
0
0
0
0
0
0
0
0
0
0
0
0
0
0
0
0
0
0
0
0
0
0
0
0
0
0
0
0
0
0
0
0
0
0
0
0
0
0
0
0
0
0
0
0
0
0
0
0
0
0
0
0
0
0
0
0
0
0
0
0
0
0
0
0
0
0
0
0
0
0
0
0
0
0
0
0
0
0
0
0
0
0
0
0
0
0
0
0
0
0
0
0
0
0
