3.59987e+07
1260.66
8.86885
0.0781433
0.000761574
7.83698e-06
8.31848e-08
8.94427e-10
9.57497e-12
1.00392e-13
1.01663e-15
9.83974e-18
9.03951e-20
7.85067e-22
6.43388e-24
4.97374e-26
3.62897e-28
2.50188e-30
1.63203e-32
1.00775e-34
5.75032e-37
0
0
0
0
0
0
0
0
0
0
0
0
0
0
0
0
0
0
0
0
0
0
0
0
0
0
0
0
0
0
0
0
0
0
0
0
0
0
0
0
0
0
0
0
0
0
0
0
0
0
0
0
0
0
0
0
0
0
0
0
0
0
0
0
0
0
0
0
0
0
0
0
0
0
0
0
0
0
0
0
0
0
0
0
0
0
0
0
0
0
0
0
0
0
0
0
0
0
0
0
0
0
0
0
0
0
0
0
0
0
0
0
0
0
0
0
0
0
0
0
0
0
0
0
0
0
0
0
0
0
0
0
0
0
0
0
0
0
0
0
0
0
0
0
0
0
0
0
0
