3.59983e+07
1609.82
14.4155
0.163304
0.00205118
2.71153e-05
3.65567e-07
4.90619e-09
6.43259e-11
8.12833e-13
9.81076e-15
1.12502e-16
1.22222e-18
1.25656e-20
1.22249e-22
1.12618e-24
9.83368e-27
8.14893e-29
6.41701e-31
4.8079e-33
3.42079e-35
2.11673e-37
0
0
0
0
0
0
0
0
0
0
0
0
0
0
0
0
0
0
0
0
0
0
0
0
0
0
0
0
0
0
0
0
0
0
0
0
0
0
0
0
0
0
0
0
0
0
0
0
0
0
0
0
0
0
0
0
0
0
0
0
0
0
0
0
0
0
0
0
0
0
0
0
0
0
0
0
0
0
0
0
0
0
0
0
0
0
0
0
0
0
0
0
0
0
0
0
0
0
0
0
0
0
0
0
0
0
0
0
0
0
0
0
0
0
0
0
0
0
0
0
0
0
0
0
0
0
0
0
0
0
0
0
0
0
0
0
0
0
0
0
0
0
0
0
0
0
0
0
