3.59984e+07
1527.27
13.0065
0.14055
0.00169858
2.20082e-05
3.00311e-07
4.25694e-09
6.16533e-11
8.94785e-13
1.27697e-14
1.76434e-16
2.33373e-18
2.93369e-20
3.48999e-22
3.92083e-24
4.15723e-26
4.16132e-28
3.93591e-30
3.52191e-32
2.98482e-34
2.3842e-36
1.77692e-38
0
0
0
0
0
0
0
0
0
0
0
0
0
0
0
0
0
0
0
0
0
0
0
0
0
0
0
0
0
0
0
0
0
0
0
0
0
0
0
0
0
0
0
0
0
0
0
0
0
0
0
0
0
0
0
0
0
0
0
0
0
0
0
0
0
0
0
0
0
0
0
0
0
0
0
0
0
0
0
0
0
0
0
0
0
0
0
0
0
0
0
0
0
0
0
0
0
0
0
0
0
0
0
0
0
0
0
0
0
0
0
0
0
0
0
0
0
0
0
0
0
0
0
0
0
0
0
0
0
0
0
0
0
0
0
0
0
0
0
0
0
0
0
0
0
0
0
