3.59989e+07
1087.26
6.6212
0.0501453
0.000419836
3.73111e-06
3.4752e-08
3.3714e-10
3.37025e-12
3.40776e-14
3.40893e-16
3.30816e-18
3.0708e-20
2.70321e-22
2.24659e-24
1.75965e-26
1.29878e-28
9.04081e-31
5.94288e-33
3.69148e-35
2.14462e-37
0
0
0
0
0
0
0
0
0
0
0
0
0
0
0
0
0
0
0
0
0
0
0
0
0
0
0
0
0
0
0
0
0
0
0
0
0
0
0
0
0
0
0
0
0
0
0
0
0
0
0
0
0
0
0
0
0
0
0
0
0
0
0
0
0
0
0
0
0
0
0
0
0
0
0
0
0
0
0
0
0
0
0
0
0
0
0
0
0
0
0
0
0
0
0
0
0
0
0
0
0
0
0
0
0
0
0
0
0
0
0
0
0
0
0
0
0
0
0
0
0
0
0
0
0
0
0
0
0
0
0
0
0
0
0
0
0
0
0
0
0
0
0
0
0
0
0
0
0
