3.59983e+07
1591.1
14.0955
0.158473
0.00198818
2.65056e-05
3.64862e-07
5.06991e-09
6.97757e-11
9.36344e-13
1.21022e-14
1.49312e-16
1.74797e-18
1.93479e-20
2.02139e-22
1.99251e-24
1.85387e-26
1.62972e-28
1.3554e-30
1.06799e-32
7.97389e-35
5.46356e-37
0
0
0
0
0
0
0
0
0
0
0
0
0
0
0
0
0
0
0
0
0
0
0
0
0
0
0
0
0
0
0
0
0
0
0
0
0
0
0
0
0
0
0
0
0
0
0
0
0
0
0
0
0
0
0
0
0
0
0
0
0
0
0
0
0
0
0
0
0
0
0
0
0
0
0
0
0
0
0
0
0
0
0
0
0
0
0
0
0
0
0
0
0
0
0
0
0
0
0
0
0
0
0
0
0
0
0
0
0
0
0
0
0
0
0
0
0
0
0
0
0
0
0
0
0
0
0
0
0
0
0
0
0
0
0
0
0
0
0
0
0
0
0
0
0
0
0
0
