3.59989e+07
1096
6.73778
0.0516229
0.000436565
3.87557e-06
3.51011e-08
3.17213e-10
2.80848e-12
2.40121e-14
1.96189e-16
1.52112e-18
1.11448e-20
7.69967e-23
5.01254e-25
3.07572e-27
1.78041e-29
9.73456e-32
5.03046e-34
2.40558e-36
0
0
0
0
0
0
0
0
0
0
0
0
0
0
0
0
0
0
0
0
0
0
0
0
0
0
0
0
0
0
0
0
0
0
0
0
0
0
0
0
0
0
0
0
0
0
0
0
0
0
0
0
0
0
0
0
0
0
0
0
0
0
0
0
0
0
0
0
0
0
0
0
0
0
0
0
0
0
0
0
0
0
0
0
0
0
0
0
0
0
0
0
0
0
0
0
0
0
0
0
0
0
0
0
0
0
0
0
0
0
0
0
0
0
0
0
0
0
0
0
0
0
0
0
0
0
0
0
0
0
0
0
0
0
0
0
0
0
0
0
0
0
0
0
0
0
0
0
0
0
