3.59987e+07
1231.64
8.46442
0.0726036
0.000685192
6.7629e-06
6.79605e-08
6.82648e-10
6.75763e-12
6.51723e-14
6.06749e-16
5.41495e-18
4.60975e-20
3.73147e-22
2.86705e-24
2.0895e-26
1.44449e-28
9.47745e-31
5.90594e-33
3.48802e-35
1.81106e-37
0
0
0
0
0
0
0
0
0
0
0
0
0
0
0
0
0
0
0
0
0
0
0
0
0
0
0
0
0
0
0
0
0
0
0
0
0
0
0
0
0
0
0
0
0
0
0
0
0
0
0
0
0
0
0
0
0
0
0
0
0
0
0
0
0
0
0
0
0
0
0
0
0
0
0
0
0
0
0
0
0
0
0
0
0
0
0
0
0
0
0
0
0
0
0
0
0
0
0
0
0
0
0
0
0
0
0
0
0
0
0
0
0
0
0
0
0
0
0
0
0
0
0
0
0
0
0
0
0
0
0
0
0
0
0
0
0
0
0
0
0
0
0
0
0
0
0
0
0
