3.59986e+07
1320.56
9.72633
0.0898939
0.000918063
9.84013e-06
1.07338e-07
1.16346e-09
1.22989e-11
1.25085e-13
1.21315e-15
1.11612e-17
9.71557e-20
7.99439e-22
6.21926e-24
4.57799e-26
3.1922e-28
2.11129e-30
1.32619e-32
7.90444e-35
4.17674e-37
0
0
0
0
0
0
0
0
0
0
0
0
0
0
0
0
0
0
0
0
0
0
0
0
0
0
0
0
0
0
0
0
0
0
0
0
0
0
0
0
0
0
0
0
0
0
0
0
0
0
0
0
0
0
0
0
0
0
0
0
0
0
0
0
0
0
0
0
0
0
0
0
0
0
0
0
0
0
0
0
0
0
0
0
0
0
0
0
0
0
0
0
0
0
0
0
0
0
0
0
0
0
0
0
0
0
0
0
0
0
0
0
0
0
0
0
0
0
0
0
0
0
0
0
0
0
0
0
0
0
0
0
0
0
0
0
0
0
0
0
0
0
0
0
0
0
0
0
0
