3.59986e+07
1336.58
9.94154
0.0927816
0.000956851
1.03649e-05
1.14588e-07
1.26577e-09
1.37417e-11
1.4481e-13
1.46825e-15
1.42399e-17
1.3163e-19
1.15736e-21
9.6703e-24
7.67656e-26
5.79085e-28
4.15328e-30
2.83399e-32
1.8394e-34
1.10083e-36
4.52669e-39
0
0
0
0
0
0
0
0
0
0
0
0
0
0
0
0
0
0
0
0
0
0
0
0
0
0
0
0
0
0
0
0
0
0
0
0
0
0
0
0
0
0
0
0
0
0
0
0
0
0
0
0
0
0
0
0
0
0
0
0
0
0
0
0
0
0
0
0
0
0
0
0
0
0
0
0
0
0
0
0
0
0
0
0
0
0
0
0
0
0
0
0
0
0
0
0
0
0
0
0
0
0
0
0
0
0
0
0
0
0
0
0
0
0
0
0
0
0
0
0
0
0
0
0
0
0
0
0
0
0
0
0
0
0
0
0
0
0
0
0
0
0
0
0
0
0
0
0
