3.59984e+07
1534.19
13.1273
0.141928
0.00170636
2.19354e-05
2.97476e-07
4.20301e-09
6.0625e-11
8.70601e-13
1.21655e-14
1.62697e-16
2.06147e-18
2.46177e-20
2.76505e-22
2.92063e-24
2.9038e-26
2.72152e-28
2.40857e-30
2.01651e-32
1.5991e-34
1.19615e-36
3.64367e-39
0
0
0
0
0
0
0
0
0
0
0
0
0
0
0
0
0
0
0
0
0
0
0
0
0
0
0
0
0
0
0
0
0
0
0
0
0
0
0
0
0
0
0
0
0
0
0
0
0
0
0
0
0
0
0
0
0
0
0
0
0
0
0
0
0
0
0
0
0
0
0
0
0
0
0
0
0
0
0
0
0
0
0
0
0
0
0
0
0
0
0
0
0
0
0
0
0
0
0
0
0
0
0
0
0
0
0
0
0
0
0
0
0
0
0
0
0
0
0
0
0
0
0
0
0
0
0
0
0
0
0
0
0
0
0
0
0
0
0
0
0
0
0
0
0
0
0
