3.59989e+07
1105.58
6.83627
0.0525024
0.000444087
3.95422e-06
3.6341e-08
3.40611e-10
3.22099e-12
3.03658e-14
2.81701e-16
2.53998e-18
2.20338e-20
1.82535e-22
1.43722e-24
1.07266e-26
7.57975e-29
5.07056e-31
3.21248e-33
1.92384e-35
1.01363e-37
0
0
0
0
0
0
0
0
0
0
0
0
0
0
0
0
0
0
0
0
0
0
0
0
0
0
0
0
0
0
0
0
0
0
0
0
0
0
0
0
0
0
0
0
0
0
0
0
0
0
0
0
0
0
0
0
0
0
0
0
0
0
0
0
0
0
0
0
0
0
0
0
0
0
0
0
0
0
0
0
0
0
0
0
0
0
0
0
0
0
0
0
0
0
0
0
0
0
0
0
0
0
0
0
0
0
0
0
0
0
0
0
0
0
0
0
0
0
0
0
0
0
0
0
0
0
0
0
0
0
0
0
0
0
0
0
0
0
0
0
0
0
0
0
0
0
0
0
0
