3.59983e+07
1680.05
15.7255
0.187804
0.00251672
3.61411e-05
5.42633e-07
8.35118e-09
1.2935e-10
1.9839e-12
2.97402e-14
4.31525e-16
6.0185e-18
8.0295e-20
1.02138e-21
1.23612e-23
1.4216e-25
1.55272e-27
1.61063e-29
1.58721e-31
1.4868e-33
1.32229e-35
1.05357e-37
0
0
0
0
0
0
0
0
0
0
0
0
0
0
0
0
0
0
0
0
0
0
0
0
0
0
0
0
0
0
0
0
0
0
0
0
0
0
0
0
0
0
0
0
0
0
0
0
0
0
0
0
0
0
0
0
0
0
0
0
0
0
0
0
0
0
0
0
0
0
0
0
0
0
0
0
0
0
0
0
0
0
0
0
0
0
0
0
0
0
0
0
0
0
0
0
0
0
0
0
0
0
0
0
0
0
0
0
0
0
0
0
0
0
0
0
0
0
0
0
0
0
0
0
0
0
0
0
0
0
0
0
0
0
0
0
0
0
0
0
0
0
0
0
0
0
0
