3.59988e+07
1170.02
7.67444
0.0631573
0.000577634
5.6123e-06
5.68036e-08
5.92034e-10
6.28946e-12
6.72845e-14
7.1475e-16
7.43406e-18
7.4795e-20
7.21288e-22
6.62579e-24
5.77594e-26
4.76903e-28
3.72707e-30
2.75746e-32
1.93192e-34
1.26915e-36
7.74784e-39
0
0
0
0
0
0
0
0
0
0
0
0
0
0
0
0
0
0
0
0
0
0
0
0
0
0
0
0
0
0
0
0
0
0
0
0
0
0
0
0
0
0
0
0
0
0
0
0
0
0
0
0
0
0
0
0
0
0
0
0
0
0
0
0
0
0
0
0
0
0
0
0
0
0
0
0
0
0
0
0
0
0
0
0
0
0
0
0
0
0
0
0
0
0
0
0
0
0
0
0
0
0
0
0
0
0
0
0
0
0
0
0
0
0
0
0
0
0
0
0
0
0
0
0
0
0
0
0
0
0
0
0
0
0
0
0
0
0
0
0
0
0
0
0
0
0
0
0
