3.59987e+07
1218.19
8.2822
0.0702253
0.000656132
6.45761e-06
6.56352e-08
6.79585e-10
7.06569e-12
7.25869e-14
7.25289e-16
6.95814e-18
6.35133e-20
5.48579e-22
4.47119e-24
3.43597e-26
2.49033e-28
1.70409e-30
1.1024e-32
6.74123e-35
3.80832e-37
0
0
0
0
0
0
0
0
0
0
0
0
0
0
0
0
0
0
0
0
0
0
0
0
0
0
0
0
0
0
0
0
0
0
0
0
0
0
0
0
0
0
0
0
0
0
0
0
0
0
0
0
0
0
0
0
0
0
0
0
0
0
0
0
0
0
0
0
0
0
0
0
0
0
0
0
0
0
0
0
0
0
0
0
0
0
0
0
0
0
0
0
0
0
0
0
0
0
0
0
0
0
0
0
0
0
0
0
0
0
0
0
0
0
0
0
0
0
0
0
0
0
0
0
0
0
0
0
0
0
0
0
0
0
0
0
0
0
0
0
0
0
0
0
0
0
0
0
0
