3.59986e+07
1330.15
9.88508
0.0924651
0.000958676
1.04656e-05
1.16843e-07
1.30644e-09
1.43977e-11
1.54487e-13
1.59898e-15
1.58553e-17
1.49901e-19
1.34705e-21
1.14852e-23
9.28367e-26
7.11379e-28
5.16969e-30
3.56549e-32
2.3341e-34
1.42378e-36
6.91123e-39
0
0
0
0
0
0
0
0
0
0
0
0
0
0
0
0
0
0
0
0
0
0
0
0
0
0
0
0
0
0
0
0
0
0
0
0
0
0
0
0
0
0
0
0
0
0
0
0
0
0
0
0
0
0
0
0
0
0
0
0
0
0
0
0
0
0
0
0
0
0
0
0
0
0
0
0
0
0
0
0
0
0
0
0
0
0
0
0
0
0
0
0
0
0
0
0
0
0
0
0
0
0
0
0
0
0
0
0
0
0
0
0
0
0
0
0
0
0
0
0
0
0
0
0
0
0
0
0
0
0
0
0
0
0
0
0
0
0
0
0
0
0
0
0
0
0
0
0
