3.59988e+07
1167.41
7.61443
0.0620437
0.000561283
5.40741e-06
5.44368e-08
5.64823e-10
5.96004e-12
6.30505e-14
6.58902e-16
6.70946e-18
6.5823e-20
6.16996e-22
5.49587e-24
4.63763e-26
3.70213e-28
2.7952e-30
1.9971e-32
1.35078e-34
8.53511e-37
4.52669e-39
0
0
0
0
0
0
0
0
0
0
0
0
0
0
0
0
0
0
0
0
0
0
0
0
0
0
0
0
0
0
0
0
0
0
0
0
0
0
0
0
0
0
0
0
0
0
0
0
0
0
0
0
0
0
0
0
0
0
0
0
0
0
0
0
0
0
0
0
0
0
0
0
0
0
0
0
0
0
0
0
0
0
0
0
0
0
0
0
0
0
0
0
0
0
0
0
0
0
0
0
0
0
0
0
0
0
0
0
0
0
0
0
0
0
0
0
0
0
0
0
0
0
0
0
0
0
0
0
0
0
0
0
0
0
0
0
0
0
0
0
0
0
0
0
0
0
0
0
