3.59987e+07
1245.46
8.67025
0.0758865
0.000741098
7.73865e-06
8.45179e-08
9.45933e-10
1.06119e-11
1.16824e-13
1.24062e-15
1.25596e-17
1.20348e-19
1.08749e-21
9.25391e-24
7.41554e-26
5.60072e-28
3.99198e-30
2.68921e-32
1.71367e-34
1.01122e-36
0
0
0
0
0
0
0
0
0
0
0
0
0
0
0
0
0
0
0
0
0
0
0
0
0
0
0
0
0
0
0
0
0
0
0
0
0
0
0
0
0
0
0
0
0
0
0
0
0
0
0
0
0
0
0
0
0
0
0
0
0
0
0
0
0
0
0
0
0
0
0
0
0
0
0
0
0
0
0
0
0
0
0
0
0
0
0
0
0
0
0
0
0
0
0
0
0
0
0
0
0
0
0
0
0
0
0
0
0
0
0
0
0
0
0
0
0
0
0
0
0
0
0
0
0
0
0
0
0
0
0
0
0
0
0
0
0
0
0
0
0
0
0
0
0
0
0
0
0
