3.59984e+07
1528.39
13.0019
0.139734
0.00166911
2.12323e-05
2.82585e-07
3.88163e-09
5.41104e-11
7.50619e-13
1.01701e-14
1.32612e-16
1.64745e-18
1.93801e-20
2.15203e-22
2.25301e-24
2.22398e-26
2.07157e-28
1.82306e-30
1.51801e-32
1.19696e-34
8.78498e-37
0
0
0
0
0
0
0
0
0
0
0
0
0
0
0
0
0
0
0
0
0
0
0
0
0
0
0
0
0
0
0
0
0
0
0
0
0
0
0
0
0
0
0
0
0
0
0
0
0
0
0
0
0
0
0
0
0
0
0
0
0
0
0
0
0
0
0
0
0
0
0
0
0
0
0
0
0
0
0
0
0
0
0
0
0
0
0
0
0
0
0
0
0
0
0
0
0
0
0
0
0
0
0
0
0
0
0
0
0
0
0
0
0
0
0
0
0
0
0
0
0
0
0
0
0
0
0
0
0
0
0
0
0
0
0
0
0
0
0
0
0
0
0
0
0
0
0
0
