3.59989e+07
1106.01
6.83431
0.0524956
0.000443166
3.90393e-06
3.50319e-08
3.17467e-10
2.90892e-12
2.70352e-14
2.54155e-16
2.38954e-18
2.21045e-20
1.98024e-22
1.69755e-24
1.38196e-26
1.06417e-28
7.73892e-31
5.31447e-33
3.44328e-35
2.08634e-37
0
0
0
0
0
0
0
0
0
0
0
0
0
0
0
0
0
0
0
0
0
0
0
0
0
0
0
0
0
0
0
0
0
0
0
0
0
0
0
0
0
0
0
0
0
0
0
0
0
0
0
0
0
0
0
0
0
0
0
0
0
0
0
0
0
0
0
0
0
0
0
0
0
0
0
0
0
0
0
0
0
0
0
0
0
0
0
0
0
0
0
0
0
0
0
0
0
0
0
0
0
0
0
0
0
0
0
0
0
0
0
0
0
0
0
0
0
0
0
0
0
0
0
0
0
0
0
0
0
0
0
0
0
0
0
0
0
0
0
0
0
0
0
0
0
0
0
0
0
