3.59983e+07
1593.76
14.1818
0.160378
0.00201939
2.68605e-05
3.65855e-07
4.9835e-09
6.66375e-11
8.62634e-13
1.07066e-14
1.26608e-16
1.42107e-18
1.5109e-20
1.52042e-22
1.44803e-24
1.30585e-26
1.11599e-28
9.0475e-31
6.96572e-33
5.08718e-35
3.31351e-37
0
0
0
0
0
0
0
0
0
0
0
0
0
0
0
0
0
0
0
0
0
0
0
0
0
0
0
0
0
0
0
0
0
0
0
0
0
0
0
0
0
0
0
0
0
0
0
0
0
0
0
0
0
0
0
0
0
0
0
0
0
0
0
0
0
0
0
0
0
0
0
0
0
0
0
0
0
0
0
0
0
0
0
0
0
0
0
0
0
0
0
0
0
0
0
0
0
0
0
0
0
0
0
0
0
0
0
0
0
0
0
0
0
0
0
0
0
0
0
0
0
0
0
0
0
0
0
0
0
0
0
0
0
0
0
0
0
0
0
0
0
0
0
0
0
0
0
0
