3.59984e+07
1558
13.4966
0.147508
0.00178286
2.26459e-05
2.93807e-07
3.81484e-09
4.88097e-11
6.08182e-13
7.31447e-15
8.4345e-17
9.28027e-19
9.71037e-21
9.64213e-23
9.07605e-25
8.09584e-27
6.84496e-29
5.48901e-31
4.1782e-33
3.01112e-35
1.96206e-37
0
0
0
0
0
0
0
0
0
0
0
0
0
0
0
0
0
0
0
0
0
0
0
0
0
0
0
0
0
0
0
0
0
0
0
0
0
0
0
0
0
0
0
0
0
0
0
0
0
0
0
0
0
0
0
0
0
0
0
0
0
0
0
0
0
0
0
0
0
0
0
0
0
0
0
0
0
0
0
0
0
0
0
0
0
0
0
0
0
0
0
0
0
0
0
0
0
0
0
0
0
0
0
0
0
0
0
0
0
0
0
0
0
0
0
0
0
0
0
0
0
0
0
0
0
0
0
0
0
0
0
0
0
0
0
0
0
0
0
0
0
0
0
0
0
0
0
0
