3.59983e+07
1643.36
15.0644
0.175337
0.00226879
3.10805e-05
4.40207e-07
6.35005e-09
9.21799e-11
1.33147e-12
1.89255e-14
2.61981e-16
3.50022e-18
4.48169e-20
5.47156e-22
6.3487e-24
6.98861e-26
7.29329e-28
7.21624e-30
6.77346e-32
6.03575e-34
5.09068e-36
3.99849e-38
0
0
0
0
0
0
0
0
0
0
0
0
0
0
0
0
0
0
0
0
0
0
0
0
0
0
0
0
0
0
0
0
0
0
0
0
0
0
0
0
0
0
0
0
0
0
0
0
0
0
0
0
0
0
0
0
0
0
0
0
0
0
0
0
0
0
0
0
0
0
0
0
0
0
0
0
0
0
0
0
0
0
0
0
0
0
0
0
0
0
0
0
0
0
0
0
0
0
0
0
0
0
0
0
0
0
0
0
0
0
0
0
0
0
0
0
0
0
0
0
0
0
0
0
0
0
0
0
0
0
0
0
0
0
0
0
0
0
0
0
0
0
0
0
0
0
0
