3.59989e+07
1107.35
6.85817
0.0527939
0.000447888
4.01518e-06
3.77101e-08
3.74123e-10
3.95777e-12
4.43049e-14
5.10261e-16
5.83925e-18
6.45733e-20
6.7832e-22
6.71032e-24
6.23054e-26
5.42734e-28
4.44013e-30
3.41746e-32
2.47928e-34
1.69279e-36
1.10022e-38
0
0
0
0
0
0
0
0
0
0
0
0
0
0
0
0
0
0
0
0
0
0
0
0
0
0
0
0
0
0
0
0
0
0
0
0
0
0
0
0
0
0
0
0
0
0
0
0
0
0
0
0
0
0
0
0
0
0
0
0
0
0
0
0
0
0
0
0
0
0
0
0
0
0
0
0
0
0
0
0
0
0
0
0
0
0
0
0
0
0
0
0
0
0
0
0
0
0
0
0
0
0
0
0
0
0
0
0
0
0
0
0
0
0
0
0
0
0
0
0
0
0
0
0
0
0
0
0
0
0
0
0
0
0
0
0
0
0
0
0
0
0
0
0
0
0
0
0
