3.59983e+07
1602.76
14.3167
0.162272
0.00203952
2.68881e-05
3.59699e-07
4.76591e-09
6.14311e-11
7.60729e-13
8.97833e-15
1.00531e-16
1.06563e-18
1.06866e-20
1.01423e-22
9.11739e-25
7.7721e-27
6.29053e-29
4.84038e-31
3.54496e-33
2.4611e-35
1.41133e-37
0
0
0
0
0
0
0
0
0
0
0
0
0
0
0
0
0
0
0
0
0
0
0
0
0
0
0
0
0
0
0
0
0
0
0
0
0
0
0
0
0
0
0
0
0
0
0
0
0
0
0
0
0
0
0
0
0
0
0
0
0
0
0
0
0
0
0
0
0
0
0
0
0
0
0
0
0
0
0
0
0
0
0
0
0
0
0
0
0
0
0
0
0
0
0
0
0
0
0
0
0
0
0
0
0
0
0
0
0
0
0
0
0
0
0
0
0
0
0
0
0
0
0
0
0
0
0
0
0
0
0
0
0
0
0
0
0
0
0
0
0
0
0
0
0
0
0
0
