3.59988e+07
1123.73
7.06468
0.0553771
0.000479346
4.36078e-06
4.0548e-08
3.77269e-10
3.45401e-12
3.07274e-14
2.63297e-16
2.16075e-18
1.69242e-20
1.2628e-22
8.96823e-25
6.06076e-27
3.89817e-29
2.38713e-31
1.39208e-33
7.66714e-36
3.02254e-38
0
0
0
0
0
0
0
0
0
0
0
0
0
0
0
0
0
0
0
0
0
0
0
0
0
0
0
0
0
0
0
0
0
0
0
0
0
0
0
0
0
0
0
0
0
0
0
0
0
0
0
0
0
0
0
0
0
0
0
0
0
0
0
0
0
0
0
0
0
0
0
0
0
0
0
0
0
0
0
0
0
0
0
0
0
0
0
0
0
0
0
0
0
0
0
0
0
0
0
0
0
0
0
0
0
0
0
0
0
0
0
0
0
0
0
0
0
0
0
0
0
0
0
0
0
0
0
0
0
0
0
0
0
0
0
0
0
0
0
0
0
0
0
0
0
0
0
0
0
