3.59987e+07
1221.13
8.33939
0.0713376
0.000675142
6.73063e-06
6.88778e-08
7.1079e-10
7.29676e-12
7.37034e-14
7.25984e-16
6.92335e-18
6.35621e-20
5.5937e-22
4.7038e-24
3.77136e-26
2.87901e-28
2.091e-30
1.44446e-32
9.48004e-35
5.73538e-37
3.13878e-39
0
0
0
0
0
0
0
0
0
0
0
0
0
0
0
0
0
0
0
0
0
0
0
0
0
0
0
0
0
0
0
0
0
0
0
0
0
0
0
0
0
0
0
0
0
0
0
0
0
0
0
0
0
0
0
0
0
0
0
0
0
0
0
0
0
0
0
0
0
0
0
0
0
0
0
0
0
0
0
0
0
0
0
0
0
0
0
0
0
0
0
0
0
0
0
0
0
0
0
0
0
0
0
0
0
0
0
0
0
0
0
0
0
0
0
0
0
0
0
0
0
0
0
0
0
0
0
0
0
0
0
0
0
0
0
0
0
0
0
0
0
0
0
0
0
0
0
0
