3.59986e+07
1354.83
10.2351
0.0974573
0.00103675
1.19135e-05
1.48342e-07
2.03508e-09
3.07888e-11
4.97459e-13
8.17337e-15
1.31044e-16
1.99935e-18
2.86727e-20
3.8468e-22
4.82449e-24
5.6628e-26
6.23318e-28
6.44911e-30
6.28701e-32
5.78797e-34
5.04028e-36
4.16333e-38
0
0
0
0
0
0
0
0
0
0
0
0
0
0
0
0
0
0
0
0
0
0
0
0
0
0
0
0
0
0
0
0
0
0
0
0
0
0
0
0
0
0
0
0
0
0
0
0
0
0
0
0
0
0
0
0
0
0
0
0
0
0
0
0
0
0
0
0
0
0
0
0
0
0
0
0
0
0
0
0
0
0
0
0
0
0
0
0
0
0
0
0
0
0
0
0
0
0
0
0
0
0
0
0
0
0
0
0
0
0
0
0
0
0
0
0
0
0
0
0
0
0
0
0
0
0
0
0
0
0
0
0
0
0
0
0
0
0
0
0
0
0
0
0
0
0
0
