3.59987e+07
1275.95
9.0856
0.0810864
0.000801226
8.35488e-06
8.95889e-08
9.68892e-10
1.03937e-11
1.08985e-13
1.10339e-15
1.06846e-17
9.83115e-20
8.5606e-22
7.03958e-24
5.46302e-26
4.00197e-28
2.76976e-30
1.81322e-32
1.12287e-34
6.35595e-37
0
0
0
0
0
0
0
0
0
0
0
0
0
0
0
0
0
0
0
0
0
0
0
0
0
0
0
0
0
0
0
0
0
0
0
0
0
0
0
0
0
0
0
0
0
0
0
0
0
0
0
0
0
0
0
0
0
0
0
0
0
0
0
0
0
0
0
0
0
0
0
0
0
0
0
0
0
0
0
0
0
0
0
0
0
0
0
0
0
0
0
0
0
0
0
0
0
0
0
0
0
0
0
0
0
0
0
0
0
0
0
0
0
0
0
0
0
0
0
0
0
0
0
0
0
0
0
0
0
0
0
0
0
0
0
0
0
0
0
0
0
0
0
0
0
0
0
0
0
