3.59983e+07
1625.6
14.7154
0.169399
0.00217024
2.93156e-05
4.06006e-07
5.68621e-09
8.01026e-11
1.13165e-12
1.59477e-14
2.22142e-16
3.02403e-18
3.97923e-20
5.01714e-22
6.02453e-24
6.86466e-26
7.40923e-28
7.57124e-30
7.32746e-32
6.72055e-34
5.83711e-36
4.76561e-38
0
0
0
0
0
0
0
0
0
0
0
0
0
0
0
0
0
0
0
0
0
0
0
0
0
0
0
0
0
0
0
0
0
0
0
0
0
0
0
0
0
0
0
0
0
0
0
0
0
0
0
0
0
0
0
0
0
0
0
0
0
0
0
0
0
0
0
0
0
0
0
0
0
0
0
0
0
0
0
0
0
0
0
0
0
0
0
0
0
0
0
0
0
0
0
0
0
0
0
0
0
0
0
0
0
0
0
0
0
0
0
0
0
0
0
0
0
0
0
0
0
0
0
0
0
0
0
0
0
0
0
0
0
0
0
0
0
0
0
0
0
0
0
0
0
0
0
