3.59987e+07
1252.9
8.77279
0.0770196
0.000749779
7.72017e-06
8.18659e-08
8.74638e-10
9.23345e-12
9.47818e-14
9.34753e-16
8.78555e-18
7.83121e-20
6.60352e-22
5.26258e-24
3.96398e-26
2.82407e-28
1.90498e-30
1.21812e-32
7.38124e-35
3.97812e-37
0
0
0
0
0
0
0
0
0
0
0
0
0
0
0
0
0
0
0
0
0
0
0
0
0
0
0
0
0
0
0
0
0
0
0
0
0
0
0
0
0
0
0
0
0
0
0
0
0
0
0
0
0
0
0
0
0
0
0
0
0
0
0
0
0
0
0
0
0
0
0
0
0
0
0
0
0
0
0
0
0
0
0
0
0
0
0
0
0
0
0
0
0
0
0
0
0
0
0
0
0
0
0
0
0
0
0
0
0
0
0
0
0
0
0
0
0
0
0
0
0
0
0
0
0
0
0
0
0
0
0
0
0
0
0
0
0
0
0
0
0
0
0
0
0
0
0
0
0
