3.59984e+07
1496.11
12.4797
0.131593
0.00153507
1.8715e-05
2.30405e-07
2.7963e-09
3.29035e-11
3.71224e-13
3.98702e-15
4.05853e-17
3.90616e-19
3.55091e-21
3.04869e-23
2.47364e-25
1.89873e-27
1.3806e-29
9.52307e-32
6.23715e-34
3.79607e-36
9.23954e-39
0
0
0
0
0
0
0
0
0
0
0
0
0
0
0
0
0
0
0
0
0
0
0
0
0
0
0
0
0
0
0
0
0
0
0
0
0
0
0
0
0
0
0
0
0
0
0
0
0
0
0
0
0
0
0
0
0
0
0
0
0
0
0
0
0
0
0
0
0
0
0
0
0
0
0
0
0
0
0
0
0
0
0
0
0
0
0
0
0
0
0
0
0
0
0
0
0
0
0
0
0
0
0
0
0
0
0
0
0
0
0
0
0
0
0
0
0
0
0
0
0
0
0
0
0
0
0
0
0
0
0
0
0
0
0
0
0
0
0
0
0
0
0
0
0
0
0
0
