3.59986e+07
1305.49
9.51785
0.0875629
0.000898936
9.8031e-06
1.10322e-07
1.25373e-09
1.4148e-11
1.56521e-13
1.68128e-15
1.74098e-17
1.72898e-19
1.64077e-21
1.48432e-23
1.27813e-25
1.04679e-27
8.15233e-30
6.03805e-32
4.25307e-34
2.81801e-36
1.55331e-38
0
0
0
0
0
0
0
0
0
0
0
0
0
0
0
0
0
0
0
0
0
0
0
0
0
0
0
0
0
0
0
0
0
0
0
0
0
0
0
0
0
0
0
0
0
0
0
0
0
0
0
0
0
0
0
0
0
0
0
0
0
0
0
0
0
0
0
0
0
0
0
0
0
0
0
0
0
0
0
0
0
0
0
0
0
0
0
0
0
0
0
0
0
0
0
0
0
0
0
0
0
0
0
0
0
0
0
0
0
0
0
0
0
0
0
0
0
0
0
0
0
0
0
0
0
0
0
0
0
0
0
0
0
0
0
0
0
0
0
0
0
0
0
0
0
0
0
0
