3.59983e+07
1634.59
14.8747
0.172055
0.00221956
3.04352e-05
4.32608e-07
6.25513e-09
9.04663e-11
1.28911e-12
1.78721e-14
2.38757e-16
3.05274e-18
3.71935e-20
4.30697e-22
4.73433e-24
4.9382e-26
4.88879e-28
4.59641e-30
4.10755e-32
3.49122e-34
2.8048e-36
1.81758e-38
0
0
0
0
0
0
0
0
0
0
0
0
0
0
0
0
0
0
0
0
0
0
0
0
0
0
0
0
0
0
0
0
0
0
0
0
0
0
0
0
0
0
0
0
0
0
0
0
0
0
0
0
0
0
0
0
0
0
0
0
0
0
0
0
0
0
0
0
0
0
0
0
0
0
0
0
0
0
0
0
0
0
0
0
0
0
0
0
0
0
0
0
0
0
0
0
0
0
0
0
0
0
0
0
0
0
0
0
0
0
0
0
0
0
0
0
0
0
0
0
0
0
0
0
0
0
0
0
0
0
0
0
0
0
0
0
0
0
0
0
0
0
0
0
0
0
0
