3.59988e+07
1175.05
7.73197
0.0638009
0.000586318
5.74681e-06
5.88321e-08
6.19262e-10
6.6062e-12
7.04583e-14
7.41962e-16
7.62948e-18
7.5894e-20
7.24879e-22
6.61074e-24
5.73456e-26
4.72084e-28
3.68394e-30
2.72435e-32
1.9091e-34
1.25334e-36
7.74784e-39
0
0
0
0
0
0
0
0
0
0
0
0
0
0
0
0
0
0
0
0
0
0
0
0
0
0
0
0
0
0
0
0
0
0
0
0
0
0
0
0
0
0
0
0
0
0
0
0
0
0
0
0
0
0
0
0
0
0
0
0
0
0
0
0
0
0
0
0
0
0
0
0
0
0
0
0
0
0
0
0
0
0
0
0
0
0
0
0
0
0
0
0
0
0
0
0
0
0
0
0
0
0
0
0
0
0
0
0
0
0
0
0
0
0
0
0
0
0
0
0
0
0
0
0
0
0
0
0
0
0
0
0
0
0
0
0
0
0
0
0
0
0
0
0
0
0
0
0
