3.59986e+07
1354.69
10.2588
0.0981066
0.00105111
1.218e-05
1.51198e-07
1.99272e-09
2.73279e-11
3.7865e-13
5.14909e-15
6.72421e-17
8.32088e-19
9.68948e-21
1.05881e-22
1.08532e-24
1.04453e-26
9.45371e-29
8.0619e-31
6.49061e-33
4.93947e-35
3.5456e-37
0
0
0
0
0
0
0
0
0
0
0
0
0
0
0
0
0
0
0
0
0
0
0
0
0
0
0
0
0
0
0
0
0
0
0
0
0
0
0
0
0
0
0
0
0
0
0
0
0
0
0
0
0
0
0
0
0
0
0
0
0
0
0
0
0
0
0
0
0
0
0
0
0
0
0
0
0
0
0
0
0
0
0
0
0
0
0
0
0
0
0
0
0
0
0
0
0
0
0
0
0
0
0
0
0
0
0
0
0
0
0
0
0
0
0
0
0
0
0
0
0
0
0
0
0
0
0
0
0
0
0
0
0
0
0
0
0
0
0
0
0
0
0
0
0
0
0
0
