3.59988e+07
1142.45
7.29364
0.0582846
0.000518563
4.90553e-06
4.79584e-08
4.72147e-10
4.5724e-12
4.27526e-14
3.80947e-16
3.20885e-18
2.54414e-20
1.89522e-22
1.32626e-24
8.72585e-27
5.40494e-29
3.1572e-31
1.74179e-33
9.01331e-36
2.71359e-38
0
0
0
0
0
0
0
0
0
0
0
0
0
0
0
0
0
0
0
0
0
0
0
0
0
0
0
0
0
0
0
0
0
0
0
0
0
0
0
0
0
0
0
0
0
0
0
0
0
0
0
0
0
0
0
0
0
0
0
0
0
0
0
0
0
0
0
0
0
0
0
0
0
0
0
0
0
0
0
0
0
0
0
0
0
0
0
0
0
0
0
0
0
0
0
0
0
0
0
0
0
0
0
0
0
0
0
0
0
0
0
0
0
0
0
0
0
0
0
0
0
0
0
0
0
0
0
0
0
0
0
0
0
0
0
0
0
0
0
0
0
0
0
0
0
0
0
0
0
