3.59986e+07
1355.62
10.2569
0.0975606
0.00102588
1.1324e-05
1.27202e-07
1.41888e-09
1.54138e-11
1.60773e-13
1.59513e-15
1.49718e-17
1.32579e-19
1.10666e-21
8.70992e-24
6.46982e-26
4.54182e-28
3.01783e-30
1.90089e-32
1.1349e-34
6.07709e-37
0
0
0
0
0
0
0
0
0
0
0
0
0
0
0
0
0
0
0
0
0
0
0
0
0
0
0
0
0
0
0
0
0
0
0
0
0
0
0
0
0
0
0
0
0
0
0
0
0
0
0
0
0
0
0
0
0
0
0
0
0
0
0
0
0
0
0
0
0
0
0
0
0
0
0
0
0
0
0
0
0
0
0
0
0
0
0
0
0
0
0
0
0
0
0
0
0
0
0
0
0
0
0
0
0
0
0
0
0
0
0
0
0
0
0
0
0
0
0
0
0
0
0
0
0
0
0
0
0
0
0
0
0
0
0
0
0
0
0
0
0
0
0
0
0
0
0
0
0
