3.59986e+07
1344.87
10.0834
0.0951615
0.000998777
1.11316e-05
1.28478e-07
1.50638e-09
1.76572e-11
2.04171e-13
2.30344e-15
2.51303e-17
2.63292e-19
2.63558e-21
2.51203e-23
2.27507e-25
1.95601e-27
1.59615e-29
1.23667e-31
9.10182e-34
6.32327e-36
3.59023e-38
0
0
0
0
0
0
0
0
0
0
0
0
0
0
0
0
0
0
0
0
0
0
0
0
0
0
0
0
0
0
0
0
0
0
0
0
0
0
0
0
0
0
0
0
0
0
0
0
0
0
0
0
0
0
0
0
0
0
0
0
0
0
0
0
0
0
0
0
0
0
0
0
0
0
0
0
0
0
0
0
0
0
0
0
0
0
0
0
0
0
0
0
0
0
0
0
0
0
0
0
0
0
0
0
0
0
0
0
0
0
0
0
0
0
0
0
0
0
0
0
0
0
0
0
0
0
0
0
0
0
0
0
0
0
0
0
0
0
0
0
0
0
0
0
0
0
0
0
