3.59984e+07
1504.88
12.6025
0.13359
0.00157642
1.97045e-05
2.54318e-07
3.33847e-09
4.41059e-11
5.80474e-13
7.52409e-15
9.49407e-17
1.15439e-18
1.34213e-20
1.48446e-22
1.55745e-24
1.54802e-26
1.45738e-28
1.30024e-30
1.10033e-32
8.83366e-35
6.68176e-37
4.23805e-39
0
0
0
0
0
0
0
0
0
0
0
0
0
0
0
0
0
0
0
0
0
0
0
0
0
0
0
0
0
0
0
0
0
0
0
0
0
0
0
0
0
0
0
0
0
0
0
0
0
0
0
0
0
0
0
0
0
0
0
0
0
0
0
0
0
0
0
0
0
0
0
0
0
0
0
0
0
0
0
0
0
0
0
0
0
0
0
0
0
0
0
0
0
0
0
0
0
0
0
0
0
0
0
0
0
0
0
0
0
0
0
0
0
0
0
0
0
0
0
0
0
0
0
0
0
0
0
0
0
0
0
0
0
0
0
0
0
0
0
0
0
0
0
0
0
0
0
