3.59988e+07
1157.16
7.51407
0.0611442
0.000550906
5.21496e-06
5.02626e-08
4.81562e-10
4.50289e-12
4.05521e-14
3.48646e-16
2.84606e-18
2.19928e-20
1.60652e-22
1.10896e-24
7.23634e-27
4.46703e-29
2.61128e-31
1.44662e-33
7.51857e-36
2.98608e-38
0
0
0
0
0
0
0
0
0
0
0
0
0
0
0
0
0
0
0
0
0
0
0
0
0
0
0
0
0
0
0
0
0
0
0
0
0
0
0
0
0
0
0
0
0
0
0
0
0
0
0
0
0
0
0
0
0
0
0
0
0
0
0
0
0
0
0
0
0
0
0
0
0
0
0
0
0
0
0
0
0
0
0
0
0
0
0
0
0
0
0
0
0
0
0
0
0
0
0
0
0
0
0
0
0
0
0
0
0
0
0
0
0
0
0
0
0
0
0
0
0
0
0
0
0
0
0
0
0
0
0
0
0
0
0
0
0
0
0
0
0
0
0
0
0
0
0
0
0
