3.59988e+07
1155.18
7.45847
0.0601317
0.000535351
5.00434e-06
4.7746e-08
4.55252e-10
4.26653e-12
3.88081e-14
3.39549e-16
2.84082e-18
2.26454e-20
1.71646e-22
1.23596e-24
8.45275e-27
5.49177e-29
3.3914e-31
1.99152e-33
1.10527e-35
4.83556e-38
0
0
0
0
0
0
0
0
0
0
0
0
0
0
0
0
0
0
0
0
0
0
0
0
0
0
0
0
0
0
0
0
0
0
0
0
0
0
0
0
0
0
0
0
0
0
0
0
0
0
0
0
0
0
0
0
0
0
0
0
0
0
0
0
0
0
0
0
0
0
0
0
0
0
0
0
0
0
0
0
0
0
0
0
0
0
0
0
0
0
0
0
0
0
0
0
0
0
0
0
0
0
0
0
0
0
0
0
0
0
0
0
0
0
0
0
0
0
0
0
0
0
0
0
0
0
0
0
0
0
0
0
0
0
0
0
0
0
0
0
0
0
0
0
0
0
0
0
0
