3.59988e+07
1155.17
7.45758
0.0599577
0.000530724
4.93053e-06
4.69762e-08
4.52113e-10
4.34044e-12
4.10659e-14
3.78512e-16
3.36511e-18
2.86372e-20
2.32073e-22
1.78547e-24
1.3022e-26
8.99989e-29
5.89643e-31
3.66442e-33
2.15643e-35
1.10641e-37
0
0
0
0
0
0
0
0
0
0
0
0
0
0
0
0
0
0
0
0
0
0
0
0
0
0
0
0
0
0
0
0
0
0
0
0
0
0
0
0
0
0
0
0
0
0
0
0
0
0
0
0
0
0
0
0
0
0
0
0
0
0
0
0
0
0
0
0
0
0
0
0
0
0
0
0
0
0
0
0
0
0
0
0
0
0
0
0
0
0
0
0
0
0
0
0
0
0
0
0
0
0
0
0
0
0
0
0
0
0
0
0
0
0
0
0
0
0
0
0
0
0
0
0
0
0
0
0
0
0
0
0
0
0
0
0
0
0
0
0
0
0
0
0
0
0
0
0
0
