3.59989e+07
1077.53
6.51029
0.0490556
0.000410583
3.65527e-06
3.38483e-08
3.19973e-10
3.03366e-12
2.84027e-14
2.59394e-16
2.29021e-18
1.94264e-20
1.57634e-22
1.22007e-24
8.99039e-27
6.29992e-29
4.19587e-31
2.65543e-33
1.59231e-35
8.13068e-38
0
0
0
0
0
0
0
0
0
0
0
0
0
0
0
0
0
0
0
0
0
0
0
0
0
0
0
0
0
0
0
0
0
0
0
0
0
0
0
0
0
0
0
0
0
0
0
0
0
0
0
0
0
0
0
0
0
0
0
0
0
0
0
0
0
0
0
0
0
0
0
0
0
0
0
0
0
0
0
0
0
0
0
0
0
0
0
0
0
0
0
0
0
0
0
0
0
0
0
0
0
0
0
0
0
0
0
0
0
0
0
0
0
0
0
0
0
0
0
0
0
0
0
0
0
0
0
0
0
0
0
0
0
0
0
0
0
0
0
0
0
0
0
0
0
0
0
0
0
