3.59988e+07
1177.97
7.74177
0.0633171
0.000570779
5.43182e-06
5.37659e-08
5.51972e-10
5.87858e-12
6.45903e-14
7.2103e-16
8.00465e-18
8.65703e-20
8.97903e-22
8.84358e-24
8.2271e-26
7.21309e-28
5.9582e-30
4.64042e-32
3.41141e-34
2.35623e-36
1.55331e-38
0
0
0
0
0
0
0
0
0
0
0
0
0
0
0
0
0
0
0
0
0
0
0
0
0
0
0
0
0
0
0
0
0
0
0
0
0
0
0
0
0
0
0
0
0
0
0
0
0
0
0
0
0
0
0
0
0
0
0
0
0
0
0
0
0
0
0
0
0
0
0
0
0
0
0
0
0
0
0
0
0
0
0
0
0
0
0
0
0
0
0
0
0
0
0
0
0
0
0
0
0
0
0
0
0
0
0
0
0
0
0
0
0
0
0
0
0
0
0
0
0
0
0
0
0
0
0
0
0
0
0
0
0
0
0
0
0
0
0
0
0
0
0
0
0
0
0
0
