3.59986e+07
1385.86
10.6871
0.103517
0.00110578
1.23287e-05
1.38794e-07
1.54209e-09
1.66582e-11
1.73359e-13
1.72864e-15
1.64614e-17
1.49383e-19
1.28992e-21
1.05877e-23
8.25551e-26
6.11321e-28
4.29938e-30
2.8727e-32
1.82223e-34
1.04096e-36
0
0
0
0
0
0
0
0
0
0
0
0
0
0
0
0
0
0
0
0
0
0
0
0
0
0
0
0
0
0
0
0
0
0
0
0
0
0
0
0
0
0
0
0
0
0
0
0
0
0
0
0
0
0
0
0
0
0
0
0
0
0
0
0
0
0
0
0
0
0
0
0
0
0
0
0
0
0
0
0
0
0
0
0
0
0
0
0
0
0
0
0
0
0
0
0
0
0
0
0
0
0
0
0
0
0
0
0
0
0
0
0
0
0
0
0
0
0
0
0
0
0
0
0
0
0
0
0
0
0
0
0
0
0
0
0
0
0
0
0
0
0
0
0
0
0
0
0
0
