3.59982e+07
1719.48
16.4418
0.199529
0.00268871
3.82915e-05
5.61462e-07
8.31568e-09
1.22421e-10
1.76716e-12
2.47389e-14
3.33079e-16
4.28753e-18
5.25615e-20
6.1224e-22
6.76817e-24
7.0988e-26
7.06609e-28
6.67934e-30
6.00113e-32
5.12841e-34
4.14526e-36
2.76882e-38
0
0
0
0
0
0
0
0
0
0
0
0
0
0
0
0
0
0
0
0
0
0
0
0
0
0
0
0
0
0
0
0
0
0
0
0
0
0
0
0
0
0
0
0
0
0
0
0
0
0
0
0
0
0
0
0
0
0
0
0
0
0
0
0
0
0
0
0
0
0
0
0
0
0
0
0
0
0
0
0
0
0
0
0
0
0
0
0
0
0
0
0
0
0
0
0
0
0
0
0
0
0
0
0
0
0
0
0
0
0
0
0
0
0
0
0
0
0
0
0
0
0
0
0
0
0
0
0
0
0
0
0
0
0
0
0
0
0
0
0
0
0
0
0
0
0
0
