3.59986e+07
1300.36
9.43391
0.0861957
0.000877159
9.45544e-06
1.0473e-07
1.16411e-09
1.27437e-11
1.35427e-13
1.38251e-15
1.34612e-17
1.24449e-19
1.08969e-21
9.02668e-24
7.07295e-26
5.24485e-28
3.68395e-30
2.45371e-32
1.54999e-34
8.93093e-37
0
0
0
0
0
0
0
0
0
0
0
0
0
0
0
0
0
0
0
0
0
0
0
0
0
0
0
0
0
0
0
0
0
0
0
0
0
0
0
0
0
0
0
0
0
0
0
0
0
0
0
0
0
0
0
0
0
0
0
0
0
0
0
0
0
0
0
0
0
0
0
0
0
0
0
0
0
0
0
0
0
0
0
0
0
0
0
0
0
0
0
0
0
0
0
0
0
0
0
0
0
0
0
0
0
0
0
0
0
0
0
0
0
0
0
0
0
0
0
0
0
0
0
0
0
0
0
0
0
0
0
0
0
0
0
0
0
0
0
0
0
0
0
0
0
0
0
0
0
