3.59986e+07
1343.06
10.0608
0.0947998
0.000990485
1.09312e-05
1.23985e-07
1.41394e-09
1.5909e-11
1.73929e-13
1.82693e-15
1.8298e-17
1.73939e-19
1.5653e-21
1.33209e-23
1.0719e-25
8.15979e-28
5.88147e-30
4.01839e-32
2.60361e-34
1.55912e-36
6.27756e-39
0
0
0
0
0
0
0
0
0
0
0
0
0
0
0
0
0
0
0
0
0
0
0
0
0
0
0
0
0
0
0
0
0
0
0
0
0
0
0
0
0
0
0
0
0
0
0
0
0
0
0
0
0
0
0
0
0
0
0
0
0
0
0
0
0
0
0
0
0
0
0
0
0
0
0
0
0
0
0
0
0
0
0
0
0
0
0
0
0
0
0
0
0
0
0
0
0
0
0
0
0
0
0
0
0
0
0
0
0
0
0
0
0
0
0
0
0
0
0
0
0
0
0
0
0
0
0
0
0
0
0
0
0
0
0
0
0
0
0
0
0
0
0
0
0
0
0
0
