3.59988e+07
1125.04
7.08948
0.0558309
0.000487136
4.48592e-06
4.24681e-08
4.05575e-10
3.84991e-12
3.58979e-14
3.25701e-16
2.85401e-18
2.40148e-20
1.93209e-22
1.48183e-24
1.08133e-26
7.49972e-29
4.94194e-31
3.09382e-33
1.8329e-35
9.64195e-38
0
0
0
0
0
0
0
0
0
0
0
0
0
0
0
0
0
0
0
0
0
0
0
0
0
0
0
0
0
0
0
0
0
0
0
0
0
0
0
0
0
0
0
0
0
0
0
0
0
0
0
0
0
0
0
0
0
0
0
0
0
0
0
0
0
0
0
0
0
0
0
0
0
0
0
0
0
0
0
0
0
0
0
0
0
0
0
0
0
0
0
0
0
0
0
0
0
0
0
0
0
0
0
0
0
0
0
0
0
0
0
0
0
0
0
0
0
0
0
0
0
0
0
0
0
0
0
0
0
0
0
0
0
0
0
0
0
0
0
0
0
0
0
0
0
0
0
0
0
