3.59983e+07
1634.3
14.8901
0.172469
0.00222467
3.0368e-05
4.2628e-07
6.02311e-09
8.42343e-11
1.15157e-12
1.52606e-14
1.94987e-16
2.39395e-18
2.81751e-20
3.17287e-22
3.4136e-24
3.50435e-26
3.42961e-28
3.19803e-30
2.84074e-32
2.40265e-34
1.91078e-36
1.36893e-38
0
0
0
0
0
0
0
0
0
0
0
0
0
0
0
0
0
0
0
0
0
0
0
0
0
0
0
0
0
0
0
0
0
0
0
0
0
0
0
0
0
0
0
0
0
0
0
0
0
0
0
0
0
0
0
0
0
0
0
0
0
0
0
0
0
0
0
0
0
0
0
0
0
0
0
0
0
0
0
0
0
0
0
0
0
0
0
0
0
0
0
0
0
0
0
0
0
0
0
0
0
0
0
0
0
0
0
0
0
0
0
0
0
0
0
0
0
0
0
0
0
0
0
0
0
0
0
0
0
0
0
0
0
0
0
0
0
0
0
0
0
0
0
0
0
0
0
