3.59984e+07
1508.58
12.6743
0.134632
0.00159071
1.99387e-05
2.5891e-07
3.43019e-09
4.58516e-11
6.1251e-13
8.09965e-15
1.0498e-16
1.32076e-18
1.59936e-20
1.85186e-22
2.04097e-24
2.13518e-26
2.11746e-28
1.98993e-30
1.77276e-32
1.49729e-34
1.18995e-36
8.88462e-39
0
0
0
0
0
0
0
0
0
0
0
0
0
0
0
0
0
0
0
0
0
0
0
0
0
0
0
0
0
0
0
0
0
0
0
0
0
0
0
0
0
0
0
0
0
0
0
0
0
0
0
0
0
0
0
0
0
0
0
0
0
0
0
0
0
0
0
0
0
0
0
0
0
0
0
0
0
0
0
0
0
0
0
0
0
0
0
0
0
0
0
0
0
0
0
0
0
0
0
0
0
0
0
0
0
0
0
0
0
0
0
0
0
0
0
0
0
0
0
0
0
0
0
0
0
0
0
0
0
0
0
0
0
0
0
0
0
0
0
0
0
0
0
0
0
0
0
