3.59984e+07
1492.22
12.4153
0.130426
0.00151951
1.86848e-05
2.3553e-07
2.97142e-09
3.67764e-11
4.39891e-13
5.03427e-15
5.47937e-17
5.65376e-19
5.52247e-21
5.10471e-23
4.46658e-25
3.70198e-27
2.90893e-29
2.16924e-31
1.53649e-33
1.02693e-35
5.28719e-38
0
0
0
0
0
0
0
0
0
0
0
0
0
0
0
0
0
0
0
0
0
0
0
0
0
0
0
0
0
0
0
0
0
0
0
0
0
0
0
0
0
0
0
0
0
0
0
0
0
0
0
0
0
0
0
0
0
0
0
0
0
0
0
0
0
0
0
0
0
0
0
0
0
0
0
0
0
0
0
0
0
0
0
0
0
0
0
0
0
0
0
0
0
0
0
0
0
0
0
0
0
0
0
0
0
0
0
0
0
0
0
0
0
0
0
0
0
0
0
0
0
0
0
0
0
0
0
0
0
0
0
0
0
0
0
0
0
0
0
0
0
0
0
0
0
0
0
0
