3.59986e+07
1384.82
10.6743
0.103373
0.00111203
1.28051e-05
1.56896e-07
2.05076e-09
2.84315e-11
4.09141e-13
5.92715e-15
8.40503e-17
1.14393e-18
1.47706e-20
1.79898e-22
2.06213e-24
2.2242e-26
2.25931e-28
2.1644e-30
1.95881e-32
1.67736e-34
1.35908e-36
1.02717e-38
0
0
0
0
0
0
0
0
0
0
0
0
0
0
0
0
0
0
0
0
0
0
0
0
0
0
0
0
0
0
0
0
0
0
0
0
0
0
0
0
0
0
0
0
0
0
0
0
0
0
0
0
0
0
0
0
0
0
0
0
0
0
0
0
0
0
0
0
0
0
0
0
0
0
0
0
0
0
0
0
0
0
0
0
0
0
0
0
0
0
0
0
0
0
0
0
0
0
0
0
0
0
0
0
0
0
0
0
0
0
0
0
0
0
0
0
0
0
0
0
0
0
0
0
0
0
0
0
0
0
0
0
0
0
0
0
0
0
0
0
0
0
0
0
0
0
0
