3.59982e+07
1734.71
16.7421
0.205335
0.00278689
3.95072e-05
5.65093e-07
7.96299e-09
1.08786e-10
1.42669e-12
1.78656e-14
2.13105e-16
2.41959e-18
2.61518e-20
2.69187e-22
2.63999e-24
2.46798e-26
2.20011e-28
1.87108e-30
1.51864e-32
1.1751e-34
8.31543e-37
4.23805e-39
0
0
0
0
0
0
0
0
0
0
0
0
0
0
0
0
0
0
0
0
0
0
0
0
0
0
0
0
0
0
0
0
0
0
0
0
0
0
0
0
0
0
0
0
0
0
0
0
0
0
0
0
0
0
0
0
0
0
0
0
0
0
0
0
0
0
0
0
0
0
0
0
0
0
0
0
0
0
0
0
0
0
0
0
0
0
0
0
0
0
0
0
0
0
0
0
0
0
0
0
0
0
0
0
0
0
0
0
0
0
0
0
0
0
0
0
0
0
0
0
0
0
0
0
0
0
0
0
0
0
0
0
0
0
0
0
0
0
0
0
0
0
0
0
0
0
0
