3.59986e+07
1381.65
10.6463
0.103491
0.00111975
1.28836e-05
1.54047e-07
1.87918e-09
2.29651e-11
2.76298e-13
3.22485e-15
3.61176e-17
3.85358e-19
3.90018e-21
3.73629e-23
3.38542e-25
2.90183e-27
2.35469e-29
1.81068e-31
1.3209e-33
9.1174e-36
5.44077e-38
0
0
0
0
0
0
0
0
0
0
0
0
0
0
0
0
0
0
0
0
0
0
0
0
0
0
0
0
0
0
0
0
0
0
0
0
0
0
0
0
0
0
0
0
0
0
0
0
0
0
0
0
0
0
0
0
0
0
0
0
0
0
0
0
0
0
0
0
0
0
0
0
0
0
0
0
0
0
0
0
0
0
0
0
0
0
0
0
0
0
0
0
0
0
0
0
0
0
0
0
0
0
0
0
0
0
0
0
0
0
0
0
0
0
0
0
0
0
0
0
0
0
0
0
0
0
0
0
0
0
0
0
0
0
0
0
0
0
0
0
0
0
0
0
0
0
0
0
