3.59986e+07
1285.75
9.22233
0.0829897
0.00082777
8.73947e-06
9.55599e-08
1.06677e-09
1.20027e-11
1.34246e-13
1.47129e-15
1.55952e-17
1.5823e-19
1.52572e-21
1.3921e-23
1.1994e-25
9.75196e-28
7.48567e-30
5.43011e-32
3.72595e-34
2.40685e-36
1.19102e-38
0
0
0
0
0
0
0
0
0
0
0
0
0
0
0
0
0
0
0
0
0
0
0
0
0
0
0
0
0
0
0
0
0
0
0
0
0
0
0
0
0
0
0
0
0
0
0
0
0
0
0
0
0
0
0
0
0
0
0
0
0
0
0
0
0
0
0
0
0
0
0
0
0
0
0
0
0
0
0
0
0
0
0
0
0
0
0
0
0
0
0
0
0
0
0
0
0
0
0
0
0
0
0
0
0
0
0
0
0
0
0
0
0
0
0
0
0
0
0
0
0
0
0
0
0
0
0
0
0
0
0
0
0
0
0
0
0
0
0
0
0
0
0
0
0
0
0
0
