3.59985e+07
1469.39
12.0528
0.124728
0.00142482
1.702e-05
2.06354e-07
2.4884e-09
2.94015e-11
3.36547e-13
3.70128e-15
3.88885e-17
3.88971e-19
3.69654e-21
3.33519e-23
2.85687e-25
2.32444e-27
1.7978e-29
1.32301e-31
9.26968e-34
6.12753e-36
2.89218e-38
0
0
0
0
0
0
0
0
0
0
0
0
0
0
0
0
0
0
0
0
0
0
0
0
0
0
0
0
0
0
0
0
0
0
0
0
0
0
0
0
0
0
0
0
0
0
0
0
0
0
0
0
0
0
0
0
0
0
0
0
0
0
0
0
0
0
0
0
0
0
0
0
0
0
0
0
0
0
0
0
0
0
0
0
0
0
0
0
0
0
0
0
0
0
0
0
0
0
0
0
0
0
0
0
0
0
0
0
0
0
0
0
0
0
0
0
0
0
0
0
0
0
0
0
0
0
0
0
0
0
0
0
0
0
0
0
0
0
0
0
0
0
0
0
0
0
0
0
