3.59988e+07
1162.67
7.54682
0.0610547
0.000543721
5.05138e-06
4.73804e-08
4.37936e-10
3.92008e-12
3.3589e-14
2.73491e-16
2.10701e-18
1.53244e-20
1.05124e-22
6.8019e-25
4.15377e-27
2.39654e-29
1.308e-31
6.75764e-34
3.21627e-36
3.55174e-39
0
0
0
0
0
0
0
0
0
0
0
0
0
0
0
0
0
0
0
0
0
0
0
0
0
0
0
0
0
0
0
0
0
0
0
0
0
0
0
0
0
0
0
0
0
0
0
0
0
0
0
0
0
0
0
0
0
0
0
0
0
0
0
0
0
0
0
0
0
0
0
0
0
0
0
0
0
0
0
0
0
0
0
0
0
0
0
0
0
0
0
0
0
0
0
0
0
0
0
0
0
0
0
0
0
0
0
0
0
0
0
0
0
0
0
0
0
0
0
0
0
0
0
0
0
0
0
0
0
0
0
0
0
0
0
0
0
0
0
0
0
0
0
0
0
0
0
0
0
