3.59989e+07
1093.16
6.6926
0.0510636
0.000431947
3.87146e-06
3.58106e-08
3.33818e-10
3.06771e-12
2.72979e-14
2.32228e-16
1.87373e-18
1.4276e-20
1.02515e-22
6.9355e-25
4.42311e-27
2.66201e-29
1.51397e-31
8.14492e-34
4.08469e-36
8.8945e-39
0
0
0
0
0
0
0
0
0
0
0
0
0
0
0
0
0
0
0
0
0
0
0
0
0
0
0
0
0
0
0
0
0
0
0
0
0
0
0
0
0
0
0
0
0
0
0
0
0
0
0
0
0
0
0
0
0
0
0
0
0
0
0
0
0
0
0
0
0
0
0
0
0
0
0
0
0
0
0
0
0
0
0
0
0
0
0
0
0
0
0
0
0
0
0
0
0
0
0
0
0
0
0
0
0
0
0
0
0
0
0
0
0
0
0
0
0
0
0
0
0
0
0
0
0
0
0
0
0
0
0
0
0
0
0
0
0
0
0
0
0
0
0
0
0
0
0
0
0
