3.59983e+07
1611.9
14.4433
0.163733
0.00205991
2.74914e-05
3.8268e-07
5.5121e-09
8.13997e-11
1.21425e-12
1.79646e-14
2.59088e-16
3.59446e-18
4.75533e-20
5.969e-22
7.0916e-24
7.96836e-26
8.46981e-28
8.52317e-30
8.12901e-32
7.35634e-34
6.31275e-36
4.76561e-38
0
0
0
0
0
0
0
0
0
0
0
0
0
0
0
0
0
0
0
0
0
0
0
0
0
0
0
0
0
0
0
0
0
0
0
0
0
0
0
0
0
0
0
0
0
0
0
0
0
0
0
0
0
0
0
0
0
0
0
0
0
0
0
0
0
0
0
0
0
0
0
0
0
0
0
0
0
0
0
0
0
0
0
0
0
0
0
0
0
0
0
0
0
0
0
0
0
0
0
0
0
0
0
0
0
0
0
0
0
0
0
0
0
0
0
0
0
0
0
0
0
0
0
0
0
0
0
0
0
0
0
0
0
0
0
0
0
0
0
0
0
0
0
0
0
0
0
