3.59983e+07
1698.73
16.0436
0.192681
0.00258026
3.65629e-05
5.30594e-07
7.68696e-09
1.09009e-10
1.49182e-12
1.95176e-14
2.42707e-16
2.85977e-18
3.18858e-20
3.36372e-22
3.35941e-24
3.17969e-26
2.85593e-28
2.43755e-30
1.97975e-32
1.53045e-34
1.10576e-36
4.92434e-39
0
0
0
0
0
0
0
0
0
0
0
0
0
0
0
0
0
0
0
0
0
0
0
0
0
0
0
0
0
0
0
0
0
0
0
0
0
0
0
0
0
0
0
0
0
0
0
0
0
0
0
0
0
0
0
0
0
0
0
0
0
0
0
0
0
0
0
0
0
0
0
0
0
0
0
0
0
0
0
0
0
0
0
0
0
0
0
0
0
0
0
0
0
0
0
0
0
0
0
0
0
0
0
0
0
0
0
0
0
0
0
0
0
0
0
0
0
0
0
0
0
0
0
0
0
0
0
0
0
0
0
0
0
0
0
0
0
0
0
0
0
0
0
0
0
0
0
