3.59987e+07
1209.51
8.179
0.0693429
0.00065242
6.4838e-06
6.61152e-08
6.76486e-10
6.82598e-12
6.70612e-14
6.35784e-16
5.7823e-18
5.02557e-20
4.1642e-22
3.28512e-24
2.46574e-26
1.76053e-28
1.19594e-30
7.73193e-33
4.75031e-35
2.6326e-37
0
0
0
0
0
0
0
0
0
0
0
0
0
0
0
0
0
0
0
0
0
0
0
0
0
0
0
0
0
0
0
0
0
0
0
0
0
0
0
0
0
0
0
0
0
0
0
0
0
0
0
0
0
0
0
0
0
0
0
0
0
0
0
0
0
0
0
0
0
0
0
0
0
0
0
0
0
0
0
0
0
0
0
0
0
0
0
0
0
0
0
0
0
0
0
0
0
0
0
0
0
0
0
0
0
0
0
0
0
0
0
0
0
0
0
0
0
0
0
0
0
0
0
0
0
0
0
0
0
0
0
0
0
0
0
0
0
0
0
0
0
0
0
0
0
0
0
0
0
