3.59982e+07
1728.03
16.647
0.204316
0.00278477
3.99012e-05
5.83836e-07
8.56735e-09
1.24489e-10
1.77297e-12
2.45287e-14
3.27085e-16
4.1771e-18
5.0842e-20
5.87901e-22
6.44634e-24
6.69758e-26
6.59377e-28
6.15468e-30
5.45176e-32
4.58596e-34
3.63695e-36
2.3459e-38
0
0
0
0
0
0
0
0
0
0
0
0
0
0
0
0
0
0
0
0
0
0
0
0
0
0
0
0
0
0
0
0
0
0
0
0
0
0
0
0
0
0
0
0
0
0
0
0
0
0
0
0
0
0
0
0
0
0
0
0
0
0
0
0
0
0
0
0
0
0
0
0
0
0
0
0
0
0
0
0
0
0
0
0
0
0
0
0
0
0
0
0
0
0
0
0
0
0
0
0
0
0
0
0
0
0
0
0
0
0
0
0
0
0
0
0
0
0
0
0
0
0
0
0
0
0
0
0
0
0
0
0
0
0
0
0
0
0
0
0
0
0
0
0
0
0
0
