3.59986e+07
1319.33
9.72833
0.0902469
0.000926603
9.9801e-06
1.09347e-07
1.19379e-09
1.28057e-11
1.33682e-13
1.34902e-15
1.30951e-17
1.21828e-19
1.08328e-21
9.18805e-24
7.4238e-26
5.70966e-28
4.17873e-30
2.91034e-32
1.92759e-34
1.17699e-36
5.42317e-39
0
0
0
0
0
0
0
0
0
0
0
0
0
0
0
0
0
0
0
0
0
0
0
0
0
0
0
0
0
0
0
0
0
0
0
0
0
0
0
0
0
0
0
0
0
0
0
0
0
0
0
0
0
0
0
0
0
0
0
0
0
0
0
0
0
0
0
0
0
0
0
0
0
0
0
0
0
0
0
0
0
0
0
0
0
0
0
0
0
0
0
0
0
0
0
0
0
0
0
0
0
0
0
0
0
0
0
0
0
0
0
0
0
0
0
0
0
0
0
0
0
0
0
0
0
0
0
0
0
0
0
0
0
0
0
0
0
0
0
0
0
0
0
0
0
0
0
0
