3.59988e+07
1184.03
7.83966
0.0650916
0.000603525
6.01031e-06
6.32593e-08
6.94168e-10
7.7977e-12
8.76724e-14
9.65281e-16
1.02292e-17
1.03138e-19
9.82856e-22
8.82409e-24
7.45658e-26
5.93284e-28
4.44972e-30
3.15072e-32
2.10892e-34
1.32425e-36
4.52669e-39
0
0
0
0
0
0
0
0
0
0
0
0
0
0
0
0
0
0
0
0
0
0
0
0
0
0
0
0
0
0
0
0
0
0
0
0
0
0
0
0
0
0
0
0
0
0
0
0
0
0
0
0
0
0
0
0
0
0
0
0
0
0
0
0
0
0
0
0
0
0
0
0
0
0
0
0
0
0
0
0
0
0
0
0
0
0
0
0
0
0
0
0
0
0
0
0
0
0
0
0
0
0
0
0
0
0
0
0
0
0
0
0
0
0
0
0
0
0
0
0
0
0
0
0
0
0
0
0
0
0
0
0
0
0
0
0
0
0
0
0
0
0
0
0
0
0
0
0
