3.59985e+07
1429.48
11.4171
0.115509
0.00130885
1.59127e-05
2.0262e-07
2.63861e-09
3.4286e-11
4.35011e-13
5.30348e-15
6.14928e-17
6.74162e-19
6.96921e-21
6.7877e-23
6.23063e-25
5.39572e-27
4.41437e-29
3.41713e-31
2.50656e-33
1.73928e-35
9.76192e-38
0
0
0
0
0
0
0
0
0
0
0
0
0
0
0
0
0
0
0
0
0
0
0
0
0
0
0
0
0
0
0
0
0
0
0
0
0
0
0
0
0
0
0
0
0
0
0
0
0
0
0
0
0
0
0
0
0
0
0
0
0
0
0
0
0
0
0
0
0
0
0
0
0
0
0
0
0
0
0
0
0
0
0
0
0
0
0
0
0
0
0
0
0
0
0
0
0
0
0
0
0
0
0
0
0
0
0
0
0
0
0
0
0
0
0
0
0
0
0
0
0
0
0
0
0
0
0
0
0
0
0
0
0
0
0
0
0
0
0
0
0
0
0
0
0
0
0
0
