3.59986e+07
1294.31
9.33384
0.0842309
0.000839929
8.86411e-06
9.73351e-08
1.10066e-09
1.2668e-11
1.46146e-13
1.66172e-15
1.83405e-17
1.94216e-19
1.95792e-21
1.87049e-23
1.68967e-25
1.44228e-27
1.16371e-29
8.88345e-32
6.42251e-34
4.37951e-36
2.55782e-38
0
0
0
0
0
0
0
0
0
0
0
0
0
0
0
0
0
0
0
0
0
0
0
0
0
0
0
0
0
0
0
0
0
0
0
0
0
0
0
0
0
0
0
0
0
0
0
0
0
0
0
0
0
0
0
0
0
0
0
0
0
0
0
0
0
0
0
0
0
0
0
0
0
0
0
0
0
0
0
0
0
0
0
0
0
0
0
0
0
0
0
0
0
0
0
0
0
0
0
0
0
0
0
0
0
0
0
0
0
0
0
0
0
0
0
0
0
0
0
0
0
0
0
0
0
0
0
0
0
0
0
0
0
0
0
0
0
0
0
0
0
0
0
0
0
0
0
0
