3.59982e+07
1731.39
16.69
0.205076
0.00281465
4.1097e-05
6.21932e-07
9.56463e-09
1.46941e-10
2.22261e-12
3.27274e-14
4.65307e-16
6.35192e-18
8.29385e-20
1.03323e-21
1.22608e-23
1.38451e-25
1.48704e-27
1.51907e-29
1.47627e-31
1.36537e-33
1.19947e-35
9.24933e-38
0
0
0
0
0
0
0
0
0
0
0
0
0
0
0
0
0
0
0
0
0
0
0
0
0
0
0
0
0
0
0
0
0
0
0
0
0
0
0
0
0
0
0
0
0
0
0
0
0
0
0
0
0
0
0
0
0
0
0
0
0
0
0
0
0
0
0
0
0
0
0
0
0
0
0
0
0
0
0
0
0
0
0
0
0
0
0
0
0
0
0
0
0
0
0
0
0
0
0
0
0
0
0
0
0
0
0
0
0
0
0
0
0
0
0
0
0
0
0
0
0
0
0
0
0
0
0
0
0
0
0
0
0
0
0
0
0
0
0
0
0
0
0
0
0
0
0
