3.59988e+07
1114.64
6.95732
0.0542704
0.000471718
4.38392e-06
4.26883e-08
4.28443e-10
4.35851e-12
4.4158e-14
4.38089e-16
4.19552e-18
3.83779e-20
3.33007e-22
2.73032e-24
2.11174e-26
1.54041e-28
1.06048e-30
6.8983e-33
4.23781e-35
2.42264e-37
0
0
0
0
0
0
0
0
0
0
0
0
0
0
0
0
0
0
0
0
0
0
0
0
0
0
0
0
0
0
0
0
0
0
0
0
0
0
0
0
0
0
0
0
0
0
0
0
0
0
0
0
0
0
0
0
0
0
0
0
0
0
0
0
0
0
0
0
0
0
0
0
0
0
0
0
0
0
0
0
0
0
0
0
0
0
0
0
0
0
0
0
0
0
0
0
0
0
0
0
0
0
0
0
0
0
0
0
0
0
0
0
0
0
0
0
0
0
0
0
0
0
0
0
0
0
0
0
0
0
0
0
0
0
0
0
0
0
0
0
0
0
0
0
0
0
0
0
0
