3.59989e+07
1101.77
6.79592
0.0523741
0.000448035
4.07086e-06
3.86985e-08
3.83447e-10
3.94593e-12
4.16933e-14
4.43598e-16
4.65031e-18
4.7163e-20
4.5692e-22
4.1968e-24
3.6407e-26
2.97871e-28
2.29864e-30
1.67451e-32
1.15262e-34
7.44426e-37
4.52669e-39
0
0
0
0
0
0
0
0
0
0
0
0
0
0
0
0
0
0
0
0
0
0
0
0
0
0
0
0
0
0
0
0
0
0
0
0
0
0
0
0
0
0
0
0
0
0
0
0
0
0
0
0
0
0
0
0
0
0
0
0
0
0
0
0
0
0
0
0
0
0
0
0
0
0
0
0
0
0
0
0
0
0
0
0
0
0
0
0
0
0
0
0
0
0
0
0
0
0
0
0
0
0
0
0
0
0
0
0
0
0
0
0
0
0
0
0
0
0
0
0
0
0
0
0
0
0
0
0
0
0
0
0
0
0
0
0
0
0
0
0
0
0
0
0
0
0
0
0
