3.59988e+07
1136.13
7.21924
0.0574072
0.000510159
4.86996e-06
4.88472e-08
5.03809e-10
5.22928e-12
5.36083e-14
5.35048e-16
5.14651e-18
4.73838e-20
4.15732e-22
3.46633e-24
2.74238e-26
2.05728e-28
1.46334e-30
9.87269e-33
6.31633e-35
3.66173e-37
0
0
0
0
0
0
0
0
0
0
0
0
0
0
0
0
0
0
0
0
0
0
0
0
0
0
0
0
0
0
0
0
0
0
0
0
0
0
0
0
0
0
0
0
0
0
0
0
0
0
0
0
0
0
0
0
0
0
0
0
0
0
0
0
0
0
0
0
0
0
0
0
0
0
0
0
0
0
0
0
0
0
0
0
0
0
0
0
0
0
0
0
0
0
0
0
0
0
0
0
0
0
0
0
0
0
0
0
0
0
0
0
0
0
0
0
0
0
0
0
0
0
0
0
0
0
0
0
0
0
0
0
0
0
0
0
0
0
0
0
0
0
0
0
0
0
0
0
0
