3.59988e+07
1178.19
7.75178
0.0636452
0.000576027
5.4628e-06
5.2801e-08
5.10769e-10
4.88877e-12
4.59824e-14
4.23059e-16
3.79174e-18
3.29589e-20
2.76529e-22
2.22929e-24
1.72008e-26
1.26648e-28
8.88065e-31
5.92339e-33
3.74758e-35
2.13081e-37
0
0
0
0
0
0
0
0
0
0
0
0
0
0
0
0
0
0
0
0
0
0
0
0
0
0
0
0
0
0
0
0
0
0
0
0
0
0
0
0
0
0
0
0
0
0
0
0
0
0
0
0
0
0
0
0
0
0
0
0
0
0
0
0
0
0
0
0
0
0
0
0
0
0
0
0
0
0
0
0
0
0
0
0
0
0
0
0
0
0
0
0
0
0
0
0
0
0
0
0
0
0
0
0
0
0
0
0
0
0
0
0
0
0
0
0
0
0
0
0
0
0
0
0
0
0
0
0
0
0
0
0
0
0
0
0
0
0
0
0
0
0
0
0
0
0
0
0
0
