3.59988e+07
1161.5
7.56287
0.0616223
0.000555513
5.26698e-06
5.10622e-08
4.95768e-10
4.73985e-12
4.40094e-14
3.92554e-16
3.33716e-18
2.68957e-20
2.04862e-22
1.47257e-24
9.98662e-27
6.39309e-29
3.86727e-31
2.21295e-33
1.19083e-35
4.88735e-38
0
0
0
0
0
0
0
0
0
0
0
0
0
0
0
0
0
0
0
0
0
0
0
0
0
0
0
0
0
0
0
0
0
0
0
0
0
0
0
0
0
0
0
0
0
0
0
0
0
0
0
0
0
0
0
0
0
0
0
0
0
0
0
0
0
0
0
0
0
0
0
0
0
0
0
0
0
0
0
0
0
0
0
0
0
0
0
0
0
0
0
0
0
0
0
0
0
0
0
0
0
0
0
0
0
0
0
0
0
0
0
0
0
0
0
0
0
0
0
0
0
0
0
0
0
0
0
0
0
0
0
0
0
0
0
0
0
0
0
0
0
0
0
0
0
0
0
0
0
