3.59989e+07
1060.79
6.30645
0.0466368
0.000382066
3.32417e-06
3.02111e-08
2.84269e-10
2.7463e-12
2.69257e-14
2.63868e-16
2.54294e-18
2.37543e-20
2.12724e-22
1.81286e-24
1.46385e-26
1.11763e-28
8.06316e-31
5.49843e-33
3.54324e-35
2.13081e-37
0
0
0
0
0
0
0
0
0
0
0
0
0
0
0
0
0
0
0
0
0
0
0
0
0
0
0
0
0
0
0
0
0
0
0
0
0
0
0
0
0
0
0
0
0
0
0
0
0
0
0
0
0
0
0
0
0
0
0
0
0
0
0
0
0
0
0
0
0
0
0
0
0
0
0
0
0
0
0
0
0
0
0
0
0
0
0
0
0
0
0
0
0
0
0
0
0
0
0
0
0
0
0
0
0
0
0
0
0
0
0
0
0
0
0
0
0
0
0
0
0
0
0
0
0
0
0
0
0
0
0
0
0
0
0
0
0
0
0
0
0
0
0
0
0
0
0
0
0
