3.59984e+07
1547.35
13.3299
0.145211
0.00175458
2.24011e-05
2.953e-07
3.96352e-09
5.35619e-11
7.20494e-13
9.53337e-15
1.22703e-16
1.52206e-18
1.80717e-20
2.04443e-22
2.1977e-24
2.24178e-26
2.1691e-28
1.99122e-30
1.73538e-32
1.43608e-34
1.1213e-36
7.6776e-39
0
0
0
0
0
0
0
0
0
0
0
0
0
0
0
0
0
0
0
0
0
0
0
0
0
0
0
0
0
0
0
0
0
0
0
0
0
0
0
0
0
0
0
0
0
0
0
0
0
0
0
0
0
0
0
0
0
0
0
0
0
0
0
0
0
0
0
0
0
0
0
0
0
0
0
0
0
0
0
0
0
0
0
0
0
0
0
0
0
0
0
0
0
0
0
0
0
0
0
0
0
0
0
0
0
0
0
0
0
0
0
0
0
0
0
0
0
0
0
0
0
0
0
0
0
0
0
0
0
0
0
0
0
0
0
0
0
0
0
0
0
0
0
0
0
0
0
