3.59982e+07
1730.06
16.6877
0.20464
0.00278744
4.03846e-05
6.17936e-07
1.0071e-08
1.75402e-10
3.20848e-12
5.96054e-14
1.08729e-15
1.90142e-17
3.1448e-19
4.88853e-21
7.12833e-23
9.75381e-25
1.25423e-26
1.51863e-28
1.7351e-30
1.87467e-32
1.91897e-34
1.86373e-36
1.61067e-38
0
0
0
0
0
0
0
0
0
0
0
0
0
0
0
0
0
0
0
0
0
0
0
0
0
0
0
0
0
0
0
0
0
0
0
0
0
0
0
0
0
0
0
0
0
0
0
0
0
0
0
0
0
0
0
0
0
0
0
0
0
0
0
0
0
0
0
0
0
0
0
0
0
0
0
0
0
0
0
0
0
0
0
0
0
0
0
0
0
0
0
0
0
0
0
0
0
0
0
0
0
0
0
0
0
0
0
0
0
0
0
0
0
0
0
0
0
0
0
0
0
0
0
0
0
0
0
0
0
0
0
0
0
0
0
0
0
0
0
0
0
0
0
0
0
0
