3.59985e+07
1428.83
11.4025
0.115051
0.00129235
1.54661e-05
1.94364e-07
2.55792e-09
3.51196e-11
4.96035e-13
7.0417e-15
9.80534e-17
1.31406e-18
1.67454e-20
2.01604e-22
2.28697e-24
2.44323e-26
2.45997e-28
2.33745e-30
2.09952e-32
1.78504e-34
1.43695e-36
1.02717e-38
0
0
0
0
0
0
0
0
0
0
0
0
0
0
0
0
0
0
0
0
0
0
0
0
0
0
0
0
0
0
0
0
0
0
0
0
0
0
0
0
0
0
0
0
0
0
0
0
0
0
0
0
0
0
0
0
0
0
0
0
0
0
0
0
0
0
0
0
0
0
0
0
0
0
0
0
0
0
0
0
0
0
0
0
0
0
0
0
0
0
0
0
0
0
0
0
0
0
0
0
0
0
0
0
0
0
0
0
0
0
0
0
0
0
0
0
0
0
0
0
0
0
0
0
0
0
0
0
0
0
0
0
0
0
0
0
0
0
0
0
0
0
0
0
0
0
0
