3.59986e+07
1290.33
9.30735
0.0843664
0.00084596
8.91206e-06
9.57906e-08
1.02716e-09
1.07862e-11
1.09297e-13
1.05726e-15
9.69381e-18
8.38974e-20
6.84061e-22
5.25213e-24
3.79923e-26
2.59212e-28
1.67046e-30
1.01835e-32
5.86486e-35
2.93114e-37
0
0
0
0
0
0
0
0
0
0
0
0
0
0
0
0
0
0
0
0
0
0
0
0
0
0
0
0
0
0
0
0
0
0
0
0
0
0
0
0
0
0
0
0
0
0
0
0
0
0
0
0
0
0
0
0
0
0
0
0
0
0
0
0
0
0
0
0
0
0
0
0
0
0
0
0
0
0
0
0
0
0
0
0
0
0
0
0
0
0
0
0
0
0
0
0
0
0
0
0
0
0
0
0
0
0
0
0
0
0
0
0
0
0
0
0
0
0
0
0
0
0
0
0
0
0
0
0
0
0
0
0
0
0
0
0
0
0
0
0
0
0
0
0
0
0
0
0
0
