3.59989e+07
1076.19
6.48317
0.0485386
0.000400379
3.46317e-06
3.05912e-08
2.70737e-10
2.36478e-12
2.01421e-14
1.65721e-16
1.3076e-18
9.8433e-21
7.04436e-23
4.78255e-25
3.07714e-27
1.87586e-29
1.08383e-31
5.93563e-34
3.03569e-36
1.04722e-38
0
0
0
0
0
0
0
0
0
0
0
0
0
0
0
0
0
0
0
0
0
0
0
0
0
0
0
0
0
0
0
0
0
0
0
0
0
0
0
0
0
0
0
0
0
0
0
0
0
0
0
0
0
0
0
0
0
0
0
0
0
0
0
0
0
0
0
0
0
0
0
0
0
0
0
0
0
0
0
0
0
0
0
0
0
0
0
0
0
0
0
0
0
0
0
0
0
0
0
0
0
0
0
0
0
0
0
0
0
0
0
0
0
0
0
0
0
0
0
0
0
0
0
0
0
0
0
0
0
0
0
0
0
0
0
0
0
0
0
0
0
0
0
0
0
0
0
0
0
