3.59982e+07
1720.77
16.4787
0.20078
0.00272054
3.88962e-05
5.69497e-07
8.3492e-09
1.20341e-10
1.68102e-12
2.25244e-14
2.87556e-16
3.48386e-18
3.99763e-20
4.34179e-22
4.4644e-24
4.34929e-26
4.01889e-28
3.52671e-30
2.94294e-32
2.33658e-34
1.73249e-36
7.6776e-39
0
0
0
0
0
0
0
0
0
0
0
0
0
0
0
0
0
0
0
0
0
0
0
0
0
0
0
0
0
0
0
0
0
0
0
0
0
0
0
0
0
0
0
0
0
0
0
0
0
0
0
0
0
0
0
0
0
0
0
0
0
0
0
0
0
0
0
0
0
0
0
0
0
0
0
0
0
0
0
0
0
0
0
0
0
0
0
0
0
0
0
0
0
0
0
0
0
0
0
0
0
0
0
0
0
0
0
0
0
0
0
0
0
0
0
0
0
0
0
0
0
0
0
0
0
0
0
0
0
0
0
0
0
0
0
0
0
0
0
0
0
0
0
0
0
0
0
