3.59984e+07
1548.96
13.3607
0.146317
0.00179485
2.36439e-05
3.28259e-07
4.73556e-09
6.98404e-11
1.03283e-12
1.50189e-14
2.11199e-16
2.83736e-18
3.6135e-20
4.34382e-22
4.91988e-24
5.24893e-26
5.27878e-28
5.01068e-30
4.49618e-32
3.81948e-34
3.05893e-36
2.07484e-38
0
0
0
0
0
0
0
0
0
0
0
0
0
0
0
0
0
0
0
0
0
0
0
0
0
0
0
0
0
0
0
0
0
0
0
0
0
0
0
0
0
0
0
0
0
0
0
0
0
0
0
0
0
0
0
0
0
0
0
0
0
0
0
0
0
0
0
0
0
0
0
0
0
0
0
0
0
0
0
0
0
0
0
0
0
0
0
0
0
0
0
0
0
0
0
0
0
0
0
0
0
0
0
0
0
0
0
0
0
0
0
0
0
0
0
0
0
0
0
0
0
0
0
0
0
0
0
0
0
0
0
0
0
0
0
0
0
0
0
0
0
0
0
0
0
0
0
