3.59989e+07
1070.67
6.42908
0.0480618
0.000396091
3.41618e-06
2.99522e-08
2.61558e-10
2.24166e-12
1.86635e-14
1.49902e-16
1.15586e-18
8.5263e-21
6.00105e-23
4.02212e-25
2.56361e-27
1.55259e-29
8.93124e-32
4.87628e-34
2.46597e-36
9.10631e-39
0
0
0
0
0
0
0
0
0
0
0
0
0
0
0
0
0
0
0
0
0
0
0
0
0
0
0
0
0
0
0
0
0
0
0
0
0
0
0
0
0
0
0
0
0
0
0
0
0
0
0
0
0
0
0
0
0
0
0
0
0
0
0
0
0
0
0
0
0
0
0
0
0
0
0
0
0
0
0
0
0
0
0
0
0
0
0
0
0
0
0
0
0
0
0
0
0
0
0
0
0
0
0
0
0
0
0
0
0
0
0
0
0
0
0
0
0
0
0
0
0
0
0
0
0
0
0
0
0
0
0
0
0
0
0
0
0
0
0
0
0
0
0
0
0
0
0
0
0
