3.59989e+07
1100.39
6.7758
0.0519863
0.000443385
4.06309e-06
3.99704e-08
4.2571e-10
4.88655e-12
5.87713e-14
7.11826e-16
8.39344e-18
9.43067e-20
9.98525e-22
9.91813e-24
9.23302e-26
8.06292e-28
6.61662e-30
5.11306e-32
3.72828e-34
2.56931e-36
1.55331e-38
0
0
0
0
0
0
0
0
0
0
0
0
0
0
0
0
0
0
0
0
0
0
0
0
0
0
0
0
0
0
0
0
0
0
0
0
0
0
0
0
0
0
0
0
0
0
0
0
0
0
0
0
0
0
0
0
0
0
0
0
0
0
0
0
0
0
0
0
0
0
0
0
0
0
0
0
0
0
0
0
0
0
0
0
0
0
0
0
0
0
0
0
0
0
0
0
0
0
0
0
0
0
0
0
0
0
0
0
0
0
0
0
0
0
0
0
0
0
0
0
0
0
0
0
0
0
0
0
0
0
0
0
0
0
0
0
0
0
0
0
0
0
0
0
0
0
0
0
