3.59987e+07
1204.62
8.11109
0.0685236
0.00064484
6.52106e-06
7.06885e-08
8.25442e-10
1.02917e-11
1.33084e-13
1.72027e-15
2.15628e-17
2.57089e-19
2.88625e-21
3.0382e-23
2.99588e-25
2.76959e-27
2.40443e-29
1.96432e-31
1.51333e-33
1.10037e-35
7.55159e-38
0
0
0
0
0
0
0
0
0
0
0
0
0
0
0
0
0
0
0
0
0
0
0
0
0
0
0
0
0
0
0
0
0
0
0
0
0
0
0
0
0
0
0
0
0
0
0
0
0
0
0
0
0
0
0
0
0
0
0
0
0
0
0
0
0
0
0
0
0
0
0
0
0
0
0
0
0
0
0
0
0
0
0
0
0
0
0
0
0
0
0
0
0
0
0
0
0
0
0
0
0
0
0
0
0
0
0
0
0
0
0
0
0
0
0
0
0
0
0
0
0
0
0
0
0
0
0
0
0
0
0
0
0
0
0
0
0
0
0
0
0
0
0
0
0
0
0
0
