3.59983e+07
1626.74
14.7325
0.169233
0.00215796
2.90861e-05
4.04673e-07
5.72133e-09
8.11188e-11
1.13893e-12
1.56456e-14
2.08048e-16
2.65492e-18
3.23068e-20
3.7331e-22
4.08646e-24
4.23326e-26
4.14967e-28
3.85124e-30
3.38724e-32
2.82531e-34
2.21901e-36
1.55123e-38
0
0
0
0
0
0
0
0
0
0
0
0
0
0
0
0
0
0
0
0
0
0
0
0
0
0
0
0
0
0
0
0
0
0
0
0
0
0
0
0
0
0
0
0
0
0
0
0
0
0
0
0
0
0
0
0
0
0
0
0
0
0
0
0
0
0
0
0
0
0
0
0
0
0
0
0
0
0
0
0
0
0
0
0
0
0
0
0
0
0
0
0
0
0
0
0
0
0
0
0
0
0
0
0
0
0
0
0
0
0
0
0
0
0
0
0
0
0
0
0
0
0
0
0
0
0
0
0
0
0
0
0
0
0
0
0
0
0
0
0
0
0
0
0
0
0
0
