3.59989e+07
1087.61
6.62501
0.0502438
0.000423236
3.81586e-06
3.64811e-08
3.69327e-10
3.9369e-12
4.34295e-14
4.83035e-16
5.27713e-18
5.5511e-20
5.55178e-22
5.24335e-24
4.6626e-26
3.9014e-28
3.07376e-30
2.28328e-32
1.60137e-34
1.05949e-36
6.48701e-39
0
0
0
0
0
0
0
0
0
0
0
0
0
0
0
0
0
0
0
0
0
0
0
0
0
0
0
0
0
0
0
0
0
0
0
0
0
0
0
0
0
0
0
0
0
0
0
0
0
0
0
0
0
0
0
0
0
0
0
0
0
0
0
0
0
0
0
0
0
0
0
0
0
0
0
0
0
0
0
0
0
0
0
0
0
0
0
0
0
0
0
0
0
0
0
0
0
0
0
0
0
0
0
0
0
0
0
0
0
0
0
0
0
0
0
0
0
0
0
0
0
0
0
0
0
0
0
0
0
0
0
0
0
0
0
0
0
0
0
0
0
0
0
0
0
0
0
0
