3.59986e+07
1361.95
10.3413
0.0986951
0.00104292
1.16461e-05
1.343e-07
1.57253e-09
1.84095e-11
2.12401e-13
2.38506e-15
2.58074e-17
2.67131e-19
2.63205e-21
2.46116e-23
2.18058e-25
1.82958e-27
1.45399e-29
1.09516e-31
7.82404e-34
5.25044e-36
2.82928e-38
0
0
0
0
0
0
0
0
0
0
0
0
0
0
0
0
0
0
0
0
0
0
0
0
0
0
0
0
0
0
0
0
0
0
0
0
0
0
0
0
0
0
0
0
0
0
0
0
0
0
0
0
0
0
0
0
0
0
0
0
0
0
0
0
0
0
0
0
0
0
0
0
0
0
0
0
0
0
0
0
0
0
0
0
0
0
0
0
0
0
0
0
0
0
0
0
0
0
0
0
0
0
0
0
0
0
0
0
0
0
0
0
0
0
0
0
0
0
0
0
0
0
0
0
0
0
0
0
0
0
0
0
0
0
0
0
0
0
0
0
0
0
0
0
0
0
0
0
