3.59987e+07
1201.33
8.06068
0.067541
0.000624921
6.07847e-06
6.04472e-08
6.01961e-10
5.9092e-12
5.65355e-14
5.23074e-16
4.65602e-18
3.9738e-20
3.24459e-22
2.53055e-24
1.88331e-26
1.33657e-28
9.04197e-31
5.8296e-33
3.57265e-35
1.92519e-37
0
0
0
0
0
0
0
0
0
0
0
0
0
0
0
0
0
0
0
0
0
0
0
0
0
0
0
0
0
0
0
0
0
0
0
0
0
0
0
0
0
0
0
0
0
0
0
0
0
0
0
0
0
0
0
0
0
0
0
0
0
0
0
0
0
0
0
0
0
0
0
0
0
0
0
0
0
0
0
0
0
0
0
0
0
0
0
0
0
0
0
0
0
0
0
0
0
0
0
0
0
0
0
0
0
0
0
0
0
0
0
0
0
0
0
0
0
0
0
0
0
0
0
0
0
0
0
0
0
0
0
0
0
0
0
0
0
0
0
0
0
0
0
0
0
0
0
0
0
