3.59983e+07
1597.61
14.2429
0.161539
0.00204318
2.73489e-05
3.76301e-07
5.22083e-09
7.20568e-11
9.79116e-13
1.29852e-14
1.66824e-16
2.0631e-18
2.44369e-20
2.76204e-22
2.9717e-24
3.03917e-26
2.95266e-28
2.72506e-30
2.39014e-32
1.99238e-34
1.56066e-36
1.02717e-38
0
0
0
0
0
0
0
0
0
0
0
0
0
0
0
0
0
0
0
0
0
0
0
0
0
0
0
0
0
0
0
0
0
0
0
0
0
0
0
0
0
0
0
0
0
0
0
0
0
0
0
0
0
0
0
0
0
0
0
0
0
0
0
0
0
0
0
0
0
0
0
0
0
0
0
0
0
0
0
0
0
0
0
0
0
0
0
0
0
0
0
0
0
0
0
0
0
0
0
0
0
0
0
0
0
0
0
0
0
0
0
0
0
0
0
0
0
0
0
0
0
0
0
0
0
0
0
0
0
0
0
0
0
0
0
0
0
0
0
0
0
0
0
0
0
0
0
