3.59984e+07
1515.16
12.8106
0.137334
0.00164538
2.10833e-05
2.82171e-07
3.85666e-09
5.25516e-11
6.98255e-13
8.89465e-15
1.07431e-16
1.22278e-18
1.30794e-20
1.31397e-22
1.24058e-24
1.10231e-26
9.23325e-29
7.30439e-31
5.46735e-33
3.87056e-35
2.42023e-37
0
0
0
0
0
0
0
0
0
0
0
0
0
0
0
0
0
0
0
0
0
0
0
0
0
0
0
0
0
0
0
0
0
0
0
0
0
0
0
0
0
0
0
0
0
0
0
0
0
0
0
0
0
0
0
0
0
0
0
0
0
0
0
0
0
0
0
0
0
0
0
0
0
0
0
0
0
0
0
0
0
0
0
0
0
0
0
0
0
0
0
0
0
0
0
0
0
0
0
0
0
0
0
0
0
0
0
0
0
0
0
0
0
0
0
0
0
0
0
0
0
0
0
0
0
0
0
0
0
0
0
0
0
0
0
0
0
0
0
0
0
0
0
0
0
0
0
0
