3.59989e+07
1102.97
6.80598
0.0524305
0.000449422
4.12003e-06
3.98594e-08
4.04509e-10
4.27226e-12
4.62742e-14
5.03651e-16
5.3937e-18
5.58536e-20
5.52483e-22
5.18157e-24
4.58967e-26
3.83367e-28
3.01947e-30
2.24429e-32
1.57579e-34
1.04046e-36
6.487e-39
0
0
0
0
0
0
0
0
0
0
0
0
0
0
0
0
0
0
0
0
0
0
0
0
0
0
0
0
0
0
0
0
0
0
0
0
0
0
0
0
0
0
0
0
0
0
0
0
0
0
0
0
0
0
0
0
0
0
0
0
0
0
0
0
0
0
0
0
0
0
0
0
0
0
0
0
0
0
0
0
0
0
0
0
0
0
0
0
0
0
0
0
0
0
0
0
0
0
0
0
0
0
0
0
0
0
0
0
0
0
0
0
0
0
0
0
0
0
0
0
0
0
0
0
0
0
0
0
0
0
0
0
0
0
0
0
0
0
0
0
0
0
0
0
0
0
0
0
