3.59986e+07
1344.36
10.0661
0.0945216
0.000977086
1.05426e-05
1.15373e-07
1.25652e-09
1.34316e-11
1.39406e-13
1.39286e-15
1.33108e-17
1.21119e-19
1.04646e-21
8.57255e-24
6.65572e-26
4.89874e-28
3.42046e-30
2.26773e-32
1.42705e-34
8.23273e-37
0
0
0
0
0
0
0
0
0
0
0
0
0
0
0
0
0
0
0
0
0
0
0
0
0
0
0
0
0
0
0
0
0
0
0
0
0
0
0
0
0
0
0
0
0
0
0
0
0
0
0
0
0
0
0
0
0
0
0
0
0
0
0
0
0
0
0
0
0
0
0
0
0
0
0
0
0
0
0
0
0
0
0
0
0
0
0
0
0
0
0
0
0
0
0
0
0
0
0
0
0
0
0
0
0
0
0
0
0
0
0
0
0
0
0
0
0
0
0
0
0
0
0
0
0
0
0
0
0
0
0
0
0
0
0
0
0
0
0
0
0
0
0
0
0
0
0
0
0
