3.59988e+07
1190.06
7.88847
0.064963
0.000587022
5.52597e-06
5.25453e-08
4.93375e-10
4.49972e-12
3.94161e-14
3.29244e-16
2.61144e-18
1.96252e-20
1.39626e-22
9.40541e-25
6.00241e-27
3.63274e-29
2.08739e-31
1.13955e-33
5.82299e-36
1.31941e-38
0
0
0
0
0
0
0
0
0
0
0
0
0
0
0
0
0
0
0
0
0
0
0
0
0
0
0
0
0
0
0
0
0
0
0
0
0
0
0
0
0
0
0
0
0
0
0
0
0
0
0
0
0
0
0
0
0
0
0
0
0
0
0
0
0
0
0
0
0
0
0
0
0
0
0
0
0
0
0
0
0
0
0
0
0
0
0
0
0
0
0
0
0
0
0
0
0
0
0
0
0
0
0
0
0
0
0
0
0
0
0
0
0
0
0
0
0
0
0
0
0
0
0
0
0
0
0
0
0
0
0
0
0
0
0
0
0
0
0
0
0
0
0
0
0
0
0
0
0
