3.59983e+07
1685.12
15.8376
0.190218
0.00257257
3.75821e-05
5.80591e-07
9.28397e-09
1.49874e-10
2.3838e-12
3.66364e-14
5.36941e-16
7.44613e-18
9.73241e-20
1.19724e-21
1.38633e-23
1.51255e-25
1.55721e-27
1.51538e-29
1.39639e-31
1.22045e-33
1.01077e-35
7.40559e-38
0
0
0
0
0
0
0
0
0
0
0
0
0
0
0
0
0
0
0
0
0
0
0
0
0
0
0
0
0
0
0
0
0
0
0
0
0
0
0
0
0
0
0
0
0
0
0
0
0
0
0
0
0
0
0
0
0
0
0
0
0
0
0
0
0
0
0
0
0
0
0
0
0
0
0
0
0
0
0
0
0
0
0
0
0
0
0
0
0
0
0
0
0
0
0
0
0
0
0
0
0
0
0
0
0
0
0
0
0
0
0
0
0
0
0
0
0
0
0
0
0
0
0
0
0
0
0
0
0
0
0
0
0
0
0
0
0
0
0
0
0
0
0
0
0
0
0
