3.59986e+07
1403.92
10.9966
0.108892
0.00120616
1.43089e-05
1.77247e-07
2.23581e-09
2.79947e-11
3.40362e-13
3.95447e-15
4.3468e-17
4.49621e-19
4.36645e-21
3.97992e-23
3.40754e-25
2.74449e-27
2.08311e-29
1.49285e-31
1.01184e-33
6.44654e-36
2.65692e-38
0
0
0
0
0
0
0
0
0
0
0
0
0
0
0
0
0
0
0
0
0
0
0
0
0
0
0
0
0
0
0
0
0
0
0
0
0
0
0
0
0
0
0
0
0
0
0
0
0
0
0
0
0
0
0
0
0
0
0
0
0
0
0
0
0
0
0
0
0
0
0
0
0
0
0
0
0
0
0
0
0
0
0
0
0
0
0
0
0
0
0
0
0
0
0
0
0
0
0
0
0
0
0
0
0
0
0
0
0
0
0
0
0
0
0
0
0
0
0
0
0
0
0
0
0
0
0
0
0
0
0
0
0
0
0
0
0
0
0
0
0
0
0
0
0
0
0
0
