3.59983e+07
1645.93
15.1101
0.176205
0.002281
3.11237e-05
4.35753e-07
6.14509e-09
8.59618e-11
1.17702e-12
1.56004e-14
1.98436e-16
2.40757e-18
2.77499e-20
3.03143e-22
3.13517e-24
3.06908e-26
2.84484e-28
2.49888e-30
2.08217e-32
1.64638e-34
1.21442e-36
3.64367e-39
0
0
0
0
0
0
0
0
0
0
0
0
0
0
0
0
0
0
0
0
0
0
0
0
0
0
0
0
0
0
0
0
0
0
0
0
0
0
0
0
0
0
0
0
0
0
0
0
0
0
0
0
0
0
0
0
0
0
0
0
0
0
0
0
0
0
0
0
0
0
0
0
0
0
0
0
0
0
0
0
0
0
0
0
0
0
0
0
0
0
0
0
0
0
0
0
0
0
0
0
0
0
0
0
0
0
0
0
0
0
0
0
0
0
0
0
0
0
0
0
0
0
0
0
0
0
0
0
0
0
0
0
0
0
0
0
0
0
0
0
0
0
0
0
0
0
0
