3.59984e+07
1540.04
13.2334
0.144449
0.00176581
2.32553e-05
3.26318e-07
4.84247e-09
7.47766e-11
1.17124e-12
1.81103e-14
2.70482e-16
3.84628e-18
5.1656e-20
6.52735e-22
7.7519e-24
8.65595e-26
9.09914e-28
9.01969e-30
8.44688e-32
7.48657e-34
6.27461e-36
4.96216e-38
0
0
0
0
0
0
0
0
0
0
0
0
0
0
0
0
0
0
0
0
0
0
0
0
0
0
0
0
0
0
0
0
0
0
0
0
0
0
0
0
0
0
0
0
0
0
0
0
0
0
0
0
0
0
0
0
0
0
0
0
0
0
0
0
0
0
0
0
0
0
0
0
0
0
0
0
0
0
0
0
0
0
0
0
0
0
0
0
0
0
0
0
0
0
0
0
0
0
0
0
0
0
0
0
0
0
0
0
0
0
0
0
0
0
0
0
0
0
0
0
0
0
0
0
0
0
0
0
0
0
0
0
0
0
0
0
0
0
0
0
0
0
0
0
0
0
0
