3.59988e+07
1184.14
7.85205
0.065282
0.000601892
5.86528e-06
5.91245e-08
6.1046e-10
6.42099e-12
6.83183e-14
7.26901e-16
7.62305e-18
7.76876e-20
7.60671e-22
7.09981e-24
6.28708e-26
5.26937e-28
4.1766e-30
3.13123e-32
2.22116e-34
1.4845e-36
9.23954e-39
0
0
0
0
0
0
0
0
0
0
0
0
0
0
0
0
0
0
0
0
0
0
0
0
0
0
0
0
0
0
0
0
0
0
0
0
0
0
0
0
0
0
0
0
0
0
0
0
0
0
0
0
0
0
0
0
0
0
0
0
0
0
0
0
0
0
0
0
0
0
0
0
0
0
0
0
0
0
0
0
0
0
0
0
0
0
0
0
0
0
0
0
0
0
0
0
0
0
0
0
0
0
0
0
0
0
0
0
0
0
0
0
0
0
0
0
0
0
0
0
0
0
0
0
0
0
0
0
0
0
0
0
0
0
0
0
0
0
0
0
0
0
0
0
0
0
0
0
