3.59987e+07
1222.78
8.3493
0.0713789
0.000674887
6.71733e-06
6.85405e-08
7.02941e-10
7.12465e-12
7.03358e-14
6.68602e-16
6.07001e-18
5.23604e-20
4.27935e-22
3.30983e-24
2.4224e-26
1.67859e-28
1.10232e-30
6.86743e-33
4.05275e-35
2.10211e-37
0
0
0
0
0
0
0
0
0
0
0
0
0
0
0
0
0
0
0
0
0
0
0
0
0
0
0
0
0
0
0
0
0
0
0
0
0
0
0
0
0
0
0
0
0
0
0
0
0
0
0
0
0
0
0
0
0
0
0
0
0
0
0
0
0
0
0
0
0
0
0
0
0
0
0
0
0
0
0
0
0
0
0
0
0
0
0
0
0
0
0
0
0
0
0
0
0
0
0
0
0
0
0
0
0
0
0
0
0
0
0
0
0
0
0
0
0
0
0
0
0
0
0
0
0
0
0
0
0
0
0
0
0
0
0
0
0
0
0
0
0
0
0
0
0
0
0
0
0
