3.59987e+07
1257.5
8.8261
0.0776181
0.000756648
7.81316e-06
8.33985e-08
9.02112e-10
9.71402e-12
1.0257e-13
1.04964e-15
1.03228e-17
9.70191e-20
8.6836e-22
7.38722e-24
5.96798e-26
4.57802e-28
3.33568e-30
2.31001e-32
1.52027e-34
9.34692e-37
4.52669e-39
0
0
0
0
0
0
0
0
0
0
0
0
0
0
0
0
0
0
0
0
0
0
0
0
0
0
0
0
0
0
0
0
0
0
0
0
0
0
0
0
0
0
0
0
0
0
0
0
0
0
0
0
0
0
0
0
0
0
0
0
0
0
0
0
0
0
0
0
0
0
0
0
0
0
0
0
0
0
0
0
0
0
0
0
0
0
0
0
0
0
0
0
0
0
0
0
0
0
0
0
0
0
0
0
0
0
0
0
0
0
0
0
0
0
0
0
0
0
0
0
0
0
0
0
0
0
0
0
0
0
0
0
0
0
0
0
0
0
0
0
0
0
0
0
0
0
0
0
