3.59983e+07
1686.76
15.8977
0.191924
0.00262563
3.9294e-05
6.32489e-07
1.06929e-08
1.83747e-10
3.10776e-12
5.05076e-14
7.77308e-16
1.12436e-17
1.52409e-19
1.93527e-21
2.30432e-23
2.5773e-25
2.71318e-27
2.69402e-29
2.52835e-31
2.24715e-33
1.89251e-35
1.45514e-37
0
0
0
0
0
0
0
0
0
0
0
0
0
0
0
0
0
0
0
0
0
0
0
0
0
0
0
0
0
0
0
0
0
0
0
0
0
0
0
0
0
0
0
0
0
0
0
0
0
0
0
0
0
0
0
0
0
0
0
0
0
0
0
0
0
0
0
0
0
0
0
0
0
0
0
0
0
0
0
0
0
0
0
0
0
0
0
0
0
0
0
0
0
0
0
0
0
0
0
0
0
0
0
0
0
0
0
0
0
0
0
0
0
0
0
0
0
0
0
0
0
0
0
0
0
0
0
0
0
0
0
0
0
0
0
0
0
0
0
0
0
0
0
0
0
0
0
