3.59984e+07
1492.58
12.4067
0.129829
0.0015001
1.82224e-05
2.26858e-07
2.84259e-09
3.53357e-11
4.30756e-13
5.1037e-15
5.8382e-17
6.41646e-19
6.7514e-21
6.78381e-23
6.49791e-25
5.92668e-27
5.14443e-29
4.24895e-31
3.33957e-33
2.49084e-35
1.68178e-37
0
0
0
0
0
0
0
0
0
0
0
0
0
0
0
0
0
0
0
0
0
0
0
0
0
0
0
0
0
0
0
0
0
0
0
0
0
0
0
0
0
0
0
0
0
0
0
0
0
0
0
0
0
0
0
0
0
0
0
0
0
0
0
0
0
0
0
0
0
0
0
0
0
0
0
0
0
0
0
0
0
0
0
0
0
0
0
0
0
0
0
0
0
0
0
0
0
0
0
0
0
0
0
0
0
0
0
0
0
0
0
0
0
0
0
0
0
0
0
0
0
0
0
0
0
0
0
0
0
0
0
0
0
0
0
0
0
0
0
0
0
0
0
0
0
0
0
0
