3.59987e+07
1270.95
9.02659
0.0806336
0.000801637
8.4741e-06
9.3116e-08
1.04649e-09
1.18559e-11
1.3352e-13
1.47526e-15
1.58111e-17
1.62898e-19
1.60274e-21
1.49937e-23
1.33019e-25
1.11772e-27
8.89279e-30
6.70162e-32
4.7859e-34
3.21391e-36
2.00598e-38
0
0
0
0
0
0
0
0
0
0
0
0
0
0
0
0
0
0
0
0
0
0
0
0
0
0
0
0
0
0
0
0
0
0
0
0
0
0
0
0
0
0
0
0
0
0
0
0
0
0
0
0
0
0
0
0
0
0
0
0
0
0
0
0
0
0
0
0
0
0
0
0
0
0
0
0
0
0
0
0
0
0
0
0
0
0
0
0
0
0
0
0
0
0
0
0
0
0
0
0
0
0
0
0
0
0
0
0
0
0
0
0
0
0
0
0
0
0
0
0
0
0
0
0
0
0
0
0
0
0
0
0
0
0
0
0
0
0
0
0
0
0
0
0
0
0
0
0
