3.59988e+07
1117.23
6.9926
0.0546395
0.000473875
4.39283e-06
4.3321e-08
4.57377e-10
5.16104e-12
6.09411e-14
7.28042e-16
8.5252e-18
9.57176e-20
1.01763e-21
1.01843e-23
9.5749e-26
8.45768e-28
7.02718e-30
5.50122e-32
4.06468e-34
2.83422e-36
1.84167e-38
0
0
0
0
0
0
0
0
0
0
0
0
0
0
0
0
0
0
0
0
0
0
0
0
0
0
0
0
0
0
0
0
0
0
0
0
0
0
0
0
0
0
0
0
0
0
0
0
0
0
0
0
0
0
0
0
0
0
0
0
0
0
0
0
0
0
0
0
0
0
0
0
0
0
0
0
0
0
0
0
0
0
0
0
0
0
0
0
0
0
0
0
0
0
0
0
0
0
0
0
0
0
0
0
0
0
0
0
0
0
0
0
0
0
0
0
0
0
0
0
0
0
0
0
0
0
0
0
0
0
0
0
0
0
0
0
0
0
0
0
0
0
0
0
0
0
0
0
