3.59988e+07
1159.41
7.52359
0.0612132
0.000553135
5.27227e-06
5.1352e-08
4.9846e-10
4.72816e-12
4.32088e-14
3.76881e-16
3.12015e-18
2.4449e-20
1.81137e-22
1.26894e-24
8.41145e-27
5.28141e-29
3.14484e-31
1.77758e-33
9.473e-36
3.64001e-38
0
0
0
0
0
0
0
0
0
0
0
0
0
0
0
0
0
0
0
0
0
0
0
0
0
0
0
0
0
0
0
0
0
0
0
0
0
0
0
0
0
0
0
0
0
0
0
0
0
0
0
0
0
0
0
0
0
0
0
0
0
0
0
0
0
0
0
0
0
0
0
0
0
0
0
0
0
0
0
0
0
0
0
0
0
0
0
0
0
0
0
0
0
0
0
0
0
0
0
0
0
0
0
0
0
0
0
0
0
0
0
0
0
0
0
0
0
0
0
0
0
0
0
0
0
0
0
0
0
0
0
0
0
0
0
0
0
0
0
0
0
0
0
0
0
0
0
0
0
