3.59986e+07
1312.56
9.61184
0.0882749
0.000892467
9.40529e-06
1.00157e-07
1.05457e-09
1.08058e-11
1.06533e-13
1.0026e-15
8.961e-18
7.58335e-20
6.06724e-22
4.58752e-24
3.2793e-26
2.21807e-28
1.42123e-30
8.63734e-33
4.96695e-35
2.42488e-37
0
0
0
0
0
0
0
0
0
0
0
0
0
0
0
0
0
0
0
0
0
0
0
0
0
0
0
0
0
0
0
0
0
0
0
0
0
0
0
0
0
0
0
0
0
0
0
0
0
0
0
0
0
0
0
0
0
0
0
0
0
0
0
0
0
0
0
0
0
0
0
0
0
0
0
0
0
0
0
0
0
0
0
0
0
0
0
0
0
0
0
0
0
0
0
0
0
0
0
0
0
0
0
0
0
0
0
0
0
0
0
0
0
0
0
0
0
0
0
0
0
0
0
0
0
0
0
0
0
0
0
0
0
0
0
0
0
0
0
0
0
0
0
0
0
0
0
0
0
