3.59985e+07
1458.58
11.8544
0.121932
0.00140324
1.73901e-05
2.30728e-07
3.30569e-09
5.13265e-11
8.47445e-13
1.43255e-14
2.38581e-16
3.80974e-18
5.74513e-20
8.12605e-22
1.07583e-23
1.33378e-25
1.55102e-27
1.69543e-29
1.74613e-31
1.69822e-33
1.56235e-35
1.36384e-37
0
0
0
0
0
0
0
0
0
0
0
0
0
0
0
0
0
0
0
0
0
0
0
0
0
0
0
0
0
0
0
0
0
0
0
0
0
0
0
0
0
0
0
0
0
0
0
0
0
0
0
0
0
0
0
0
0
0
0
0
0
0
0
0
0
0
0
0
0
0
0
0
0
0
0
0
0
0
0
0
0
0
0
0
0
0
0
0
0
0
0
0
0
0
0
0
0
0
0
0
0
0
0
0
0
0
0
0
0
0
0
0
0
0
0
0
0
0
0
0
0
0
0
0
0
0
0
0
0
0
0
0
0
0
0
0
0
0
0
0
0
0
0
0
0
0
0
