3.59987e+07
1239.65
8.56775
0.0741901
0.000713662
7.2714e-06
7.61861e-08
8.00209e-10
8.24373e-12
8.19067e-14
7.75803e-16
6.95538e-18
5.87991e-20
4.67964e-22
3.50574e-24
2.47392e-26
1.64647e-28
1.03499e-30
6.15415e-33
3.45584e-35
1.63084e-37
0
0
0
0
0
0
0
0
0
0
0
0
0
0
0
0
0
0
0
0
0
0
0
0
0
0
0
0
0
0
0
0
0
0
0
0
0
0
0
0
0
0
0
0
0
0
0
0
0
0
0
0
0
0
0
0
0
0
0
0
0
0
0
0
0
0
0
0
0
0
0
0
0
0
0
0
0
0
0
0
0
0
0
0
0
0
0
0
0
0
0
0
0
0
0
0
0
0
0
0
0
0
0
0
0
0
0
0
0
0
0
0
0
0
0
0
0
0
0
0
0
0
0
0
0
0
0
0
0
0
0
0
0
0
0
0
0
0
0
0
0
0
0
0
0
0
0
0
0
