3.59983e+07
1628.15
14.7773
0.170859
0.00220866
3.03326e-05
4.2938e-07
6.11693e-09
8.59369e-11
1.1712e-12
1.52957e-14
1.89843e-16
2.22813e-18
2.46656e-20
2.57314e-22
2.53012e-24
2.34696e-26
2.05639e-28
1.70444e-30
1.33845e-32
9.9597e-35
6.79215e-37
0
0
0
0
0
0
0
0
0
0
0
0
0
0
0
0
0
0
0
0
0
0
0
0
0
0
0
0
0
0
0
0
0
0
0
0
0
0
0
0
0
0
0
0
0
0
0
0
0
0
0
0
0
0
0
0
0
0
0
0
0
0
0
0
0
0
0
0
0
0
0
0
0
0
0
0
0
0
0
0
0
0
0
0
0
0
0
0
0
0
0
0
0
0
0
0
0
0
0
0
0
0
0
0
0
0
0
0
0
0
0
0
0
0
0
0
0
0
0
0
0
0
0
0
0
0
0
0
0
0
0
0
0
0
0
0
0
0
0
0
0
0
0
0
0
0
0
0
