3.59983e+07
1683.29
15.8006
0.189032
0.00252153
3.56435e-05
5.20391e-07
7.72149e-09
1.14998e-10
1.69925e-12
2.46297e-14
3.46525e-16
4.69145e-18
6.07266e-20
7.48347e-22
8.75836e-24
9.72419e-26
1.02404e-27
1.02327e-29
9.70989e-32
8.75662e-34
7.48815e-36
5.45044e-38
0
0
0
0
0
0
0
0
0
0
0
0
0
0
0
0
0
0
0
0
0
0
0
0
0
0
0
0
0
0
0
0
0
0
0
0
0
0
0
0
0
0
0
0
0
0
0
0
0
0
0
0
0
0
0
0
0
0
0
0
0
0
0
0
0
0
0
0
0
0
0
0
0
0
0
0
0
0
0
0
0
0
0
0
0
0
0
0
0
0
0
0
0
0
0
0
0
0
0
0
0
0
0
0
0
0
0
0
0
0
0
0
0
0
0
0
0
0
0
0
0
0
0
0
0
0
0
0
0
0
0
0
0
0
0
0
0
0
0
0
0
0
0
0
0
0
0
