3.59985e+07
1411.44
11.1187
0.110839
0.00123492
1.46834e-05
1.81634e-07
2.28977e-09
2.88614e-11
3.57522e-13
4.29161e-15
4.9406e-17
5.41811e-19
5.63801e-21
5.55661e-23
5.18423e-25
4.58032e-27
3.83537e-29
3.04715e-31
2.29955e-33
1.64563e-35
1.00564e-37
0
0
0
0
0
0
0
0
0
0
0
0
0
0
0
0
0
0
0
0
0
0
0
0
0
0
0
0
0
0
0
0
0
0
0
0
0
0
0
0
0
0
0
0
0
0
0
0
0
0
0
0
0
0
0
0
0
0
0
0
0
0
0
0
0
0
0
0
0
0
0
0
0
0
0
0
0
0
0
0
0
0
0
0
0
0
0
0
0
0
0
0
0
0
0
0
0
0
0
0
0
0
0
0
0
0
0
0
0
0
0
0
0
0
0
0
0
0
0
0
0
0
0
0
0
0
0
0
0
0
0
0
0
0
0
0
0
0
0
0
0
0
0
0
0
0
0
0
