3.59984e+07
1567.4
13.7071
0.152058
0.00186787
2.39634e-05
3.0977e-07
3.93431e-09
4.82541e-11
5.65201e-13
6.28032e-15
6.59619e-17
6.53769e-19
6.11233e-21
5.39283e-23
4.49412e-25
3.54164e-27
2.64291e-29
1.87022e-31
1.25631e-33
7.89725e-36
2.95191e-38
0
0
0
0
0
0
0
0
0
0
0
0
0
0
0
0
0
0
0
0
0
0
0
0
0
0
0
0
0
0
0
0
0
0
0
0
0
0
0
0
0
0
0
0
0
0
0
0
0
0
0
0
0
0
0
0
0
0
0
0
0
0
0
0
0
0
0
0
0
0
0
0
0
0
0
0
0
0
0
0
0
0
0
0
0
0
0
0
0
0
0
0
0
0
0
0
0
0
0
0
0
0
0
0
0
0
0
0
0
0
0
0
0
0
0
0
0
0
0
0
0
0
0
0
0
0
0
0
0
0
0
0
0
0
0
0
0
0
0
0
0
0
0
0
0
0
0
0
