3.59986e+07
1299.31
9.42029
0.0855968
0.000858912
9.08319e-06
9.89635e-08
1.09246e-09
1.2033e-11
1.30394e-13
1.37393e-15
1.39526e-17
1.3573e-19
1.25986e-21
1.11318e-23
9.35104e-26
7.46423e-28
5.66161e-30
4.08193e-32
2.79757e-34
1.79708e-36
9.23954e-39
0
0
0
0
0
0
0
0
0
0
0
0
0
0
0
0
0
0
0
0
0
0
0
0
0
0
0
0
0
0
0
0
0
0
0
0
0
0
0
0
0
0
0
0
0
0
0
0
0
0
0
0
0
0
0
0
0
0
0
0
0
0
0
0
0
0
0
0
0
0
0
0
0
0
0
0
0
0
0
0
0
0
0
0
0
0
0
0
0
0
0
0
0
0
0
0
0
0
0
0
0
0
0
0
0
0
0
0
0
0
0
0
0
0
0
0
0
0
0
0
0
0
0
0
0
0
0
0
0
0
0
0
0
0
0
0
0
0
0
0
0
0
0
0
0
0
0
0
