3.59986e+07
1378.7
10.5834
0.102234
0.00109265
1.22505e-05
1.39619e-07
1.58037e-09
1.74531e-11
1.85578e-13
1.8822e-15
1.80988e-17
1.64415e-19
1.40863e-21
1.1377e-23
8.666e-26
6.23139e-28
4.23526e-30
2.7247e-32
1.65965e-34
9.16119e-37
0
0
0
0
0
0
0
0
0
0
0
0
0
0
0
0
0
0
0
0
0
0
0
0
0
0
0
0
0
0
0
0
0
0
0
0
0
0
0
0
0
0
0
0
0
0
0
0
0
0
0
0
0
0
0
0
0
0
0
0
0
0
0
0
0
0
0
0
0
0
0
0
0
0
0
0
0
0
0
0
0
0
0
0
0
0
0
0
0
0
0
0
0
0
0
0
0
0
0
0
0
0
0
0
0
0
0
0
0
0
0
0
0
0
0
0
0
0
0
0
0
0
0
0
0
0
0
0
0
0
0
0
0
0
0
0
0
0
0
0
0
0
0
0
0
0
0
0
0
