3.59983e+07
1696.51
16.0342
0.193366
0.00261652
3.79716e-05
5.7747e-07
9.03322e-09
1.42577e-10
2.22658e-12
3.38062e-14
4.92285e-16
6.81225e-18
8.90875e-20
1.09798e-21
1.2742e-23
1.39275e-25
1.43526e-27
1.39644e-29
1.28482e-31
1.11959e-33
9.21982e-36
7.00156e-38
0
0
0
0
0
0
0
0
0
0
0
0
0
0
0
0
0
0
0
0
0
0
0
0
0
0
0
0
0
0
0
0
0
0
0
0
0
0
0
0
0
0
0
0
0
0
0
0
0
0
0
0
0
0
0
0
0
0
0
0
0
0
0
0
0
0
0
0
0
0
0
0
0
0
0
0
0
0
0
0
0
0
0
0
0
0
0
0
0
0
0
0
0
0
0
0
0
0
0
0
0
0
0
0
0
0
0
0
0
0
0
0
0
0
0
0
0
0
0
0
0
0
0
0
0
0
0
0
0
0
0
0
0
0
0
0
0
0
0
0
0
0
0
0
0
0
0
