3.59989e+07
1091.47
6.66923
0.0505965
0.000420982
3.63767e-06
3.15987e-08
2.69559e-10
2.22207e-12
1.75166e-14
1.31215e-16
9.30676e-19
6.23881e-21
3.94997e-23
2.36214e-25
1.33501e-27
7.13716e-30
3.61318e-32
1.72998e-34
7.34293e-37
0
0
0
0
0
0
0
0
0
0
0
0
0
0
0
0
0
0
0
0
0
0
0
0
0
0
0
0
0
0
0
0
0
0
0
0
0
0
0
0
0
0
0
0
0
0
0
0
0
0
0
0
0
0
0
0
0
0
0
0
0
0
0
0
0
0
0
0
0
0
0
0
0
0
0
0
0
0
0
0
0
0
0
0
0
0
0
0
0
0
0
0
0
0
0
0
0
0
0
0
0
0
0
0
0
0
0
0
0
0
0
0
0
0
0
0
0
0
0
0
0
0
0
0
0
0
0
0
0
0
0
0
0
0
0
0
0
0
0
0
0
0
0
0
0
0
0
0
0
0
