3.59986e+07
1331.64
9.88364
0.0920774
0.000948768
1.03328e-05
1.17166e-07
1.38051e-09
1.68816e-11
2.12221e-13
2.69177e-15
3.37051e-17
4.08935e-19
4.74497e-21
5.22428e-23
5.43592e-25
5.33683e-27
4.9433e-29
4.32324e-31
3.57421e-33
2.79422e-35
2.02911e-37
0
0
0
0
0
0
0
0
0
0
0
0
0
0
0
0
0
0
0
0
0
0
0
0
0
0
0
0
0
0
0
0
0
0
0
0
0
0
0
0
0
0
0
0
0
0
0
0
0
0
0
0
0
0
0
0
0
0
0
0
0
0
0
0
0
0
0
0
0
0
0
0
0
0
0
0
0
0
0
0
0
0
0
0
0
0
0
0
0
0
0
0
0
0
0
0
0
0
0
0
0
0
0
0
0
0
0
0
0
0
0
0
0
0
0
0
0
0
0
0
0
0
0
0
0
0
0
0
0
0
0
0
0
0
0
0
0
0
0
0
0
0
0
0
0
0
0
0
