3.59988e+07
1191.4
7.94156
0.0661578
0.000608138
5.85868e-06
5.74306e-08
5.60383e-10
5.35061e-12
4.93594e-14
4.36071e-16
3.66894e-18
2.93061e-20
2.2191e-22
1.59238e-24
1.08323e-26
6.99059e-29
4.28403e-31
2.4951e-33
1.3726e-35
5.72855e-38
0
0
0
0
0
0
0
0
0
0
0
0
0
0
0
0
0
0
0
0
0
0
0
0
0
0
0
0
0
0
0
0
0
0
0
0
0
0
0
0
0
0
0
0
0
0
0
0
0
0
0
0
0
0
0
0
0
0
0
0
0
0
0
0
0
0
0
0
0
0
0
0
0
0
0
0
0
0
0
0
0
0
0
0
0
0
0
0
0
0
0
0
0
0
0
0
0
0
0
0
0
0
0
0
0
0
0
0
0
0
0
0
0
0
0
0
0
0
0
0
0
0
0
0
0
0
0
0
0
0
0
0
0
0
0
0
0
0
0
0
0
0
0
0
0
0
0
0
0
