3.59984e+07
1542.33
13.2691
0.144587
0.00175242
2.24781e-05
2.9643e-07
3.92675e-09
5.12149e-11
6.47048e-13
7.82465e-15
8.98658e-17
9.75898e-19
1.00005e-20
9.66668e-23
8.8195e-25
7.60408e-27
6.20513e-29
4.80043e-31
3.52634e-33
2.45498e-35
1.51171e-37
0
0
0
0
0
0
0
0
0
0
0
0
0
0
0
0
0
0
0
0
0
0
0
0
0
0
0
0
0
0
0
0
0
0
0
0
0
0
0
0
0
0
0
0
0
0
0
0
0
0
0
0
0
0
0
0
0
0
0
0
0
0
0
0
0
0
0
0
0
0
0
0
0
0
0
0
0
0
0
0
0
0
0
0
0
0
0
0
0
0
0
0
0
0
0
0
0
0
0
0
0
0
0
0
0
0
0
0
0
0
0
0
0
0
0
0
0
0
0
0
0
0
0
0
0
0
0
0
0
0
0
0
0
0
0
0
0
0
0
0
0
0
0
0
0
0
0
0
