3.59987e+07
1244
8.63081
0.0749054
0.000718222
7.25502e-06
7.54292e-08
7.95279e-10
8.41193e-12
8.84744e-14
9.1766e-16
9.30882e-18
9.16163e-20
8.68545e-22
7.88521e-24
6.82625e-26
5.61937e-28
4.392e-30
3.25718e-32
2.29105e-34
1.5055e-36
9.23954e-39
0
0
0
0
0
0
0
0
0
0
0
0
0
0
0
0
0
0
0
0
0
0
0
0
0
0
0
0
0
0
0
0
0
0
0
0
0
0
0
0
0
0
0
0
0
0
0
0
0
0
0
0
0
0
0
0
0
0
0
0
0
0
0
0
0
0
0
0
0
0
0
0
0
0
0
0
0
0
0
0
0
0
0
0
0
0
0
0
0
0
0
0
0
0
0
0
0
0
0
0
0
0
0
0
0
0
0
0
0
0
0
0
0
0
0
0
0
0
0
0
0
0
0
0
0
0
0
0
0
0
0
0
0
0
0
0
0
0
0
0
0
0
0
0
0
0
0
0
