3.59986e+07
1292.67
9.3292
0.0844619
0.000847467
9.02415e-06
1.00059e-07
1.13829e-09
1.30626e-11
1.48412e-13
1.64109e-15
1.74301e-17
1.76274e-19
1.689e-21
1.52971e-23
1.30874e-25
1.05815e-27
8.09341e-30
5.86373e-32
4.02871e-34
2.60999e-36
1.10022e-38
0
0
0
0
0
0
0
0
0
0
0
0
0
0
0
0
0
0
0
0
0
0
0
0
0
0
0
0
0
0
0
0
0
0
0
0
0
0
0
0
0
0
0
0
0
0
0
0
0
0
0
0
0
0
0
0
0
0
0
0
0
0
0
0
0
0
0
0
0
0
0
0
0
0
0
0
0
0
0
0
0
0
0
0
0
0
0
0
0
0
0
0
0
0
0
0
0
0
0
0
0
0
0
0
0
0
0
0
0
0
0
0
0
0
0
0
0
0
0
0
0
0
0
0
0
0
0
0
0
0
0
0
0
0
0
0
0
0
0
0
0
0
0
0
0
0
0
0
