3.59987e+07
1279.7
9.13162
0.0816463
0.000808026
8.45235e-06
9.12579e-08
9.9812e-10
1.08684e-11
1.15993e-13
1.19796e-15
1.18608e-17
1.11865e-19
1.00113e-21
8.48354e-24
6.80116e-26
5.15816e-28
3.70294e-30
2.51833e-32
1.62295e-34
9.63515e-37
0
0
0
0
0
0
0
0
0
0
0
0
0
0
0
0
0
0
0
0
0
0
0
0
0
0
0
0
0
0
0
0
0
0
0
0
0
0
0
0
0
0
0
0
0
0
0
0
0
0
0
0
0
0
0
0
0
0
0
0
0
0
0
0
0
0
0
0
0
0
0
0
0
0
0
0
0
0
0
0
0
0
0
0
0
0
0
0
0
0
0
0
0
0
0
0
0
0
0
0
0
0
0
0
0
0
0
0
0
0
0
0
0
0
0
0
0
0
0
0
0
0
0
0
0
0
0
0
0
0
0
0
0
0
0
0
0
0
0
0
0
0
0
0
0
0
0
0
0
