3.59988e+07
1143.45
7.30156
0.058053
0.000507587
4.63422e-06
4.29103e-08
3.94463e-10
3.54146e-12
3.06726e-14
2.54061e-16
2.00107e-18
1.4937e-20
1.05487e-22
7.0445e-25
4.44964e-27
2.66044e-29
1.50727e-31
8.09627e-34
4.05294e-36
1.13677e-38
0
0
0
0
0
0
0
0
0
0
0
0
0
0
0
0
0
0
0
0
0
0
0
0
0
0
0
0
0
0
0
0
0
0
0
0
0
0
0
0
0
0
0
0
0
0
0
0
0
0
0
0
0
0
0
0
0
0
0
0
0
0
0
0
0
0
0
0
0
0
0
0
0
0
0
0
0
0
0
0
0
0
0
0
0
0
0
0
0
0
0
0
0
0
0
0
0
0
0
0
0
0
0
0
0
0
0
0
0
0
0
0
0
0
0
0
0
0
0
0
0
0
0
0
0
0
0
0
0
0
0
0
0
0
0
0
0
0
0
0
0
0
0
0
0
0
0
0
0
