3.59983e+07
1599.93
14.2639
0.161809
0.00206582
2.8686e-05
4.28947e-07
6.82438e-09
1.12776e-10
1.87617e-12
3.05388e-14
4.76653e-16
7.04956e-18
9.82115e-20
1.286e-21
1.58249e-23
1.83191e-25
1.99804e-27
2.05693e-29
2.00245e-31
1.84675e-33
1.61518e-35
1.29397e-37
0
0
0
0
0
0
0
0
0
0
0
0
0
0
0
0
0
0
0
0
0
0
0
0
0
0
0
0
0
0
0
0
0
0
0
0
0
0
0
0
0
0
0
0
0
0
0
0
0
0
0
0
0
0
0
0
0
0
0
0
0
0
0
0
0
0
0
0
0
0
0
0
0
0
0
0
0
0
0
0
0
0
0
0
0
0
0
0
0
0
0
0
0
0
0
0
0
0
0
0
0
0
0
0
0
0
0
0
0
0
0
0
0
0
0
0
0
0
0
0
0
0
0
0
0
0
0
0
0
0
0
0
0
0
0
0
0
0
0
0
0
0
0
0
0
0
0
