3.59985e+07
1451.26
11.7499
0.120149
0.00135792
1.60225e-05
1.90747e-07
2.23627e-09
2.53786e-11
2.756e-13
2.84349e-15
2.77619e-17
2.56023e-19
2.22922e-21
1.8335e-23
1.42596e-25
1.05004e-27
7.33201e-30
4.86203e-32
3.06345e-34
1.7639e-36
4.52669e-39
0
0
0
0
0
0
0
0
0
0
0
0
0
0
0
0
0
0
0
0
0
0
0
0
0
0
0
0
0
0
0
0
0
0
0
0
0
0
0
0
0
0
0
0
0
0
0
0
0
0
0
0
0
0
0
0
0
0
0
0
0
0
0
0
0
0
0
0
0
0
0
0
0
0
0
0
0
0
0
0
0
0
0
0
0
0
0
0
0
0
0
0
0
0
0
0
0
0
0
0
0
0
0
0
0
0
0
0
0
0
0
0
0
0
0
0
0
0
0
0
0
0
0
0
0
0
0
0
0
0
0
0
0
0
0
0
0
0
0
0
0
0
0
0
0
0
0
0
