3.59984e+07
1537.31
13.1963
0.143973
0.0017688
2.38209e-05
3.55857e-07
6.01475e-09
1.13997e-10
2.30929e-12
4.71834e-14
9.32166e-16
1.7402e-17
3.0389e-19
4.94872e-21
7.51727e-23
1.06713e-24
1.41919e-26
1.77281e-28
2.0856e-30
2.31638e-32
2.43434e-34
2.42561e-36
2.29734e-38
0
0
0
0
0
0
0
0
0
0
0
0
0
0
0
0
0
0
0
0
0
0
0
0
0
0
0
0
0
0
0
0
0
0
0
0
0
0
0
0
0
0
0
0
0
0
0
0
0
0
0
0
0
0
0
0
0
0
0
0
0
0
0
0
0
0
0
0
0
0
0
0
0
0
0
0
0
0
0
0
0
0
0
0
0
0
0
0
0
0
0
0
0
0
0
0
0
0
0
0
0
0
0
0
0
0
0
0
0
0
0
0
0
0
0
0
0
0
0
0
0
0
0
0
0
0
0
0
0
0
0
0
0
0
0
0
0
0
0
0
0
0
0
0
0
0
