3.59988e+07
1164.09
7.57952
0.0616053
0.000552978
5.22517e-06
5.0658e-08
4.93916e-10
4.75757e-12
4.45807e-14
4.01437e-16
3.4435e-18
2.79822e-20
2.14754e-22
1.55471e-24
1.06171e-26
6.84454e-29
4.17056e-31
2.40491e-33
1.30514e-35
5.38381e-38
0
0
0
0
0
0
0
0
0
0
0
0
0
0
0
0
0
0
0
0
0
0
0
0
0
0
0
0
0
0
0
0
0
0
0
0
0
0
0
0
0
0
0
0
0
0
0
0
0
0
0
0
0
0
0
0
0
0
0
0
0
0
0
0
0
0
0
0
0
0
0
0
0
0
0
0
0
0
0
0
0
0
0
0
0
0
0
0
0
0
0
0
0
0
0
0
0
0
0
0
0
0
0
0
0
0
0
0
0
0
0
0
0
0
0
0
0
0
0
0
0
0
0
0
0
0
0
0
0
0
0
0
0
0
0
0
0
0
0
0
0
0
0
0
0
0
0
0
0
