3.59987e+07
1269.45
8.99797
0.0801524
0.000795263
8.39861e-06
9.20017e-08
1.02264e-09
1.1306e-11
1.22265e-13
1.2772e-15
1.27779e-17
1.21777e-19
1.10218e-21
9.45996e-24
7.69646e-26
5.93707e-28
4.3454e-30
3.02035e-32
1.99454e-34
1.23009e-36
5.42317e-39
0
0
0
0
0
0
0
0
0
0
0
0
0
0
0
0
0
0
0
0
0
0
0
0
0
0
0
0
0
0
0
0
0
0
0
0
0
0
0
0
0
0
0
0
0
0
0
0
0
0
0
0
0
0
0
0
0
0
0
0
0
0
0
0
0
0
0
0
0
0
0
0
0
0
0
0
0
0
0
0
0
0
0
0
0
0
0
0
0
0
0
0
0
0
0
0
0
0
0
0
0
0
0
0
0
0
0
0
0
0
0
0
0
0
0
0
0
0
0
0
0
0
0
0
0
0
0
0
0
0
0
0
0
0
0
0
0
0
0
0
0
0
0
0
0
0
0
0
