3.59988e+07
1176.22
7.73015
0.0632859
0.0005687
5.32632e-06
5.0566e-08
4.77122e-10
4.40668e-12
3.93716e-14
3.3736e-16
2.7562e-18
2.1395e-20
1.5752e-22
1.0994e-24
7.27616e-27
4.57005e-29
2.72692e-31
1.54703e-33
8.27857e-36
2.90951e-38
0
0
0
0
0
0
0
0
0
0
0
0
0
0
0
0
0
0
0
0
0
0
0
0
0
0
0
0
0
0
0
0
0
0
0
0
0
0
0
0
0
0
0
0
0
0
0
0
0
0
0
0
0
0
0
0
0
0
0
0
0
0
0
0
0
0
0
0
0
0
0
0
0
0
0
0
0
0
0
0
0
0
0
0
0
0
0
0
0
0
0
0
0
0
0
0
0
0
0
0
0
0
0
0
0
0
0
0
0
0
0
0
0
0
0
0
0
0
0
0
0
0
0
0
0
0
0
0
0
0
0
0
0
0
0
0
0
0
0
0
0
0
0
0
0
0
0
0
0
