3.59984e+07
1501.42
12.5411
0.132282
0.00155123
1.93206e-05
2.49825e-07
3.29471e-09
4.35286e-11
5.65835e-13
7.12352e-15
8.58209e-17
9.81674e-19
1.06137e-20
1.08245e-22
1.04087e-24
9.44242e-27
8.09014e-29
6.55604e-31
5.03262e-33
3.65657e-35
2.43223e-37
0
0
0
0
0
0
0
0
0
0
0
0
0
0
0
0
0
0
0
0
0
0
0
0
0
0
0
0
0
0
0
0
0
0
0
0
0
0
0
0
0
0
0
0
0
0
0
0
0
0
0
0
0
0
0
0
0
0
0
0
0
0
0
0
0
0
0
0
0
0
0
0
0
0
0
0
0
0
0
0
0
0
0
0
0
0
0
0
0
0
0
0
0
0
0
0
0
0
0
0
0
0
0
0
0
0
0
0
0
0
0
0
0
0
0
0
0
0
0
0
0
0
0
0
0
0
0
0
0
0
0
0
0
0
0
0
0
0
0
0
0
0
0
0
0
0
0
0
