3.59984e+07
1567.73
13.6635
0.150471
0.00184121
2.38912e-05
3.20831e-07
4.38104e-09
5.9951e-11
8.11779e-13
1.07584e-14
1.38278e-16
1.71114e-18
2.02752e-20
2.29148e-22
2.46417e-24
2.51785e-26
2.44314e-28
2.25134e-30
1.97105e-32
1.6396e-34
1.27914e-36
8.88462e-39
0
0
0
0
0
0
0
0
0
0
0
0
0
0
0
0
0
0
0
0
0
0
0
0
0
0
0
0
0
0
0
0
0
0
0
0
0
0
0
0
0
0
0
0
0
0
0
0
0
0
0
0
0
0
0
0
0
0
0
0
0
0
0
0
0
0
0
0
0
0
0
0
0
0
0
0
0
0
0
0
0
0
0
0
0
0
0
0
0
0
0
0
0
0
0
0
0
0
0
0
0
0
0
0
0
0
0
0
0
0
0
0
0
0
0
0
0
0
0
0
0
0
0
0
0
0
0
0
0
0
0
0
0
0
0
0
0
0
0
0
0
0
0
0
0
0
0
