3.59986e+07
1352.42
10.1997
0.0965532
0.0010066
1.09685e-05
1.21618e-07
1.34966e-09
1.48187e-11
1.59468e-13
1.66792e-15
1.68293e-17
1.62793e-19
1.50247e-21
1.31868e-23
1.09841e-25
8.67498e-28
6.4949e-30
4.61136e-32
3.10497e-34
1.95057e-36
9.94986e-39
0
0
0
0
0
0
0
0
0
0
0
0
0
0
0
0
0
0
0
0
0
0
0
0
0
0
0
0
0
0
0
0
0
0
0
0
0
0
0
0
0
0
0
0
0
0
0
0
0
0
0
0
0
0
0
0
0
0
0
0
0
0
0
0
0
0
0
0
0
0
0
0
0
0
0
0
0
0
0
0
0
0
0
0
0
0
0
0
0
0
0
0
0
0
0
0
0
0
0
0
0
0
0
0
0
0
0
0
0
0
0
0
0
0
0
0
0
0
0
0
0
0
0
0
0
0
0
0
0
0
0
0
0
0
0
0
0
0
0
0
0
0
0
0
0
0
0
0
