3.59987e+07
1251.71
8.74864
0.0769645
0.000757535
8.01735e-06
8.98882e-08
1.0575e-09
1.28831e-11
1.59433e-13
1.96142e-15
2.35328e-17
2.71457e-19
2.98284e-21
3.10556e-23
3.05558e-25
2.83868e-27
2.49057e-29
2.06545e-31
1.62091e-33
1.20345e-35
8.34613e-38
0
0
0
0
0
0
0
0
0
0
0
0
0
0
0
0
0
0
0
0
0
0
0
0
0
0
0
0
0
0
0
0
0
0
0
0
0
0
0
0
0
0
0
0
0
0
0
0
0
0
0
0
0
0
0
0
0
0
0
0
0
0
0
0
0
0
0
0
0
0
0
0
0
0
0
0
0
0
0
0
0
0
0
0
0
0
0
0
0
0
0
0
0
0
0
0
0
0
0
0
0
0
0
0
0
0
0
0
0
0
0
0
0
0
0
0
0
0
0
0
0
0
0
0
0
0
0
0
0
0
0
0
0
0
0
0
0
0
0
0
0
0
0
0
0
0
0
0
