3.59987e+07
1253.33
8.75423
0.0764054
0.000735691
7.45065e-06
7.75373e-08
8.17151e-10
8.62195e-12
9.00659e-14
9.20669e-16
9.10717e-18
8.6363e-20
7.79708e-22
6.67222e-24
5.39887e-26
4.12706e-28
2.98085e-30
2.03575e-32
1.3147e-34
7.88197e-37
0
0
0
0
0
0
0
0
0
0
0
0
0
0
0
0
0
0
0
0
0
0
0
0
0
0
0
0
0
0
0
0
0
0
0
0
0
0
0
0
0
0
0
0
0
0
0
0
0
0
0
0
0
0
0
0
0
0
0
0
0
0
0
0
0
0
0
0
0
0
0
0
0
0
0
0
0
0
0
0
0
0
0
0
0
0
0
0
0
0
0
0
0
0
0
0
0
0
0
0
0
0
0
0
0
0
0
0
0
0
0
0
0
0
0
0
0
0
0
0
0
0
0
0
0
0
0
0
0
0
0
0
0
0
0
0
0
0
0
0
0
0
0
0
0
0
0
0
0
