3.59983e+07
1676.39
15.6697
0.186469
0.00247764
3.50929e-05
5.17389e-07
7.78349e-09
1.17107e-10
1.72983e-12
2.4721e-14
3.38334e-16
4.40677e-18
5.44377e-20
6.3683e-22
7.05256e-24
7.39685e-26
7.35326e-28
6.93604e-30
6.21527e-32
5.29617e-34
4.26786e-36
2.71738e-38
0
0
0
0
0
0
0
0
0
0
0
0
0
0
0
0
0
0
0
0
0
0
0
0
0
0
0
0
0
0
0
0
0
0
0
0
0
0
0
0
0
0
0
0
0
0
0
0
0
0
0
0
0
0
0
0
0
0
0
0
0
0
0
0
0
0
0
0
0
0
0
0
0
0
0
0
0
0
0
0
0
0
0
0
0
0
0
0
0
0
0
0
0
0
0
0
0
0
0
0
0
0
0
0
0
0
0
0
0
0
0
0
0
0
0
0
0
0
0
0
0
0
0
0
0
0
0
0
0
0
0
0
0
0
0
0
0
0
0
0
0
0
0
0
0
0
0
