3.59985e+07
1393.41
10.8084
0.105511
0.00114415
1.31821e-05
1.57971e-07
1.9391e-09
2.40298e-11
2.9621e-13
3.58064e-15
4.19216e-17
4.70777e-19
5.03635e-21
5.11044e-23
4.90702e-25
4.45444e-27
3.82297e-29
3.10405e-31
2.3867e-33
1.73492e-35
1.16251e-37
0
0
0
0
0
0
0
0
0
0
0
0
0
0
0
0
0
0
0
0
0
0
0
0
0
0
0
0
0
0
0
0
0
0
0
0
0
0
0
0
0
0
0
0
0
0
0
0
0
0
0
0
0
0
0
0
0
0
0
0
0
0
0
0
0
0
0
0
0
0
0
0
0
0
0
0
0
0
0
0
0
0
0
0
0
0
0
0
0
0
0
0
0
0
0
0
0
0
0
0
0
0
0
0
0
0
0
0
0
0
0
0
0
0
0
0
0
0
0
0
0
0
0
0
0
0
0
0
0
0
0
0
0
0
0
0
0
0
0
0
0
0
0
0
0
0
0
0
