3.59984e+07
1542.48
13.271
0.144922
0.00175884
2.24718e-05
2.92768e-07
3.79989e-09
4.82758e-11
5.92594e-13
6.96418e-15
7.78728e-17
8.25314e-19
8.27199e-21
7.8331e-23
7.00714e-25
5.92433e-27
4.73816e-29
3.58874e-31
2.57701e-33
1.747e-35
9.5908e-38
0
0
0
0
0
0
0
0
0
0
0
0
0
0
0
0
0
0
0
0
0
0
0
0
0
0
0
0
0
0
0
0
0
0
0
0
0
0
0
0
0
0
0
0
0
0
0
0
0
0
0
0
0
0
0
0
0
0
0
0
0
0
0
0
0
0
0
0
0
0
0
0
0
0
0
0
0
0
0
0
0
0
0
0
0
0
0
0
0
0
0
0
0
0
0
0
0
0
0
0
0
0
0
0
0
0
0
0
0
0
0
0
0
0
0
0
0
0
0
0
0
0
0
0
0
0
0
0
0
0
0
0
0
0
0
0
0
0
0
0
0
0
0
0
0
0
0
0
