3.59989e+07
1101.13
6.79868
0.0522336
0.000441638
3.91389e-06
3.55062e-08
3.24582e-10
2.95076e-12
2.63461e-14
2.28388e-16
1.90377e-18
1.51492e-20
1.14521e-22
8.20092e-25
5.5557e-27
3.55959e-29
2.15789e-31
1.23837e-33
6.68701e-36
2.94141e-38
0
0
0
0
0
0
0
0
0
0
0
0
0
0
0
0
0
0
0
0
0
0
0
0
0
0
0
0
0
0
0
0
0
0
0
0
0
0
0
0
0
0
0
0
0
0
0
0
0
0
0
0
0
0
0
0
0
0
0
0
0
0
0
0
0
0
0
0
0
0
0
0
0
0
0
0
0
0
0
0
0
0
0
0
0
0
0
0
0
0
0
0
0
0
0
0
0
0
0
0
0
0
0
0
0
0
0
0
0
0
0
0
0
0
0
0
0
0
0
0
0
0
0
0
0
0
0
0
0
0
0
0
0
0
0
0
0
0
0
0
0
0
0
0
0
0
0
0
0
