3.59987e+07
1213.36
8.21751
0.0694107
0.000646192
6.34833e-06
6.49103e-08
6.88727e-10
7.55737e-12
8.48028e-14
9.55156e-16
1.05811e-17
1.13354e-19
1.16068e-21
1.12804e-23
1.03683e-25
9.00046e-28
7.37858e-30
5.71677e-32
4.18982e-34
2.89663e-36
1.84167e-38
0
0
0
0
0
0
0
0
0
0
0
0
0
0
0
0
0
0
0
0
0
0
0
0
0
0
0
0
0
0
0
0
0
0
0
0
0
0
0
0
0
0
0
0
0
0
0
0
0
0
0
0
0
0
0
0
0
0
0
0
0
0
0
0
0
0
0
0
0
0
0
0
0
0
0
0
0
0
0
0
0
0
0
0
0
0
0
0
0
0
0
0
0
0
0
0
0
0
0
0
0
0
0
0
0
0
0
0
0
0
0
0
0
0
0
0
0
0
0
0
0
0
0
0
0
0
0
0
0
0
0
0
0
0
0
0
0
0
0
0
0
0
0
0
0
0
0
0
