3.59989e+07
1068.73
6.39874
0.0476636
0.000393983
3.49089e-06
3.30532e-08
3.35177e-10
3.60088e-12
3.98546e-14
4.39432e-16
4.69651e-18
4.78163e-20
4.59497e-22
4.1512e-24
3.52238e-26
2.80905e-28
2.10851e-30
1.49236e-32
9.97564e-35
6.2904e-37
3.13878e-39
0
0
0
0
0
0
0
0
0
0
0
0
0
0
0
0
0
0
0
0
0
0
0
0
0
0
0
0
0
0
0
0
0
0
0
0
0
0
0
0
0
0
0
0
0
0
0
0
0
0
0
0
0
0
0
0
0
0
0
0
0
0
0
0
0
0
0
0
0
0
0
0
0
0
0
0
0
0
0
0
0
0
0
0
0
0
0
0
0
0
0
0
0
0
0
0
0
0
0
0
0
0
0
0
0
0
0
0
0
0
0
0
0
0
0
0
0
0
0
0
0
0
0
0
0
0
0
0
0
0
0
0
0
0
0
0
0
0
0
0
0
0
0
0
0
0
0
0
