3.59986e+07
1300.06
9.41361
0.0853473
0.000854259
8.97347e-06
9.60427e-08
1.02348e-09
1.06565e-11
1.06849e-13
1.02124e-15
9.24494e-18
7.89904e-20
6.36039e-22
4.82559e-24
3.45188e-26
2.33072e-28
1.48752e-30
8.98641e-33
5.13169e-35
2.43825e-37
0
0
0
0
0
0
0
0
0
0
0
0
0
0
0
0
0
0
0
0
0
0
0
0
0
0
0
0
0
0
0
0
0
0
0
0
0
0
0
0
0
0
0
0
0
0
0
0
0
0
0
0
0
0
0
0
0
0
0
0
0
0
0
0
0
0
0
0
0
0
0
0
0
0
0
0
0
0
0
0
0
0
0
0
0
0
0
0
0
0
0
0
0
0
0
0
0
0
0
0
0
0
0
0
0
0
0
0
0
0
0
0
0
0
0
0
0
0
0
0
0
0
0
0
0
0
0
0
0
0
0
0
0
0
0
0
0
0
0
0
0
0
0
0
0
0
0
0
0
