3.59988e+07
1116.44
6.97618
0.0543083
0.000468864
4.32769e-06
4.23531e-08
4.37796e-10
4.72323e-12
5.2017e-14
5.69881e-16
6.07515e-18
6.20552e-20
6.01772e-22
5.51363e-24
4.76382e-26
3.88042e-28
2.98217e-30
2.16494e-32
1.48636e-34
9.58805e-37
5.42317e-39
0
0
0
0
0
0
0
0
0
0
0
0
0
0
0
0
0
0
0
0
0
0
0
0
0
0
0
0
0
0
0
0
0
0
0
0
0
0
0
0
0
0
0
0
0
0
0
0
0
0
0
0
0
0
0
0
0
0
0
0
0
0
0
0
0
0
0
0
0
0
0
0
0
0
0
0
0
0
0
0
0
0
0
0
0
0
0
0
0
0
0
0
0
0
0
0
0
0
0
0
0
0
0
0
0
0
0
0
0
0
0
0
0
0
0
0
0
0
0
0
0
0
0
0
0
0
0
0
0
0
0
0
0
0
0
0
0
0
0
0
0
0
0
0
0
0
0
0
