3.59988e+07
1127.99
7.10362
0.0555595
0.000477535
4.31001e-06
4.00684e-08
3.78741e-10
3.59038e-12
3.36116e-14
3.06142e-16
2.68057e-18
2.23773e-20
1.77224e-22
1.32834e-24
9.41524e-27
6.31248e-29
4.00668e-31
2.40995e-33
1.37101e-35
6.76135e-38
0
0
0
0
0
0
0
0
0
0
0
0
0
0
0
0
0
0
0
0
0
0
0
0
0
0
0
0
0
0
0
0
0
0
0
0
0
0
0
0
0
0
0
0
0
0
0
0
0
0
0
0
0
0
0
0
0
0
0
0
0
0
0
0
0
0
0
0
0
0
0
0
0
0
0
0
0
0
0
0
0
0
0
0
0
0
0
0
0
0
0
0
0
0
0
0
0
0
0
0
0
0
0
0
0
0
0
0
0
0
0
0
0
0
0
0
0
0
0
0
0
0
0
0
0
0
0
0
0
0
0
0
0
0
0
0
0
0
0
0
0
0
0
0
0
0
0
0
0
