3.59983e+07
1654.58
15.224
0.17772
0.00230744
3.18913e-05
4.62082e-07
6.95763e-09
1.07423e-10
1.66715e-12
2.54478e-14
3.75138e-16
5.2736e-18
7.01711e-20
8.80558e-22
1.04087e-23
1.1593e-25
1.218e-27
1.20898e-29
1.13569e-31
1.01133e-33
8.53121e-36
6.64946e-38
0
0
0
0
0
0
0
0
0
0
0
0
0
0
0
0
0
0
0
0
0
0
0
0
0
0
0
0
0
0
0
0
0
0
0
0
0
0
0
0
0
0
0
0
0
0
0
0
0
0
0
0
0
0
0
0
0
0
0
0
0
0
0
0
0
0
0
0
0
0
0
0
0
0
0
0
0
0
0
0
0
0
0
0
0
0
0
0
0
0
0
0
0
0
0
0
0
0
0
0
0
0
0
0
0
0
0
0
0
0
0
0
0
0
0
0
0
0
0
0
0
0
0
0
0
0
0
0
0
0
0
0
0
0
0
0
0
0
0
0
0
0
0
0
0
0
0
