3.59984e+07
1567.23
13.696
0.151399
0.00185211
2.37675e-05
3.10174e-07
4.02507e-09
5.10678e-11
6.25687e-13
7.33916e-15
8.1945e-17
8.67858e-19
8.70128e-21
8.25247e-23
7.4038e-25
6.28691e-27
5.05732e-29
3.85818e-31
2.79439e-33
1.91227e-35
1.09797e-37
0
0
0
0
0
0
0
0
0
0
0
0
0
0
0
0
0
0
0
0
0
0
0
0
0
0
0
0
0
0
0
0
0
0
0
0
0
0
0
0
0
0
0
0
0
0
0
0
0
0
0
0
0
0
0
0
0
0
0
0
0
0
0
0
0
0
0
0
0
0
0
0
0
0
0
0
0
0
0
0
0
0
0
0
0
0
0
0
0
0
0
0
0
0
0
0
0
0
0
0
0
0
0
0
0
0
0
0
0
0
0
0
0
0
0
0
0
0
0
0
0
0
0
0
0
0
0
0
0
0
0
0
0
0
0
0
0
0
0
0
0
0
0
0
0
0
0
0
