3.59984e+07
1560.43
13.5916
0.150336
0.00185045
2.4069e-05
3.21724e-07
4.33524e-09
5.79815e-11
7.59134e-13
9.6136e-15
1.16636e-16
1.34647e-18
1.47267e-20
1.52257e-22
1.48684e-24
1.37167e-26
1.19646e-28
9.87912e-31
7.732e-33
5.73353e-35
3.89232e-37
0
0
0
0
0
0
0
0
0
0
0
0
0
0
0
0
0
0
0
0
0
0
0
0
0
0
0
0
0
0
0
0
0
0
0
0
0
0
0
0
0
0
0
0
0
0
0
0
0
0
0
0
0
0
0
0
0
0
0
0
0
0
0
0
0
0
0
0
0
0
0
0
0
0
0
0
0
0
0
0
0
0
0
0
0
0
0
0
0
0
0
0
0
0
0
0
0
0
0
0
0
0
0
0
0
0
0
0
0
0
0
0
0
0
0
0
0
0
0
0
0
0
0
0
0
0
0
0
0
0
0
0
0
0
0
0
0
0
0
0
0
0
0
0
0
0
0
0
