3.59983e+07
1632.86
14.8672
0.172053
0.00222325
3.07744e-05
4.5202e-07
7.05866e-09
1.16654e-10
1.99792e-12
3.43734e-14
5.77167e-16
9.27129e-18
1.40876e-19
2.01432e-21
2.70594e-23
3.41637e-25
4.05931e-27
4.54731e-29
4.81208e-31
4.81977e-33
4.57635e-35
4.11193e-37
3.22991e-39
0
0
0
0
0
0
0
0
0
0
0
0
0
0
0
0
0
0
0
0
0
0
0
0
0
0
0
0
0
0
0
0
0
0
0
0
0
0
0
0
0
0
0
0
0
0
0
0
0
0
0
0
0
0
0
0
0
0
0
0
0
0
0
0
0
0
0
0
0
0
0
0
0
0
0
0
0
0
0
0
0
0
0
0
0
0
0
0
0
0
0
0
0
0
0
0
0
0
0
0
0
0
0
0
0
0
0
0
0
0
0
0
0
0
0
0
0
0
0
0
0
0
0
0
0
0
0
0
0
0
0
0
0
0
0
0
0
0
0
0
0
0
0
0
0
0
