3.59989e+07
1101.53
6.79515
0.0523108
0.000448042
4.10366e-06
3.94948e-08
3.93316e-10
3.97903e-12
4.00814e-14
3.94848e-16
3.75277e-18
3.41074e-20
2.94893e-22
2.4191e-24
1.88087e-26
1.38592e-28
9.68226e-31
6.41766e-33
4.03422e-35
2.23747e-37
0
0
0
0
0
0
0
0
0
0
0
0
0
0
0
0
0
0
0
0
0
0
0
0
0
0
0
0
0
0
0
0
0
0
0
0
0
0
0
0
0
0
0
0
0
0
0
0
0
0
0
0
0
0
0
0
0
0
0
0
0
0
0
0
0
0
0
0
0
0
0
0
0
0
0
0
0
0
0
0
0
0
0
0
0
0
0
0
0
0
0
0
0
0
0
0
0
0
0
0
0
0
0
0
0
0
0
0
0
0
0
0
0
0
0
0
0
0
0
0
0
0
0
0
0
0
0
0
0
0
0
0
0
0
0
0
0
0
0
0
0
0
0
0
0
0
0
0
0
