3.59986e+07
1349
10.166
0.0966104
0.00101753
1.12419e-05
1.25957e-07
1.39535e-09
1.49987e-11
1.54427e-13
1.51079e-15
1.39826e-17
1.22192e-19
1.00794e-21
7.8532e-24
5.78636e-26
4.03797e-28
2.67312e-30
1.68132e-32
1.00415e-34
5.33026e-37
0
0
0
0
0
0
0
0
0
0
0
0
0
0
0
0
0
0
0
0
0
0
0
0
0
0
0
0
0
0
0
0
0
0
0
0
0
0
0
0
0
0
0
0
0
0
0
0
0
0
0
0
0
0
0
0
0
0
0
0
0
0
0
0
0
0
0
0
0
0
0
0
0
0
0
0
0
0
0
0
0
0
0
0
0
0
0
0
0
0
0
0
0
0
0
0
0
0
0
0
0
0
0
0
0
0
0
0
0
0
0
0
0
0
0
0
0
0
0
0
0
0
0
0
0
0
0
0
0
0
0
0
0
0
0
0
0
0
0
0
0
0
0
0
0
0
0
0
0
