3.59988e+07
1177.82
7.75922
0.0640402
0.000588382
5.76067e-06
5.87574e-08
6.13001e-10
6.42647e-12
6.65577e-14
6.70827e-16
6.5019e-18
6.00917e-20
5.26731e-22
4.36584e-24
3.41745e-26
2.52606e-28
1.76429e-30
1.16554e-32
7.28431e-35
4.20595e-37
0
0
0
0
0
0
0
0
0
0
0
0
0
0
0
0
0
0
0
0
0
0
0
0
0
0
0
0
0
0
0
0
0
0
0
0
0
0
0
0
0
0
0
0
0
0
0
0
0
0
0
0
0
0
0
0
0
0
0
0
0
0
0
0
0
0
0
0
0
0
0
0
0
0
0
0
0
0
0
0
0
0
0
0
0
0
0
0
0
0
0
0
0
0
0
0
0
0
0
0
0
0
0
0
0
0
0
0
0
0
0
0
0
0
0
0
0
0
0
0
0
0
0
0
0
0
0
0
0
0
0
0
0
0
0
0
0
0
0
0
0
0
0
0
0
0
0
0
0
