3.59984e+07
1541.5
13.239
0.144377
0.00176934
2.35057e-05
3.35589e-07
5.13631e-09
8.34784e-11
1.40895e-12
2.39716e-14
3.99899e-16
6.41039e-18
9.75257e-20
1.39907e-21
1.88747e-23
2.39358e-25
2.85559e-27
3.20962e-29
3.40477e-31
3.41513e-33
3.24328e-35
2.9056e-37
0
0
0
0
0
0
0
0
0
0
0
0
0
0
0
0
0
0
0
0
0
0
0
0
0
0
0
0
0
0
0
0
0
0
0
0
0
0
0
0
0
0
0
0
0
0
0
0
0
0
0
0
0
0
0
0
0
0
0
0
0
0
0
0
0
0
0
0
0
0
0
0
0
0
0
0
0
0
0
0
0
0
0
0
0
0
0
0
0
0
0
0
0
0
0
0
0
0
0
0
0
0
0
0
0
0
0
0
0
0
0
0
0
0
0
0
0
0
0
0
0
0
0
0
0
0
0
0
0
0
0
0
0
0
0
0
0
0
0
0
0
0
0
0
0
0
0
