3.59983e+07
1666.62
15.4641
0.182207
0.00238438
3.2972e-05
4.71378e-07
6.89422e-09
1.0235e-10
1.5262e-12
2.25428e-14
3.24998e-16
4.51599e-18
5.99303e-20
7.55189e-22
9.0084e-24
1.01599e-25
1.08336e-27
1.09297e-29
1.04445e-31
9.46493e-34
8.12464e-36
6.3389e-38
0
0
0
0
0
0
0
0
0
0
0
0
0
0
0
0
0
0
0
0
0
0
0
0
0
0
0
0
0
0
0
0
0
0
0
0
0
0
0
0
0
0
0
0
0
0
0
0
0
0
0
0
0
0
0
0
0
0
0
0
0
0
0
0
0
0
0
0
0
0
0
0
0
0
0
0
0
0
0
0
0
0
0
0
0
0
0
0
0
0
0
0
0
0
0
0
0
0
0
0
0
0
0
0
0
0
0
0
0
0
0
0
0
0
0
0
0
0
0
0
0
0
0
0
0
0
0
0
0
0
0
0
0
0
0
0
0
0
0
0
0
0
0
0
0
0
0
