3.59983e+07
1596.01
14.2081
0.160514
0.00201999
2.70603e-05
3.7961e-07
5.55563e-09
8.4712e-11
1.33517e-12
2.13742e-14
3.39757e-16
5.25138e-18
7.77136e-20
1.09064e-21
1.44424e-23
1.80101e-25
2.11468e-27
2.34005e-29
2.44393e-31
2.41312e-33
2.25483e-35
1.99726e-37
0
0
0
0
0
0
0
0
0
0
0
0
0
0
0
0
0
0
0
0
0
0
0
0
0
0
0
0
0
0
0
0
0
0
0
0
0
0
0
0
0
0
0
0
0
0
0
0
0
0
0
0
0
0
0
0
0
0
0
0
0
0
0
0
0
0
0
0
0
0
0
0
0
0
0
0
0
0
0
0
0
0
0
0
0
0
0
0
0
0
0
0
0
0
0
0
0
0
0
0
0
0
0
0
0
0
0
0
0
0
0
0
0
0
0
0
0
0
0
0
0
0
0
0
0
0
0
0
0
0
0
0
0
0
0
0
0
0
0
0
0
0
0
0
0
0
0
