3.59986e+07
1351.63
10.1805
0.0966528
0.00102465
1.164e-05
1.38766e-07
1.70163e-09
2.09827e-11
2.54445e-13
2.97943e-15
3.32589e-17
3.51167e-19
3.49264e-21
3.26678e-23
2.87333e-25
2.37862e-27
1.85585e-29
1.36694e-31
9.51978e-34
6.24485e-36
3.57149e-38
0
0
0
0
0
0
0
0
0
0
0
0
0
0
0
0
0
0
0
0
0
0
0
0
0
0
0
0
0
0
0
0
0
0
0
0
0
0
0
0
0
0
0
0
0
0
0
0
0
0
0
0
0
0
0
0
0
0
0
0
0
0
0
0
0
0
0
0
0
0
0
0
0
0
0
0
0
0
0
0
0
0
0
0
0
0
0
0
0
0
0
0
0
0
0
0
0
0
0
0
0
0
0
0
0
0
0
0
0
0
0
0
0
0
0
0
0
0
0
0
0
0
0
0
0
0
0
0
0
0
0
0
0
0
0
0
0
0
0
0
0
0
0
0
0
0
0
0
