3.59983e+07
1618.22
14.6045
0.168371
0.00220213
3.20249e-05
5.25084e-07
9.71001e-09
1.94746e-10
3.99851e-12
8.02695e-14
1.53462e-15
2.76041e-17
4.65127e-19
7.33739e-21
1.08489e-22
1.50636e-24
1.96833e-26
2.42571e-28
2.82527e-30
3.11623e-32
3.26093e-34
3.23991e-36
2.90205e-38
0
0
0
0
0
0
0
0
0
0
0
0
0
0
0
0
0
0
0
0
0
0
0
0
0
0
0
0
0
0
0
0
0
0
0
0
0
0
0
0
0
0
0
0
0
0
0
0
0
0
0
0
0
0
0
0
0
0
0
0
0
0
0
0
0
0
0
0
0
0
0
0
0
0
0
0
0
0
0
0
0
0
0
0
0
0
0
0
0
0
0
0
0
0
0
0
0
0
0
0
0
0
0
0
0
0
0
0
0
0
0
0
0
0
0
0
0
0
0
0
0
0
0
0
0
0
0
0
0
0
0
0
0
0
0
0
0
0
0
0
0
0
0
0
0
0
