3.59986e+07
1395.62
10.8555
0.106024
0.0011384
1.2716e-05
1.43214e-07
1.59089e-09
1.71463e-11
1.77138e-13
1.73938e-15
1.61468e-17
1.41288e-19
1.1639e-21
9.02635e-24
6.59521e-26
4.54576e-28
2.96008e-30
1.82391e-32
1.06265e-34
5.46965e-37
0
0
0
0
0
0
0
0
0
0
0
0
0
0
0
0
0
0
0
0
0
0
0
0
0
0
0
0
0
0
0
0
0
0
0
0
0
0
0
0
0
0
0
0
0
0
0
0
0
0
0
0
0
0
0
0
0
0
0
0
0
0
0
0
0
0
0
0
0
0
0
0
0
0
0
0
0
0
0
0
0
0
0
0
0
0
0
0
0
0
0
0
0
0
0
0
0
0
0
0
0
0
0
0
0
0
0
0
0
0
0
0
0
0
0
0
0
0
0
0
0
0
0
0
0
0
0
0
0
0
0
0
0
0
0
0
0
0
0
0
0
0
0
0
0
0
0
0
0
