3.59986e+07
1327.13
9.81573
0.091516
0.000955506
1.07357e-05
1.26996e-07
1.54455e-09
1.88009e-11
2.2345e-13
2.54561e-15
2.74773e-17
2.79271e-19
2.66566e-21
2.38847e-23
2.0106e-25
1.59245e-27
1.18884e-29
8.3818e-32
5.59018e-34
3.50365e-36
1.27646e-38
0
0
0
0
0
0
0
0
0
0
0
0
0
0
0
0
0
0
0
0
0
0
0
0
0
0
0
0
0
0
0
0
0
0
0
0
0
0
0
0
0
0
0
0
0
0
0
0
0
0
0
0
0
0
0
0
0
0
0
0
0
0
0
0
0
0
0
0
0
0
0
0
0
0
0
0
0
0
0
0
0
0
0
0
0
0
0
0
0
0
0
0
0
0
0
0
0
0
0
0
0
0
0
0
0
0
0
0
0
0
0
0
0
0
0
0
0
0
0
0
0
0
0
0
0
0
0
0
0
0
0
0
0
0
0
0
0
0
0
0
0
0
0
0
0
0
0
0
