3.59982e+07
1703.76
16.1904
0.196621
0.0026708
3.83934e-05
5.6373e-07
8.22819e-09
1.1703e-10
1.60039e-12
2.08691e-14
2.58292e-16
3.02707e-18
3.356e-20
3.51942e-22
3.4926e-24
3.28224e-26
2.92375e-28
2.4712e-30
1.98404e-32
1.51293e-34
1.04622e-36
0
0
0
0
0
0
0
0
0
0
0
0
0
0
0
0
0
0
0
0
0
0
0
0
0
0
0
0
0
0
0
0
0
0
0
0
0
0
0
0
0
0
0
0
0
0
0
0
0
0
0
0
0
0
0
0
0
0
0
0
0
0
0
0
0
0
0
0
0
0
0
0
0
0
0
0
0
0
0
0
0
0
0
0
0
0
0
0
0
0
0
0
0
0
0
0
0
0
0
0
0
0
0
0
0
0
0
0
0
0
0
0
0
0
0
0
0
0
0
0
0
0
0
0
0
0
0
0
0
0
0
0
0
0
0
0
0
0
0
0
0
0
0
0
0
0
0
0
