3.59988e+07
1153.78
7.45978
0.060371
0.000540789
5.09206e-06
4.89084e-08
4.68504e-10
4.39764e-12
3.99126e-14
3.46969e-16
2.87146e-18
2.25422e-20
1.67575e-22
1.17898e-24
7.85225e-27
4.95416e-29
2.96381e-31
1.68256e-33
9.00655e-36
3.50343e-38
0
0
0
0
0
0
0
0
0
0
0
0
0
0
0
0
0
0
0
0
0
0
0
0
0
0
0
0
0
0
0
0
0
0
0
0
0
0
0
0
0
0
0
0
0
0
0
0
0
0
0
0
0
0
0
0
0
0
0
0
0
0
0
0
0
0
0
0
0
0
0
0
0
0
0
0
0
0
0
0
0
0
0
0
0
0
0
0
0
0
0
0
0
0
0
0
0
0
0
0
0
0
0
0
0
0
0
0
0
0
0
0
0
0
0
0
0
0
0
0
0
0
0
0
0
0
0
0
0
0
0
0
0
0
0
0
0
0
0
0
0
0
0
0
0
0
0
0
0
