3.59983e+07
1588.49
14.0142
0.156572
0.00194656
2.57236e-05
3.5512e-07
5.09287e-09
7.55232e-11
1.14505e-12
1.74248e-14
2.6074e-16
3.7706e-18
5.20619e-20
6.81407e-22
8.42365e-24
9.82298e-26
1.08068e-27
1.12271e-29
1.10292e-31
1.02602e-33
9.04351e-36
7.53538e-38
0
0
0
0
0
0
0
0
0
0
0
0
0
0
0
0
0
0
0
0
0
0
0
0
0
0
0
0
0
0
0
0
0
0
0
0
0
0
0
0
0
0
0
0
0
0
0
0
0
0
0
0
0
0
0
0
0
0
0
0
0
0
0
0
0
0
0
0
0
0
0
0
0
0
0
0
0
0
0
0
0
0
0
0
0
0
0
0
0
0
0
0
0
0
0
0
0
0
0
0
0
0
0
0
0
0
0
0
0
0
0
0
0
0
0
0
0
0
0
0
0
0
0
0
0
0
0
0
0
0
0
0
0
0
0
0
0
0
0
0
0
0
0
0
0
0
0
