3.59988e+07
1140.15
7.2709
0.0581088
0.000520152
5.02196e-06
5.12376e-08
5.39797e-10
5.71777e-12
5.94065e-14
5.94164e-16
5.6518e-18
5.07846e-20
4.29703e-22
3.42064e-24
2.56297e-26
1.80963e-28
1.20598e-30
7.59845e-33
4.5281e-35
2.45478e-37
0
0
0
0
0
0
0
0
0
0
0
0
0
0
0
0
0
0
0
0
0
0
0
0
0
0
0
0
0
0
0
0
0
0
0
0
0
0
0
0
0
0
0
0
0
0
0
0
0
0
0
0
0
0
0
0
0
0
0
0
0
0
0
0
0
0
0
0
0
0
0
0
0
0
0
0
0
0
0
0
0
0
0
0
0
0
0
0
0
0
0
0
0
0
0
0
0
0
0
0
0
0
0
0
0
0
0
0
0
0
0
0
0
0
0
0
0
0
0
0
0
0
0
0
0
0
0
0
0
0
0
0
0
0
0
0
0
0
0
0
0
0
0
0
0
0
0
0
0
