3.59987e+07
1247.1
8.68428
0.0758999
0.000735441
7.49882e-06
7.79249e-08
8.05587e-10
8.13775e-12
7.93109e-14
7.39341e-16
6.55524e-18
5.50879e-20
4.37943e-22
3.291e-24
2.33771e-26
1.57052e-28
9.98812e-31
6.01936e-33
3.42788e-35
1.65135e-37
0
0
0
0
0
0
0
0
0
0
0
0
0
0
0
0
0
0
0
0
0
0
0
0
0
0
0
0
0
0
0
0
0
0
0
0
0
0
0
0
0
0
0
0
0
0
0
0
0
0
0
0
0
0
0
0
0
0
0
0
0
0
0
0
0
0
0
0
0
0
0
0
0
0
0
0
0
0
0
0
0
0
0
0
0
0
0
0
0
0
0
0
0
0
0
0
0
0
0
0
0
0
0
0
0
0
0
0
0
0
0
0
0
0
0
0
0
0
0
0
0
0
0
0
0
0
0
0
0
0
0
0
0
0
0
0
0
0
0
0
0
0
0
0
0
0
0
0
0
