3.59987e+07
1233.62
8.49964
0.0732479
0.000694256
6.84432e-06
6.79605e-08
6.64895e-10
6.31167e-12
5.75159e-14
4.99492e-16
4.11463e-18
3.20635e-20
2.36052e-22
1.64141e-24
1.07856e-26
6.70341e-29
3.94548e-31
2.20139e-33
1.1551e-35
4.05046e-38
0
0
0
0
0
0
0
0
0
0
0
0
0
0
0
0
0
0
0
0
0
0
0
0
0
0
0
0
0
0
0
0
0
0
0
0
0
0
0
0
0
0
0
0
0
0
0
0
0
0
0
0
0
0
0
0
0
0
0
0
0
0
0
0
0
0
0
0
0
0
0
0
0
0
0
0
0
0
0
0
0
0
0
0
0
0
0
0
0
0
0
0
0
0
0
0
0
0
0
0
0
0
0
0
0
0
0
0
0
0
0
0
0
0
0
0
0
0
0
0
0
0
0
0
0
0
0
0
0
0
0
0
0
0
0
0
0
0
0
0
0
0
0
0
0
0
0
0
0
