3.59987e+07
1200.92
8.0613
0.0678583
0.000637034
6.39991e-06
6.74737e-08
7.34953e-10
8.13368e-12
8.98118e-14
9.72365e-16
1.01743e-17
1.01817e-19
9.67955e-22
8.7091e-24
7.40366e-26
5.94493e-28
4.51145e-30
3.23901e-32
2.20211e-34
1.40589e-36
6.487e-39
0
0
0
0
0
0
0
0
0
0
0
0
0
0
0
0
0
0
0
0
0
0
0
0
0
0
0
0
0
0
0
0
0
0
0
0
0
0
0
0
0
0
0
0
0
0
0
0
0
0
0
0
0
0
0
0
0
0
0
0
0
0
0
0
0
0
0
0
0
0
0
0
0
0
0
0
0
0
0
0
0
0
0
0
0
0
0
0
0
0
0
0
0
0
0
0
0
0
0
0
0
0
0
0
0
0
0
0
0
0
0
0
0
0
0
0
0
0
0
0
0
0
0
0
0
0
0
0
0
0
0
0
0
0
0
0
0
0
0
0
0
0
0
0
0
0
0
0
