3.59988e+07
1115.02
6.96489
0.054135
0.000464485
4.23557e-06
4.08913e-08
4.20822e-10
4.60551e-12
5.24322e-14
6.00411e-16
6.70624e-18
7.15547e-20
7.20964e-22
6.82426e-24
6.05917e-26
5.04895e-28
3.95418e-30
2.91618e-32
2.02887e-34
1.32972e-36
6.48701e-39
0
0
0
0
0
0
0
0
0
0
0
0
0
0
0
0
0
0
0
0
0
0
0
0
0
0
0
0
0
0
0
0
0
0
0
0
0
0
0
0
0
0
0
0
0
0
0
0
0
0
0
0
0
0
0
0
0
0
0
0
0
0
0
0
0
0
0
0
0
0
0
0
0
0
0
0
0
0
0
0
0
0
0
0
0
0
0
0
0
0
0
0
0
0
0
0
0
0
0
0
0
0
0
0
0
0
0
0
0
0
0
0
0
0
0
0
0
0
0
0
0
0
0
0
0
0
0
0
0
0
0
0
0
0
0
0
0
0
0
0
0
0
0
0
0
0
0
0
