3.59987e+07
1220.76
8.33542
0.0718932
0.000701955
7.47112e-06
8.42704e-08
9.74651e-10
1.11948e-11
1.24604e-13
1.32308e-15
1.32869e-17
1.2569e-19
1.11856e-21
9.36721e-24
7.38922e-26
5.49856e-28
3.86587e-30
2.57212e-32
1.62098e-34
9.36052e-37
0
0
0
0
0
0
0
0
0
0
0
0
0
0
0
0
0
0
0
0
0
0
0
0
0
0
0
0
0
0
0
0
0
0
0
0
0
0
0
0
0
0
0
0
0
0
0
0
0
0
0
0
0
0
0
0
0
0
0
0
0
0
0
0
0
0
0
0
0
0
0
0
0
0
0
0
0
0
0
0
0
0
0
0
0
0
0
0
0
0
0
0
0
0
0
0
0
0
0
0
0
0
0
0
0
0
0
0
0
0
0
0
0
0
0
0
0
0
0
0
0
0
0
0
0
0
0
0
0
0
0
0
0
0
0
0
0
0
0
0
0
0
0
0
0
0
0
0
0
