3.59986e+07
1311.2
9.59708
0.0882021
0.000897937
9.68307e-06
1.08763e-07
1.265e-09
1.51757e-11
1.86192e-13
2.3015e-15
2.81403e-17
3.34553e-19
3.81679e-21
4.14241e-23
4.25561e-25
4.12863e-27
3.78023e-29
3.26803e-31
2.67019e-33
2.06199e-35
1.49673e-37
0
0
0
0
0
0
0
0
0
0
0
0
0
0
0
0
0
0
0
0
0
0
0
0
0
0
0
0
0
0
0
0
0
0
0
0
0
0
0
0
0
0
0
0
0
0
0
0
0
0
0
0
0
0
0
0
0
0
0
0
0
0
0
0
0
0
0
0
0
0
0
0
0
0
0
0
0
0
0
0
0
0
0
0
0
0
0
0
0
0
0
0
0
0
0
0
0
0
0
0
0
0
0
0
0
0
0
0
0
0
0
0
0
0
0
0
0
0
0
0
0
0
0
0
0
0
0
0
0
0
0
0
0
0
0
0
0
0
0
0
0
0
0
0
0
0
0
0
