3.59987e+07
1228.5
8.4303
0.0726407
0.000698462
7.22015e-06
7.94193e-08
9.24141e-10
1.1227e-11
1.39214e-13
1.71707e-15
2.06053e-17
2.36885e-19
2.58469e-21
2.66367e-23
2.58755e-25
2.36875e-27
2.04502e-29
1.66714e-31
1.28523e-33
9.36576e-36
6.38462e-38
0
0
0
0
0
0
0
0
0
0
0
0
0
0
0
0
0
0
0
0
0
0
0
0
0
0
0
0
0
0
0
0
0
0
0
0
0
0
0
0
0
0
0
0
0
0
0
0
0
0
0
0
0
0
0
0
0
0
0
0
0
0
0
0
0
0
0
0
0
0
0
0
0
0
0
0
0
0
0
0
0
0
0
0
0
0
0
0
0
0
0
0
0
0
0
0
0
0
0
0
0
0
0
0
0
0
0
0
0
0
0
0
0
0
0
0
0
0
0
0
0
0
0
0
0
0
0
0
0
0
0
0
0
0
0
0
0
0
0
0
0
0
0
0
0
0
0
0
