3.59988e+07
1121.76
7.02647
0.0546424
0.000466355
4.15203e-06
3.75076e-08
3.37011e-10
2.96597e-12
2.52676e-14
2.0656e-16
1.61049e-18
1.19283e-20
8.37349e-23
5.56522e-25
3.50125e-27
2.08593e-29
1.17773e-31
6.30349e-34
3.14196e-36
9.10631e-39
0
0
0
0
0
0
0
0
0
0
0
0
0
0
0
0
0
0
0
0
0
0
0
0
0
0
0
0
0
0
0
0
0
0
0
0
0
0
0
0
0
0
0
0
0
0
0
0
0
0
0
0
0
0
0
0
0
0
0
0
0
0
0
0
0
0
0
0
0
0
0
0
0
0
0
0
0
0
0
0
0
0
0
0
0
0
0
0
0
0
0
0
0
0
0
0
0
0
0
0
0
0
0
0
0
0
0
0
0
0
0
0
0
0
0
0
0
0
0
0
0
0
0
0
0
0
0
0
0
0
0
0
0
0
0
0
0
0
0
0
0
0
0
0
0
0
0
0
0
