3.59987e+07
1282.43
9.16337
0.0819335
0.000810702
8.51733e-06
9.35301e-08
1.06189e-09
1.22984e-11
1.42882e-13
1.63679e-15
1.82172e-17
1.94829e-19
1.98757e-21
1.92563e-23
1.76774e-25
1.53634e-27
1.26419e-29
9.8551e-32
7.28441e-34
5.08341e-36
3.04447e-38
0
0
0
0
0
0
0
0
0
0
0
0
0
0
0
0
0
0
0
0
0
0
0
0
0
0
0
0
0
0
0
0
0
0
0
0
0
0
0
0
0
0
0
0
0
0
0
0
0
0
0
0
0
0
0
0
0
0
0
0
0
0
0
0
0
0
0
0
0
0
0
0
0
0
0
0
0
0
0
0
0
0
0
0
0
0
0
0
0
0
0
0
0
0
0
0
0
0
0
0
0
0
0
0
0
0
0
0
0
0
0
0
0
0
0
0
0
0
0
0
0
0
0
0
0
0
0
0
0
0
0
0
0
0
0
0
0
0
0
0
0
0
0
0
0
0
0
0
