3.59986e+07
1324.02
9.77388
0.0906062
0.000930318
1.00974e-05
1.13408e-07
1.30114e-09
1.50696e-11
1.73782e-13
1.96598e-15
2.15259e-17
2.25751e-19
2.25199e-21
2.12832e-23
1.90217e-25
1.60706e-27
1.28413e-29
9.71437e-32
6.9646e-34
4.70909e-36
2.63324e-38
0
0
0
0
0
0
0
0
0
0
0
0
0
0
0
0
0
0
0
0
0
0
0
0
0
0
0
0
0
0
0
0
0
0
0
0
0
0
0
0
0
0
0
0
0
0
0
0
0
0
0
0
0
0
0
0
0
0
0
0
0
0
0
0
0
0
0
0
0
0
0
0
0
0
0
0
0
0
0
0
0
0
0
0
0
0
0
0
0
0
0
0
0
0
0
0
0
0
0
0
0
0
0
0
0
0
0
0
0
0
0
0
0
0
0
0
0
0
0
0
0
0
0
0
0
0
0
0
0
0
0
0
0
0
0
0
0
0
0
0
0
0
0
0
0
0
0
0
