3.59987e+07
1205.65
8.14116
0.0690923
0.000651378
6.48926e-06
6.64275e-08
6.83661e-10
6.94251e-12
6.84695e-14
6.47781e-16
5.82829e-18
4.95999e-20
3.98095e-22
3.01019e-24
2.14469e-26
1.4411e-28
9.14466e-31
5.4882e-33
3.10835e-35
1.53916e-37
0
0
0
0
0
0
0
0
0
0
0
0
0
0
0
0
0
0
0
0
0
0
0
0
0
0
0
0
0
0
0
0
0
0
0
0
0
0
0
0
0
0
0
0
0
0
0
0
0
0
0
0
0
0
0
0
0
0
0
0
0
0
0
0
0
0
0
0
0
0
0
0
0
0
0
0
0
0
0
0
0
0
0
0
0
0
0
0
0
0
0
0
0
0
0
0
0
0
0
0
0
0
0
0
0
0
0
0
0
0
0
0
0
0
0
0
0
0
0
0
0
0
0
0
0
0
0
0
0
0
0
0
0
0
0
0
0
0
0
0
0
0
0
0
0
0
0
0
0
