3.59987e+07
1260.69
8.89091
0.0789099
0.00078273
8.34126e-06
9.38297e-08
1.09609e-09
1.3029e-11
1.54152e-13
1.78053e-15
1.9794e-17
2.09877e-19
2.11167e-21
2.01124e-23
1.81195e-25
1.54441e-27
1.24635e-29
9.53323e-32
6.91833e-34
4.75361e-36
2.57831e-38
0
0
0
0
0
0
0
0
0
0
0
0
0
0
0
0
0
0
0
0
0
0
0
0
0
0
0
0
0
0
0
0
0
0
0
0
0
0
0
0
0
0
0
0
0
0
0
0
0
0
0
0
0
0
0
0
0
0
0
0
0
0
0
0
0
0
0
0
0
0
0
0
0
0
0
0
0
0
0
0
0
0
0
0
0
0
0
0
0
0
0
0
0
0
0
0
0
0
0
0
0
0
0
0
0
0
0
0
0
0
0
0
0
0
0
0
0
0
0
0
0
0
0
0
0
0
0
0
0
0
0
0
0
0
0
0
0
0
0
0
0
0
0
0
0
0
0
0
