3.59986e+07
1400.43
10.9461
0.107796
0.00117065
1.32503e-05
1.51563e-07
1.71857e-09
1.90729e-11
2.05314e-13
2.12924e-15
2.11644e-17
2.00881e-19
1.81596e-21
1.56109e-23
1.27519e-25
9.89613e-28
7.29824e-30
5.11762e-32
3.41184e-34
2.11521e-36
7.74784e-39
0
0
0
0
0
0
0
0
0
0
0
0
0
0
0
0
0
0
0
0
0
0
0
0
0
0
0
0
0
0
0
0
0
0
0
0
0
0
0
0
0
0
0
0
0
0
0
0
0
0
0
0
0
0
0
0
0
0
0
0
0
0
0
0
0
0
0
0
0
0
0
0
0
0
0
0
0
0
0
0
0
0
0
0
0
0
0
0
0
0
0
0
0
0
0
0
0
0
0
0
0
0
0
0
0
0
0
0
0
0
0
0
0
0
0
0
0
0
0
0
0
0
0
0
0
0
0
0
0
0
0
0
0
0
0
0
0
0
0
0
0
0
0
0
0
0
0
0
