3.59986e+07
1287.97
9.263
0.0835298
0.000833771
8.79392e-06
9.55217e-08
1.0451e-09
1.12793e-11
1.17979e-13
1.18056e-15
1.12074e-17
1.0047e-19
8.48753e-22
6.75393e-24
5.06548e-26
3.58489e-28
2.39747e-30
1.51744e-32
9.08934e-35
4.88454e-37
0
0
0
0
0
0
0
0
0
0
0
0
0
0
0
0
0
0
0
0
0
0
0
0
0
0
0
0
0
0
0
0
0
0
0
0
0
0
0
0
0
0
0
0
0
0
0
0
0
0
0
0
0
0
0
0
0
0
0
0
0
0
0
0
0
0
0
0
0
0
0
0
0
0
0
0
0
0
0
0
0
0
0
0
0
0
0
0
0
0
0
0
0
0
0
0
0
0
0
0
0
0
0
0
0
0
0
0
0
0
0
0
0
0
0
0
0
0
0
0
0
0
0
0
0
0
0
0
0
0
0
0
0
0
0
0
0
0
0
0
0
0
0
0
0
0
0
0
0
