3.59988e+07
1185.44
7.85284
0.0650661
0.000596535
5.76333e-06
5.71242e-08
5.69248e-10
5.60901e-12
5.39076e-14
4.99944e-16
4.43832e-18
3.75072e-20
3.00644e-22
2.28118e-24
1.63709e-26
1.11119e-28
7.13766e-31
4.34223e-33
2.49392e-35
1.28491e-37
0
0
0
0
0
0
0
0
0
0
0
0
0
0
0
0
0
0
0
0
0
0
0
0
0
0
0
0
0
0
0
0
0
0
0
0
0
0
0
0
0
0
0
0
0
0
0
0
0
0
0
0
0
0
0
0
0
0
0
0
0
0
0
0
0
0
0
0
0
0
0
0
0
0
0
0
0
0
0
0
0
0
0
0
0
0
0
0
0
0
0
0
0
0
0
0
0
0
0
0
0
0
0
0
0
0
0
0
0
0
0
0
0
0
0
0
0
0
0
0
0
0
0
0
0
0
0
0
0
0
0
0
0
0
0
0
0
0
0
0
0
0
0
0
0
0
0
0
0
