3.59983e+07
1616.75
14.5399
0.165662
0.0021017
2.83909e-05
3.99083e-07
5.72448e-09
8.21621e-11
1.15872e-12
1.58233e-14
2.07056e-16
2.57897e-18
3.04584e-20
3.40455e-22
3.59968e-24
3.60106e-26
3.41104e-28
3.06255e-30
2.60942e-32
2.11137e-34
1.60702e-36
1.02714e-38
0
0
0
0
0
0
0
0
0
0
0
0
0
0
0
0
0
0
0
0
0
0
0
0
0
0
0
0
0
0
0
0
0
0
0
0
0
0
0
0
0
0
0
0
0
0
0
0
0
0
0
0
0
0
0
0
0
0
0
0
0
0
0
0
0
0
0
0
0
0
0
0
0
0
0
0
0
0
0
0
0
0
0
0
0
0
0
0
0
0
0
0
0
0
0
0
0
0
0
0
0
0
0
0
0
0
0
0
0
0
0
0
0
0
0
0
0
0
0
0
0
0
0
0
0
0
0
0
0
0
0
0
0
0
0
0
0
0
0
0
0
0
0
0
0
0
0
