3.59986e+07
1361.94
10.3237
0.098294
0.00103768
1.16385e-05
1.36333e-07
1.64949e-09
2.03447e-11
2.51503e-13
3.05991e-15
3.60587e-17
4.06743e-19
4.35841e-21
4.41757e-23
4.22721e-25
3.8173e-27
3.25467e-29
2.62277e-31
2.00008e-33
1.44156e-35
9.57879e-38
0
0
0
0
0
0
0
0
0
0
0
0
0
0
0
0
0
0
0
0
0
0
0
0
0
0
0
0
0
0
0
0
0
0
0
0
0
0
0
0
0
0
0
0
0
0
0
0
0
0
0
0
0
0
0
0
0
0
0
0
0
0
0
0
0
0
0
0
0
0
0
0
0
0
0
0
0
0
0
0
0
0
0
0
0
0
0
0
0
0
0
0
0
0
0
0
0
0
0
0
0
0
0
0
0
0
0
0
0
0
0
0
0
0
0
0
0
0
0
0
0
0
0
0
0
0
0
0
0
0
0
0
0
0
0
0
0
0
0
0
0
0
0
0
0
0
0
0
