3.59986e+07
1337.24
10.0059
0.0947412
0.00100324
1.1311e-05
1.3167e-07
1.54233e-09
1.77912e-11
1.98787e-13
2.12687e-15
2.16343e-17
2.08381e-19
1.89713e-21
1.63188e-23
1.32691e-25
1.02092e-27
7.44187e-30
5.1466e-32
3.37988e-34
2.07235e-36
6.487e-39
0
0
0
0
0
0
0
0
0
0
0
0
0
0
0
0
0
0
0
0
0
0
0
0
0
0
0
0
0
0
0
0
0
0
0
0
0
0
0
0
0
0
0
0
0
0
0
0
0
0
0
0
0
0
0
0
0
0
0
0
0
0
0
0
0
0
0
0
0
0
0
0
0
0
0
0
0
0
0
0
0
0
0
0
0
0
0
0
0
0
0
0
0
0
0
0
0
0
0
0
0
0
0
0
0
0
0
0
0
0
0
0
0
0
0
0
0
0
0
0
0
0
0
0
0
0
0
0
0
0
0
0
0
0
0
0
0
0
0
0
0
0
0
0
0
0
0
0
