3.59985e+07
1484.66
12.2993
0.128719
0.00149215
1.82147e-05
2.28717e-07
2.92951e-09
3.83141e-11
5.12612e-13
6.97488e-15
9.50429e-17
1.27186e-18
1.64268e-20
2.0228e-22
2.35805e-24
2.59349e-26
2.68865e-28
2.62839e-30
2.42593e-32
2.11661e-34
1.7418e-36
1.36893e-38
0
0
0
0
0
0
0
0
0
0
0
0
0
0
0
0
0
0
0
0
0
0
0
0
0
0
0
0
0
0
0
0
0
0
0
0
0
0
0
0
0
0
0
0
0
0
0
0
0
0
0
0
0
0
0
0
0
0
0
0
0
0
0
0
0
0
0
0
0
0
0
0
0
0
0
0
0
0
0
0
0
0
0
0
0
0
0
0
0
0
0
0
0
0
0
0
0
0
0
0
0
0
0
0
0
0
0
0
0
0
0
0
0
0
0
0
0
0
0
0
0
0
0
0
0
0
0
0
0
0
0
0
0
0
0
0
0
0
0
0
0
0
0
0
0
0
0
