3.59986e+07
1401.64
10.9605
0.10787
0.00117052
1.32482e-05
1.51423e-07
1.70929e-09
1.87673e-11
1.98404e-13
2.00643e-15
1.93317e-17
1.7704e-19
1.53928e-21
1.27011e-23
9.9475e-26
7.39881e-28
5.23011e-30
3.51662e-32
2.2485e-34
1.32511e-36
3.77245e-39
0
0
0
0
0
0
0
0
0
0
0
0
0
0
0
0
0
0
0
0
0
0
0
0
0
0
0
0
0
0
0
0
0
0
0
0
0
0
0
0
0
0
0
0
0
0
0
0
0
0
0
0
0
0
0
0
0
0
0
0
0
0
0
0
0
0
0
0
0
0
0
0
0
0
0
0
0
0
0
0
0
0
0
0
0
0
0
0
0
0
0
0
0
0
0
0
0
0
0
0
0
0
0
0
0
0
0
0
0
0
0
0
0
0
0
0
0
0
0
0
0
0
0
0
0
0
0
0
0
0
0
0
0
0
0
0
0
0
0
0
0
0
0
0
0
0
0
0
