3.59983e+07
1670.48
15.5622
0.185136
0.00247472
3.55209e-05
5.34804e-07
8.28527e-09
1.2945e-10
1.99894e-12
2.99733e-14
4.30648e-16
5.87663e-18
7.57733e-20
9.20881e-22
1.05409e-23
1.13687e-25
1.15652e-27
1.11129e-29
1.01025e-31
8.70184e-34
7.08085e-36
5.08784e-38
0
0
0
0
0
0
0
0
0
0
0
0
0
0
0
0
0
0
0
0
0
0
0
0
0
0
0
0
0
0
0
0
0
0
0
0
0
0
0
0
0
0
0
0
0
0
0
0
0
0
0
0
0
0
0
0
0
0
0
0
0
0
0
0
0
0
0
0
0
0
0
0
0
0
0
0
0
0
0
0
0
0
0
0
0
0
0
0
0
0
0
0
0
0
0
0
0
0
0
0
0
0
0
0
0
0
0
0
0
0
0
0
0
0
0
0
0
0
0
0
0
0
0
0
0
0
0
0
0
0
0
0
0
0
0
0
0
0
0
0
0
0
0
0
0
0
0
