3.59985e+07
1429.84
11.4072
0.114572
0.00127079
1.48117e-05
1.77114e-07
2.13971e-09
2.5786e-11
3.06197e-13
3.54108e-15
3.94809e-17
4.21047e-19
4.27141e-21
4.10797e-23
3.73879e-25
3.21835e-27
2.62086e-29
2.02064e-31
1.47632e-33
1.01758e-35
6.18763e-38
0
0
0
0
0
0
0
0
0
0
0
0
0
0
0
0
0
0
0
0
0
0
0
0
0
0
0
0
0
0
0
0
0
0
0
0
0
0
0
0
0
0
0
0
0
0
0
0
0
0
0
0
0
0
0
0
0
0
0
0
0
0
0
0
0
0
0
0
0
0
0
0
0
0
0
0
0
0
0
0
0
0
0
0
0
0
0
0
0
0
0
0
0
0
0
0
0
0
0
0
0
0
0
0
0
0
0
0
0
0
0
0
0
0
0
0
0
0
0
0
0
0
0
0
0
0
0
0
0
0
0
0
0
0
0
0
0
0
0
0
0
0
0
0
0
0
0
0
