3.59983e+07
1689.72
15.8983
0.190723
0.00256914
3.72574e-05
5.69464e-07
8.99632e-09
1.43774e-10
2.27622e-12
3.50846e-14
5.1991e-16
7.34729e-18
9.85512e-20
1.25171e-21
1.50412e-23
1.71015e-25
1.84096e-27
1.8782e-29
1.81811e-31
1.67184e-33
1.45996e-35
1.13408e-37
0
0
0
0
0
0
0
0
0
0
0
0
0
0
0
0
0
0
0
0
0
0
0
0
0
0
0
0
0
0
0
0
0
0
0
0
0
0
0
0
0
0
0
0
0
0
0
0
0
0
0
0
0
0
0
0
0
0
0
0
0
0
0
0
0
0
0
0
0
0
0
0
0
0
0
0
0
0
0
0
0
0
0
0
0
0
0
0
0
0
0
0
0
0
0
0
0
0
0
0
0
0
0
0
0
0
0
0
0
0
0
0
0
0
0
0
0
0
0
0
0
0
0
0
0
0
0
0
0
0
0
0
0
0
0
0
0
0
0
0
0
0
0
0
0
0
0
