3.59986e+07
1361.64
10.3377
0.0989829
0.00105869
1.20812e-05
1.42732e-07
1.69809e-09
1.98612e-11
2.24335e-13
2.41861e-15
2.47203e-17
2.38696e-19
2.17437e-21
1.86839e-23
1.51536e-25
1.16129e-27
8.41967e-30
5.78346e-32
3.76698e-34
2.27184e-36
7.66547e-39
0
0
0
0
0
0
0
0
0
0
0
0
0
0
0
0
0
0
0
0
0
0
0
0
0
0
0
0
0
0
0
0
0
0
0
0
0
0
0
0
0
0
0
0
0
0
0
0
0
0
0
0
0
0
0
0
0
0
0
0
0
0
0
0
0
0
0
0
0
0
0
0
0
0
0
0
0
0
0
0
0
0
0
0
0
0
0
0
0
0
0
0
0
0
0
0
0
0
0
0
0
0
0
0
0
0
0
0
0
0
0
0
0
0
0
0
0
0
0
0
0
0
0
0
0
0
0
0
0
0
0
0
0
0
0
0
0
0
0
0
0
0
0
0
0
0
0
0
