3.59985e+07
1415.57
11.154
0.110629
0.00122033
1.43826e-05
1.78419e-07
2.30714e-09
3.0725e-11
4.1457e-13
5.56393e-15
7.30111e-17
9.24025e-19
1.11709e-20
1.28225e-22
1.39283e-24
1.42969e-26
1.38652e-28
1.27118e-30
1.10295e-32
9.06281e-35
6.98913e-37
4.92434e-39
0
0
0
0
0
0
0
0
0
0
0
0
0
0
0
0
0
0
0
0
0
0
0
0
0
0
0
0
0
0
0
0
0
0
0
0
0
0
0
0
0
0
0
0
0
0
0
0
0
0
0
0
0
0
0
0
0
0
0
0
0
0
0
0
0
0
0
0
0
0
0
0
0
0
0
0
0
0
0
0
0
0
0
0
0
0
0
0
0
0
0
0
0
0
0
0
0
0
0
0
0
0
0
0
0
0
0
0
0
0
0
0
0
0
0
0
0
0
0
0
0
0
0
0
0
0
0
0
0
0
0
0
0
0
0
0
0
0
0
0
0
0
0
0
0
0
0
