3.59987e+07
1278.58
9.13966
0.0822528
0.00082513
8.80691e-06
9.73759e-08
1.09122e-09
1.21598e-11
1.32627e-13
1.3987e-15
1.41388e-17
1.36202e-19
1.24598e-21
1.08041e-23
8.87401e-26
6.90454e-28
5.09203e-30
3.56258e-32
2.36559e-34
1.47163e-36
5.42317e-39
0
0
0
0
0
0
0
0
0
0
0
0
0
0
0
0
0
0
0
0
0
0
0
0
0
0
0
0
0
0
0
0
0
0
0
0
0
0
0
0
0
0
0
0
0
0
0
0
0
0
0
0
0
0
0
0
0
0
0
0
0
0
0
0
0
0
0
0
0
0
0
0
0
0
0
0
0
0
0
0
0
0
0
0
0
0
0
0
0
0
0
0
0
0
0
0
0
0
0
0
0
0
0
0
0
0
0
0
0
0
0
0
0
0
0
0
0
0
0
0
0
0
0
0
0
0
0
0
0
0
0
0
0
0
0
0
0
0
0
0
0
0
0
0
0
0
0
0
