3.59985e+07
1432.94
11.4495
0.115068
0.00127624
1.49079e-05
1.80571e-07
2.26649e-09
2.9582e-11
3.99945e-13
5.51134e-15
7.56101e-17
1.00981e-18
1.29157e-20
1.56638e-22
1.79224e-24
1.93114e-26
1.95949e-28
1.87424e-30
1.69246e-32
1.44491e-34
1.16618e-36
8.88462e-39
0
0
0
0
0
0
0
0
0
0
0
0
0
0
0
0
0
0
0
0
0
0
0
0
0
0
0
0
0
0
0
0
0
0
0
0
0
0
0
0
0
0
0
0
0
0
0
0
0
0
0
0
0
0
0
0
0
0
0
0
0
0
0
0
0
0
0
0
0
0
0
0
0
0
0
0
0
0
0
0
0
0
0
0
0
0
0
0
0
0
0
0
0
0
0
0
0
0
0
0
0
0
0
0
0
0
0
0
0
0
0
0
0
0
0
0
0
0
0
0
0
0
0
0
0
0
0
0
0
0
0
0
0
0
0
0
0
0
0
0
0
0
0
0
0
0
0
