3.59989e+07
1096.07
6.7264
0.0513392
0.000431491
3.80548e-06
3.44302e-08
3.15446e-10
2.90175e-12
2.66041e-14
2.4114e-16
2.14133e-18
1.84603e-20
1.53266e-22
1.21784e-24
9.22121e-27
6.63547e-29
4.53152e-31
2.93538e-33
1.79787e-35
9.85271e-38
0
0
0
0
0
0
0
0
0
0
0
0
0
0
0
0
0
0
0
0
0
0
0
0
0
0
0
0
0
0
0
0
0
0
0
0
0
0
0
0
0
0
0
0
0
0
0
0
0
0
0
0
0
0
0
0
0
0
0
0
0
0
0
0
0
0
0
0
0
0
0
0
0
0
0
0
0
0
0
0
0
0
0
0
0
0
0
0
0
0
0
0
0
0
0
0
0
0
0
0
0
0
0
0
0
0
0
0
0
0
0
0
0
0
0
0
0
0
0
0
0
0
0
0
0
0
0
0
0
0
0
0
0
0
0
0
0
0
0
0
0
0
0
0
0
0
0
0
0
