3.59987e+07
1196.32
7.97823
0.0663385
0.000609887
5.93593e-06
5.98539e-08
6.13598e-10
6.26855e-12
6.25904e-14
6.01119e-16
5.49073e-18
4.73731e-20
3.84705e-22
2.93681e-24
2.10792e-26
1.424e-28
9.0676e-31
5.45128e-33
3.09135e-35
1.52738e-37
0
0
0
0
0
0
0
0
0
0
0
0
0
0
0
0
0
0
0
0
0
0
0
0
0
0
0
0
0
0
0
0
0
0
0
0
0
0
0
0
0
0
0
0
0
0
0
0
0
0
0
0
0
0
0
0
0
0
0
0
0
0
0
0
0
0
0
0
0
0
0
0
0
0
0
0
0
0
0
0
0
0
0
0
0
0
0
0
0
0
0
0
0
0
0
0
0
0
0
0
0
0
0
0
0
0
0
0
0
0
0
0
0
0
0
0
0
0
0
0
0
0
0
0
0
0
0
0
0
0
0
0
0
0
0
0
0
0
0
0
0
0
0
0
0
0
0
0
0
