3.59985e+07
1465.69
11.9609
0.123395
0.00142626
1.78968e-05
2.44158e-07
3.65131e-09
5.93363e-11
1.01372e-12
1.74557e-14
2.92766e-16
4.68175e-18
7.05981e-20
9.99148e-22
1.32557e-23
1.64963e-25
1.92863e-27
2.12239e-29
2.20304e-31
2.16138e-33
2.00744e-35
1.76012e-37
0
0
0
0
0
0
0
0
0
0
0
0
0
0
0
0
0
0
0
0
0
0
0
0
0
0
0
0
0
0
0
0
0
0
0
0
0
0
0
0
0
0
0
0
0
0
0
0
0
0
0
0
0
0
0
0
0
0
0
0
0
0
0
0
0
0
0
0
0
0
0
0
0
0
0
0
0
0
0
0
0
0
0
0
0
0
0
0
0
0
0
0
0
0
0
0
0
0
0
0
0
0
0
0
0
0
0
0
0
0
0
0
0
0
0
0
0
0
0
0
0
0
0
0
0
0
0
0
0
0
0
0
0
0
0
0
0
0
0
0
0
0
0
0
0
0
0
