3.59988e+07
1186.37
7.86914
0.0654062
0.000607971
6.11636e-06
6.60088e-08
7.57424e-10
9.07565e-12
1.10681e-13
1.33836e-15
1.5713e-17
1.76573e-19
1.88295e-21
1.8968e-23
1.80154e-25
1.61279e-27
1.36178e-29
1.08579e-31
8.18657e-34
5.82821e-36
3.90411e-38
0
0
0
0
0
0
0
0
0
0
0
0
0
0
0
0
0
0
0
0
0
0
0
0
0
0
0
0
0
0
0
0
0
0
0
0
0
0
0
0
0
0
0
0
0
0
0
0
0
0
0
0
0
0
0
0
0
0
0
0
0
0
0
0
0
0
0
0
0
0
0
0
0
0
0
0
0
0
0
0
0
0
0
0
0
0
0
0
0
0
0
0
0
0
0
0
0
0
0
0
0
0
0
0
0
0
0
0
0
0
0
0
0
0
0
0
0
0
0
0
0
0
0
0
0
0
0
0
0
0
0
0
0
0
0
0
0
0
0
0
0
0
0
0
0
0
0
0
