3.59987e+07
1257.16
8.82646
0.0777659
0.00076224
7.96307e-06
8.68687e-08
9.73584e-10
1.10157e-11
1.23483e-13
1.34742e-15
1.41122e-17
1.40489e-19
1.32157e-21
1.17122e-23
9.76908e-26
7.67086e-28
5.67603e-30
3.9634e-32
2.61451e-34
1.60736e-36
0
0
0
0
0
0
0
0
0
0
0
0
0
0
0
0
0
0
0
0
0
0
0
0
0
0
0
0
0
0
0
0
0
0
0
0
0
0
0
0
0
0
0
0
0
0
0
0
0
0
0
0
0
0
0
0
0
0
0
0
0
0
0
0
0
0
0
0
0
0
0
0
0
0
0
0
0
0
0
0
0
0
0
0
0
0
0
0
0
0
0
0
0
0
0
0
0
0
0
0
0
0
0
0
0
0
0
0
0
0
0
0
0
0
0
0
0
0
0
0
0
0
0
0
0
0
0
0
0
0
0
0
0
0
0
0
0
0
0
0
0
0
0
0
0
0
0
0
0
