3.59989e+07
1095.36
6.71747
0.051336
0.000435664
3.93823e-06
3.71321e-08
3.58533e-10
3.47942e-12
3.33364e-14
3.1057e-16
2.78105e-18
2.37478e-20
1.92425e-22
1.47561e-24
1.06975e-26
7.33128e-29
4.75267e-31
2.91703e-33
1.69206e-35
8.95608e-38
0
0
0
0
0
0
0
0
0
0
0
0
0
0
0
0
0
0
0
0
0
0
0
0
0
0
0
0
0
0
0
0
0
0
0
0
0
0
0
0
0
0
0
0
0
0
0
0
0
0
0
0
0
0
0
0
0
0
0
0
0
0
0
0
0
0
0
0
0
0
0
0
0
0
0
0
0
0
0
0
0
0
0
0
0
0
0
0
0
0
0
0
0
0
0
0
0
0
0
0
0
0
0
0
0
0
0
0
0
0
0
0
0
0
0
0
0
0
0
0
0
0
0
0
0
0
0
0
0
0
0
0
0
0
0
0
0
0
0
0
0
0
0
0
0
0
0
0
0
