3.59986e+07
1403.24
11.0008
0.109122
0.00120412
1.40337e-05
1.67554e-07
1.99978e-09
2.3369e-11
2.63088e-13
2.82174e-15
2.86389e-17
2.74113e-19
2.47113e-21
2.09848e-23
1.68018e-25
1.27006e-27
9.078e-30
6.14537e-32
3.94413e-34
2.35025e-36
4.52669e-39
0
0
0
0
0
0
0
0
0
0
0
0
0
0
0
0
0
0
0
0
0
0
0
0
0
0
0
0
0
0
0
0
0
0
0
0
0
0
0
0
0
0
0
0
0
0
0
0
0
0
0
0
0
0
0
0
0
0
0
0
0
0
0
0
0
0
0
0
0
0
0
0
0
0
0
0
0
0
0
0
0
0
0
0
0
0
0
0
0
0
0
0
0
0
0
0
0
0
0
0
0
0
0
0
0
0
0
0
0
0
0
0
0
0
0
0
0
0
0
0
0
0
0
0
0
0
0
0
0
0
0
0
0
0
0
0
0
0
0
0
0
0
0
0
0
0
0
0
