3.59989e+07
1102.75
6.80617
0.0521772
0.000438815
3.83895e-06
3.3903e-08
2.96049e-10
2.52045e-12
2.07358e-14
1.64e-16
1.24347e-18
9.02556e-21
6.26656e-23
4.15997e-25
2.63931e-27
1.59988e-29
9.2632e-32
5.11752e-34
2.6358e-36
1.06655e-38
0
0
0
0
0
0
0
0
0
0
0
0
0
0
0
0
0
0
0
0
0
0
0
0
0
0
0
0
0
0
0
0
0
0
0
0
0
0
0
0
0
0
0
0
0
0
0
0
0
0
0
0
0
0
0
0
0
0
0
0
0
0
0
0
0
0
0
0
0
0
0
0
0
0
0
0
0
0
0
0
0
0
0
0
0
0
0
0
0
0
0
0
0
0
0
0
0
0
0
0
0
0
0
0
0
0
0
0
0
0
0
0
0
0
0
0
0
0
0
0
0
0
0
0
0
0
0
0
0
0
0
0
0
0
0
0
0
0
0
0
0
0
0
0
0
0
0
0
0
