3.59985e+07
1476.1
12.156
0.126814
0.00147146
1.79942e-05
2.24689e-07
2.80269e-09
3.43909e-11
4.10716e-13
4.73796e-15
5.25095e-17
5.56902e-19
5.63634e-21
5.43337e-23
4.9829e-25
4.34494e-27
3.60178e-29
2.83908e-31
2.12873e-33
1.51113e-35
9.41236e-38
0
0
0
0
0
0
0
0
0
0
0
0
0
0
0
0
0
0
0
0
0
0
0
0
0
0
0
0
0
0
0
0
0
0
0
0
0
0
0
0
0
0
0
0
0
0
0
0
0
0
0
0
0
0
0
0
0
0
0
0
0
0
0
0
0
0
0
0
0
0
0
0
0
0
0
0
0
0
0
0
0
0
0
0
0
0
0
0
0
0
0
0
0
0
0
0
0
0
0
0
0
0
0
0
0
0
0
0
0
0
0
0
0
0
0
0
0
0
0
0
0
0
0
0
0
0
0
0
0
0
0
0
0
0
0
0
0
0
0
0
0
0
0
0
0
0
0
0
