3.59986e+07
1355.17
10.255
0.0979006
0.0010408
1.17663e-05
1.3878e-07
1.7e-09
2.16712e-11
2.86658e-13
3.87503e-15
5.22619e-17
6.86752e-19
8.63933e-21
1.02947e-22
1.15589e-24
1.2206e-26
1.21238e-28
1.134e-30
1.00053e-32
8.33793e-35
6.5663e-37
4.92434e-39
0
0
0
0
0
0
0
0
0
0
0
0
0
0
0
0
0
0
0
0
0
0
0
0
0
0
0
0
0
0
0
0
0
0
0
0
0
0
0
0
0
0
0
0
0
0
0
0
0
0
0
0
0
0
0
0
0
0
0
0
0
0
0
0
0
0
0
0
0
0
0
0
0
0
0
0
0
0
0
0
0
0
0
0
0
0
0
0
0
0
0
0
0
0
0
0
0
0
0
0
0
0
0
0
0
0
0
0
0
0
0
0
0
0
0
0
0
0
0
0
0
0
0
0
0
0
0
0
0
0
0
0
0
0
0
0
0
0
0
0
0
0
0
0
0
0
0
