3.59986e+07
1378.84
10.5992
0.102723
0.00110696
1.26986e-05
1.53277e-07
1.95333e-09
2.63585e-11
3.72241e-13
5.3563e-15
7.61891e-17
1.04604e-18
1.36566e-20
1.68217e-22
1.94858e-24
2.12137e-26
2.17219e-28
2.09511e-30
1.90692e-32
1.64056e-34
1.33528e-36
1.02717e-38
0
0
0
0
0
0
0
0
0
0
0
0
0
0
0
0
0
0
0
0
0
0
0
0
0
0
0
0
0
0
0
0
0
0
0
0
0
0
0
0
0
0
0
0
0
0
0
0
0
0
0
0
0
0
0
0
0
0
0
0
0
0
0
0
0
0
0
0
0
0
0
0
0
0
0
0
0
0
0
0
0
0
0
0
0
0
0
0
0
0
0
0
0
0
0
0
0
0
0
0
0
0
0
0
0
0
0
0
0
0
0
0
0
0
0
0
0
0
0
0
0
0
0
0
0
0
0
0
0
0
0
0
0
0
0
0
0
0
0
0
0
0
0
0
0
0
0
