3.59986e+07
1372.96
10.4967
0.100774
0.00107246
1.2108e-05
1.42163e-07
1.71197e-09
2.08519e-11
2.53033e-13
3.01458e-15
3.4831e-17
3.86777e-19
4.10281e-21
4.14212e-23
3.972e-25
3.61452e-27
3.12092e-29
2.55764e-31
1.99048e-33
1.46984e-35
9.71515e-38
0
0
0
0
0
0
0
0
0
0
0
0
0
0
0
0
0
0
0
0
0
0
0
0
0
0
0
0
0
0
0
0
0
0
0
0
0
0
0
0
0
0
0
0
0
0
0
0
0
0
0
0
0
0
0
0
0
0
0
0
0
0
0
0
0
0
0
0
0
0
0
0
0
0
0
0
0
0
0
0
0
0
0
0
0
0
0
0
0
0
0
0
0
0
0
0
0
0
0
0
0
0
0
0
0
0
0
0
0
0
0
0
0
0
0
0
0
0
0
0
0
0
0
0
0
0
0
0
0
0
0
0
0
0
0
0
0
0
0
0
0
0
0
0
0
0
0
0
