3.59989e+07
1063.68
6.34825
0.0472359
0.00039038
3.4322e-06
3.14195e-08
2.93966e-10
2.75639e-12
2.54098e-14
2.26623e-16
1.93285e-18
1.56491e-20
1.19791e-22
8.65477e-25
5.90035e-27
3.79819e-29
2.31134e-31
1.3312e-33
7.22726e-36
2.56112e-38
0
0
0
0
0
0
0
0
0
0
0
0
0
0
0
0
0
0
0
0
0
0
0
0
0
0
0
0
0
0
0
0
0
0
0
0
0
0
0
0
0
0
0
0
0
0
0
0
0
0
0
0
0
0
0
0
0
0
0
0
0
0
0
0
0
0
0
0
0
0
0
0
0
0
0
0
0
0
0
0
0
0
0
0
0
0
0
0
0
0
0
0
0
0
0
0
0
0
0
0
0
0
0
0
0
0
0
0
0
0
0
0
0
0
0
0
0
0
0
0
0
0
0
0
0
0
0
0
0
0
0
0
0
0
0
0
0
0
0
0
0
0
0
0
0
0
0
0
0
