3.59984e+07
1558.63
13.5451
0.149595
0.00184257
2.39981e-05
3.19951e-07
4.26084e-09
5.56248e-11
7.02242e-13
8.49416e-15
9.78586e-17
1.07008e-18
1.10866e-20
1.08757e-22
1.01031e-24
8.89292e-27
7.42387e-29
5.88423e-31
4.433e-33
3.16681e-35
2.00503e-37
0
0
0
0
0
0
0
0
0
0
0
0
0
0
0
0
0
0
0
0
0
0
0
0
0
0
0
0
0
0
0
0
0
0
0
0
0
0
0
0
0
0
0
0
0
0
0
0
0
0
0
0
0
0
0
0
0
0
0
0
0
0
0
0
0
0
0
0
0
0
0
0
0
0
0
0
0
0
0
0
0
0
0
0
0
0
0
0
0
0
0
0
0
0
0
0
0
0
0
0
0
0
0
0
0
0
0
0
0
0
0
0
0
0
0
0
0
0
0
0
0
0
0
0
0
0
0
0
0
0
0
0
0
0
0
0
0
0
0
0
0
0
0
0
0
0
0
0
