3.59983e+07
1629.31
14.772
0.169793
0.00217035
2.94385e-05
4.13995e-07
5.93707e-09
8.55588e-11
1.22193e-12
1.70767e-14
2.31004e-16
2.99897e-18
3.71332e-20
4.36723e-22
4.86708e-24
5.1342e-26
5.12572e-28
4.84526e-30
4.34054e-32
3.68807e-34
2.95044e-36
2.13669e-38
0
0
0
0
0
0
0
0
0
0
0
0
0
0
0
0
0
0
0
0
0
0
0
0
0
0
0
0
0
0
0
0
0
0
0
0
0
0
0
0
0
0
0
0
0
0
0
0
0
0
0
0
0
0
0
0
0
0
0
0
0
0
0
0
0
0
0
0
0
0
0
0
0
0
0
0
0
0
0
0
0
0
0
0
0
0
0
0
0
0
0
0
0
0
0
0
0
0
0
0
0
0
0
0
0
0
0
0
0
0
0
0
0
0
0
0
0
0
0
0
0
0
0
0
0
0
0
0
0
0
0
0
0
0
0
0
0
0
0
0
0
0
0
0
0
0
0
