3.59985e+07
1476.26
12.1539
0.126584
0.00146733
1.80352e-05
2.29304e-07
2.97092e-09
3.88532e-11
5.09031e-13
6.62601e-15
8.48518e-17
1.0578e-18
1.27146e-20
1.46238e-22
1.60098e-24
1.66303e-26
1.63652e-28
1.52503e-30
1.34625e-32
1.12597e-34
8.85219e-37
6.62772e-39
0
0
0
0
0
0
0
0
0
0
0
0
0
0
0
0
0
0
0
0
0
0
0
0
0
0
0
0
0
0
0
0
0
0
0
0
0
0
0
0
0
0
0
0
0
0
0
0
0
0
0
0
0
0
0
0
0
0
0
0
0
0
0
0
0
0
0
0
0
0
0
0
0
0
0
0
0
0
0
0
0
0
0
0
0
0
0
0
0
0
0
0
0
0
0
0
0
0
0
0
0
0
0
0
0
0
0
0
0
0
0
0
0
0
0
0
0
0
0
0
0
0
0
0
0
0
0
0
0
0
0
0
0
0
0
0
0
0
0
0
0
0
0
0
0
0
0
