3.59987e+07
1246.55
8.6625
0.0752053
0.000720822
7.27664e-06
7.55366e-08
7.92251e-10
8.26422e-12
8.45083e-14
8.36763e-16
7.94659e-18
7.19033e-20
6.17284e-22
5.01643e-24
3.85544e-26
2.80236e-28
1.92756e-30
1.25583e-32
7.74787e-35
4.3739e-37
0
0
0
0
0
0
0
0
0
0
0
0
0
0
0
0
0
0
0
0
0
0
0
0
0
0
0
0
0
0
0
0
0
0
0
0
0
0
0
0
0
0
0
0
0
0
0
0
0
0
0
0
0
0
0
0
0
0
0
0
0
0
0
0
0
0
0
0
0
0
0
0
0
0
0
0
0
0
0
0
0
0
0
0
0
0
0
0
0
0
0
0
0
0
0
0
0
0
0
0
0
0
0
0
0
0
0
0
0
0
0
0
0
0
0
0
0
0
0
0
0
0
0
0
0
0
0
0
0
0
0
0
0
0
0
0
0
0
0
0
0
0
0
0
0
0
0
0
0
