3.59986e+07
1349.45
10.1593
0.0965362
0.00102632
1.16847e-05
1.39108e-07
1.69904e-09
2.09244e-11
2.55779e-13
3.0612e-15
3.54718e-17
3.94594e-19
4.18866e-21
4.22625e-23
4.04391e-25
3.66571e-27
3.14738e-29
2.56071e-31
1.97563e-33
1.4425e-35
9.58556e-38
0
0
0
0
0
0
0
0
0
0
0
0
0
0
0
0
0
0
0
0
0
0
0
0
0
0
0
0
0
0
0
0
0
0
0
0
0
0
0
0
0
0
0
0
0
0
0
0
0
0
0
0
0
0
0
0
0
0
0
0
0
0
0
0
0
0
0
0
0
0
0
0
0
0
0
0
0
0
0
0
0
0
0
0
0
0
0
0
0
0
0
0
0
0
0
0
0
0
0
0
0
0
0
0
0
0
0
0
0
0
0
0
0
0
0
0
0
0
0
0
0
0
0
0
0
0
0
0
0
0
0
0
0
0
0
0
0
0
0
0
0
0
0
0
0
0
0
0
