3.59983e+07
1601.2
14.2516
0.160378
0.00199725
2.61493e-05
3.50392e-07
4.71915e-09
6.29819e-11
8.22889e-13
1.04176e-14
1.26739e-16
1.47273e-18
1.62784e-20
1.70726e-22
1.69688e-24
1.59783e-26
1.42585e-28
1.20667e-30
9.69347e-33
7.38847e-35
5.18844e-37
0
0
0
0
0
0
0
0
0
0
0
0
0
0
0
0
0
0
0
0
0
0
0
0
0
0
0
0
0
0
0
0
0
0
0
0
0
0
0
0
0
0
0
0
0
0
0
0
0
0
0
0
0
0
0
0
0
0
0
0
0
0
0
0
0
0
0
0
0
0
0
0
0
0
0
0
0
0
0
0
0
0
0
0
0
0
0
0
0
0
0
0
0
0
0
0
0
0
0
0
0
0
0
0
0
0
0
0
0
0
0
0
0
0
0
0
0
0
0
0
0
0
0
0
0
0
0
0
0
0
0
0
0
0
0
0
0
0
0
0
0
0
0
0
0
0
0
0
