3.59988e+07
1154.55
7.45627
0.0601727
0.000537629
5.0575e-06
4.85616e-08
4.64357e-10
4.33877e-12
3.90841e-14
3.3645e-16
2.75278e-18
2.13415e-20
1.56543e-22
1.08595e-24
7.12634e-27
4.427e-29
2.60591e-31
1.45462e-33
7.62158e-36
2.70349e-38
0
0
0
0
0
0
0
0
0
0
0
0
0
0
0
0
0
0
0
0
0
0
0
0
0
0
0
0
0
0
0
0
0
0
0
0
0
0
0
0
0
0
0
0
0
0
0
0
0
0
0
0
0
0
0
0
0
0
0
0
0
0
0
0
0
0
0
0
0
0
0
0
0
0
0
0
0
0
0
0
0
0
0
0
0
0
0
0
0
0
0
0
0
0
0
0
0
0
0
0
0
0
0
0
0
0
0
0
0
0
0
0
0
0
0
0
0
0
0
0
0
0
0
0
0
0
0
0
0
0
0
0
0
0
0
0
0
0
0
0
0
0
0
0
0
0
0
0
0
