3.59986e+07
1345.62
10.1021
0.0956269
0.00100945
1.13719e-05
1.33919e-07
1.62701e-09
2.01847e-11
2.53069e-13
3.16754e-15
3.90382e-17
4.67455e-19
5.37847e-21
5.89909e-23
6.13698e-25
6.03982e-27
5.61798e-29
4.93949e-31
4.10841e-33
3.23084e-35
2.39636e-37
0
0
0
0
0
0
0
0
0
0
0
0
0
0
0
0
0
0
0
0
0
0
0
0
0
0
0
0
0
0
0
0
0
0
0
0
0
0
0
0
0
0
0
0
0
0
0
0
0
0
0
0
0
0
0
0
0
0
0
0
0
0
0
0
0
0
0
0
0
0
0
0
0
0
0
0
0
0
0
0
0
0
0
0
0
0
0
0
0
0
0
0
0
0
0
0
0
0
0
0
0
0
0
0
0
0
0
0
0
0
0
0
0
0
0
0
0
0
0
0
0
0
0
0
0
0
0
0
0
0
0
0
0
0
0
0
0
0
0
0
0
0
0
0
0
0
0
0
