3.59986e+07
1374.02
10.5271
0.101616
0.00109141
1.25003e-05
1.50225e-07
1.87782e-09
2.4165e-11
3.15177e-13
4.08701e-15
5.17252e-17
6.29653e-19
7.30009e-21
8.01491e-23
8.31027e-25
8.13069e-27
7.5093e-29
6.55373e-31
5.41245e-33
4.23152e-35
3.11215e-37
0
0
0
0
0
0
0
0
0
0
0
0
0
0
0
0
0
0
0
0
0
0
0
0
0
0
0
0
0
0
0
0
0
0
0
0
0
0
0
0
0
0
0
0
0
0
0
0
0
0
0
0
0
0
0
0
0
0
0
0
0
0
0
0
0
0
0
0
0
0
0
0
0
0
0
0
0
0
0
0
0
0
0
0
0
0
0
0
0
0
0
0
0
0
0
0
0
0
0
0
0
0
0
0
0
0
0
0
0
0
0
0
0
0
0
0
0
0
0
0
0
0
0
0
0
0
0
0
0
0
0
0
0
0
0
0
0
0
0
0
0
0
0
0
0
0
0
0
