3.59988e+07
1164.8
7.6075
0.0622888
0.000564904
5.39055e-06
5.26215e-08
5.15204e-10
4.98275e-12
4.70238e-14
4.28761e-16
3.74769e-18
3.12204e-20
2.46894e-22
1.84898e-24
1.30981e-26
8.7748e-29
5.56177e-31
3.33761e-33
1.88867e-35
9.00744e-38
0
0
0
0
0
0
0
0
0
0
0
0
0
0
0
0
0
0
0
0
0
0
0
0
0
0
0
0
0
0
0
0
0
0
0
0
0
0
0
0
0
0
0
0
0
0
0
0
0
0
0
0
0
0
0
0
0
0
0
0
0
0
0
0
0
0
0
0
0
0
0
0
0
0
0
0
0
0
0
0
0
0
0
0
0
0
0
0
0
0
0
0
0
0
0
0
0
0
0
0
0
0
0
0
0
0
0
0
0
0
0
0
0
0
0
0
0
0
0
0
0
0
0
0
0
0
0
0
0
0
0
0
0
0
0
0
0
0
0
0
0
0
0
0
0
0
0
0
0
