3.59982e+07
1719.47
16.4887
0.202094
0.00278644
4.14348e-05
6.52038e-07
1.06993e-08
1.80063e-10
3.0517e-12
5.11681e-14
8.36078e-16
1.31606e-17
1.97959e-19
2.83067e-21
3.83636e-23
4.92093e-25
5.97202e-27
6.85972e-29
7.46386e-31
7.70124e-33
7.54127e-35
6.93198e-37
6.07417e-39
0
0
0
0
0
0
0
0
0
0
0
0
0
0
0
0
0
0
0
0
0
0
0
0
0
0
0
0
0
0
0
0
0
0
0
0
0
0
0
0
0
0
0
0
0
0
0
0
0
0
0
0
0
0
0
0
0
0
0
0
0
0
0
0
0
0
0
0
0
0
0
0
0
0
0
0
0
0
0
0
0
0
0
0
0
0
0
0
0
0
0
0
0
0
0
0
0
0
0
0
0
0
0
0
0
0
0
0
0
0
0
0
0
0
0
0
0
0
0
0
0
0
0
0
0
0
0
0
0
0
0
0
0
0
0
0
0
0
0
0
0
0
0
0
0
0
