3.59989e+07
1083.09
6.58734
0.0501156
0.00042479
3.84211e-06
3.63308e-08
3.53615e-10
3.48739e-12
3.42703e-14
3.30152e-16
3.07494e-18
2.73986e-20
2.31917e-22
1.85718e-24
1.40422e-26
1.00198e-28
6.75016e-31
4.2974e-33
2.58322e-35
1.44064e-37
0
0
0
0
0
0
0
0
0
0
0
0
0
0
0
0
0
0
0
0
0
0
0
0
0
0
0
0
0
0
0
0
0
0
0
0
0
0
0
0
0
0
0
0
0
0
0
0
0
0
0
0
0
0
0
0
0
0
0
0
0
0
0
0
0
0
0
0
0
0
0
0
0
0
0
0
0
0
0
0
0
0
0
0
0
0
0
0
0
0
0
0
0
0
0
0
0
0
0
0
0
0
0
0
0
0
0
0
0
0
0
0
0
0
0
0
0
0
0
0
0
0
0
0
0
0
0
0
0
0
0
0
0
0
0
0
0
0
0
0
0
0
0
0
0
0
0
0
0
