3.59984e+07
1553.49
13.4481
0.147563
0.0017954
2.29154e-05
2.97433e-07
3.84736e-09
4.89109e-11
6.0496e-13
7.22398e-15
8.27841e-17
9.06245e-19
9.44547e-21
9.35232e-23
8.78574e-25
7.82678e-27
6.61242e-29
5.3006e-31
4.03437e-33
2.90775e-35
1.8659e-37
0
0
0
0
0
0
0
0
0
0
0
0
0
0
0
0
0
0
0
0
0
0
0
0
0
0
0
0
0
0
0
0
0
0
0
0
0
0
0
0
0
0
0
0
0
0
0
0
0
0
0
0
0
0
0
0
0
0
0
0
0
0
0
0
0
0
0
0
0
0
0
0
0
0
0
0
0
0
0
0
0
0
0
0
0
0
0
0
0
0
0
0
0
0
0
0
0
0
0
0
0
0
0
0
0
0
0
0
0
0
0
0
0
0
0
0
0
0
0
0
0
0
0
0
0
0
0
0
0
0
0
0
0
0
0
0
0
0
0
0
0
0
0
0
0
0
0
0
