3.59982e+07
1714.09
16.331
0.197193
0.00263893
3.73969e-05
5.53056e-07
8.52057e-09
1.36561e-10
2.25326e-12
3.75149e-14
6.15906e-16
9.78074e-18
1.48278e-19
2.12975e-21
2.88761e-23
3.69125e-25
4.44971e-27
5.0635e-29
5.4469e-31
5.54756e-33
5.35599e-35
4.87938e-37
4.16709e-39
0
0
0
0
0
0
0
0
0
0
0
0
0
0
0
0
0
0
0
0
0
0
0
0
0
0
0
0
0
0
0
0
0
0
0
0
0
0
0
0
0
0
0
0
0
0
0
0
0
0
0
0
0
0
0
0
0
0
0
0
0
0
0
0
0
0
0
0
0
0
0
0
0
0
0
0
0
0
0
0
0
0
0
0
0
0
0
0
0
0
0
0
0
0
0
0
0
0
0
0
0
0
0
0
0
0
0
0
0
0
0
0
0
0
0
0
0
0
0
0
0
0
0
0
0
0
0
0
0
0
0
0
0
0
0
0
0
0
0
0
0
0
0
0
0
0
