3.59987e+07
1209.93
8.18684
0.0691553
0.000642028
6.22899e-06
6.16224e-08
6.12201e-10
6.04166e-12
5.8729e-14
5.58469e-16
5.16507e-18
4.62256e-20
3.9853e-22
3.29691e-24
2.60872e-26
1.96948e-28
1.41632e-30
9.69192e-33
6.29975e-35
3.68553e-37
0
0
0
0
0
0
0
0
0
0
0
0
0
0
0
0
0
0
0
0
0
0
0
0
0
0
0
0
0
0
0
0
0
0
0
0
0
0
0
0
0
0
0
0
0
0
0
0
0
0
0
0
0
0
0
0
0
0
0
0
0
0
0
0
0
0
0
0
0
0
0
0
0
0
0
0
0
0
0
0
0
0
0
0
0
0
0
0
0
0
0
0
0
0
0
0
0
0
0
0
0
0
0
0
0
0
0
0
0
0
0
0
0
0
0
0
0
0
0
0
0
0
0
0
0
0
0
0
0
0
0
0
0
0
0
0
0
0
0
0
0
0
0
0
0
0
0
0
0
