3.59986e+07
1321.48
9.73863
0.0899751
0.000916978
9.81211e-06
1.07463e-07
1.18286e-09
1.28812e-11
1.36828e-13
1.40075e-15
1.3693e-17
1.27014e-19
1.11376e-21
9.21561e-24
7.19219e-26
5.2966e-28
3.68443e-30
2.42401e-32
1.50864e-34
8.69135e-37
0
0
0
0
0
0
0
0
0
0
0
0
0
0
0
0
0
0
0
0
0
0
0
0
0
0
0
0
0
0
0
0
0
0
0
0
0
0
0
0
0
0
0
0
0
0
0
0
0
0
0
0
0
0
0
0
0
0
0
0
0
0
0
0
0
0
0
0
0
0
0
0
0
0
0
0
0
0
0
0
0
0
0
0
0
0
0
0
0
0
0
0
0
0
0
0
0
0
0
0
0
0
0
0
0
0
0
0
0
0
0
0
0
0
0
0
0
0
0
0
0
0
0
0
0
0
0
0
0
0
0
0
0
0
0
0
0
0
0
0
0
0
0
0
0
0
0
0
0
