3.59988e+07
1135.7
7.21744
0.0574783
0.000510441
4.83974e-06
4.79982e-08
4.90843e-10
5.10372e-12
5.31102e-14
5.44043e-16
5.40545e-18
5.15039e-20
4.67018e-22
4.01189e-24
3.25787e-26
2.4992e-28
1.81174e-30
1.24223e-32
8.05783e-35
4.83797e-37
0
0
0
0
0
0
0
0
0
0
0
0
0
0
0
0
0
0
0
0
0
0
0
0
0
0
0
0
0
0
0
0
0
0
0
0
0
0
0
0
0
0
0
0
0
0
0
0
0
0
0
0
0
0
0
0
0
0
0
0
0
0
0
0
0
0
0
0
0
0
0
0
0
0
0
0
0
0
0
0
0
0
0
0
0
0
0
0
0
0
0
0
0
0
0
0
0
0
0
0
0
0
0
0
0
0
0
0
0
0
0
0
0
0
0
0
0
0
0
0
0
0
0
0
0
0
0
0
0
0
0
0
0
0
0
0
0
0
0
0
0
0
0
0
0
0
0
0
0
