3.59987e+07
1319.25
9.67966
0.0893508
0.000921508
1.01487e-05
1.16049e-07
1.34494e-09
1.54701e-11
1.73669e-13
1.87944e-15
1.94433e-17
1.9128e-19
1.78416e-21
1.57563e-23
1.31696e-25
1.04212e-27
7.8129e-30
5.55487e-32
3.74795e-34
2.36568e-36
1.15203e-38
0
0
0
0
0
0
0
0
0
0
0
0
0
0
0
0
0
0
0
0
0
0
0
0
0
0
0
0
0
0
0
0
0
0
0
0
0
0
0
0
0
0
0
0
0
0
0
0
0
0
0
0
0
0
0
0
0
0
0
0
0
0
0
0
0
0
0
0
0
0
0
0
0
0
0
0
0
0
0
0
0
0
0
0
0
0
0
0
0
0
0
0
0
0
0
0
0
0
0
0
0
0
0
0
0
0
0
0
0
0
0
0
0
0
0
0
0
0
0
0
0
0
0
0
0
0
0
0
0
0
0
0
0
0
0
0
0
0
0
0
0
0
0
0
0
0
0
0
