3.59986e+07
1306.52
9.52573
0.0871147
0.000878551
9.29895e-06
1.01429e-07
1.13975e-09
1.3294e-11
1.6121e-13
2.00554e-15
2.49804e-17
3.03884e-19
3.54422e-21
3.9192e-23
4.08631e-25
4.00915e-27
3.70148e-29
3.2194e-31
2.64195e-33
2.04739e-35
1.49673e-37
0
0
0
0
0
0
0
0
0
0
0
0
0
0
0
0
0
0
0
0
0
0
0
0
0
0
0
0
0
0
0
0
0
0
0
0
0
0
0
0
0
0
0
0
0
0
0
0
0
0
0
0
0
0
0
0
0
0
0
0
0
0
0
0
0
0
0
0
0
0
0
0
0
0
0
0
0
0
0
0
0
0
0
0
0
0
0
0
0
0
0
0
0
0
0
0
0
0
0
0
0
0
0
0
0
0
0
0
0
0
0
0
0
0
0
0
0
0
0
0
0
0
0
0
0
0
0
0
0
0
0
0
0
0
0
0
0
0
0
0
0
0
0
0
0
0
0
0
