3.59984e+07
1501.06
12.5841
0.134079
0.00160682
2.08566e-05
2.88555e-07
4.18023e-09
6.18087e-11
9.06799e-13
1.28911e-14
1.74738e-16
2.23757e-18
2.69482e-20
3.04809e-22
3.23888e-24
3.23713e-26
3.04828e-28
2.70948e-30
2.27766e-32
1.81335e-34
1.36351e-36
6.77295e-39
0
0
0
0
0
0
0
0
0
0
0
0
0
0
0
0
0
0
0
0
0
0
0
0
0
0
0
0
0
0
0
0
0
0
0
0
0
0
0
0
0
0
0
0
0
0
0
0
0
0
0
0
0
0
0
0
0
0
0
0
0
0
0
0
0
0
0
0
0
0
0
0
0
0
0
0
0
0
0
0
0
0
0
0
0
0
0
0
0
0
0
0
0
0
0
0
0
0
0
0
0
0
0
0
0
0
0
0
0
0
0
0
0
0
0
0
0
0
0
0
0
0
0
0
0
0
0
0
0
0
0
0
0
0
0
0
0
0
0
0
0
0
0
0
0
0
0
