3.59989e+07
1068.68
6.41101
0.0480277
0.000398796
3.49116e-06
3.13614e-08
2.8354e-10
2.53936e-12
2.22187e-14
1.87716e-16
1.5173e-18
1.16576e-20
8.47876e-23
5.8253e-25
3.77789e-27
2.31325e-29
1.33845e-31
7.32268e-34
3.74719e-36
6.92042e-39
0
0
0
0
0
0
0
0
0
0
0
0
0
0
0
0
0
0
0
0
0
0
0
0
0
0
0
0
0
0
0
0
0
0
0
0
0
0
0
0
0
0
0
0
0
0
0
0
0
0
0
0
0
0
0
0
0
0
0
0
0
0
0
0
0
0
0
0
0
0
0
0
0
0
0
0
0
0
0
0
0
0
0
0
0
0
0
0
0
0
0
0
0
0
0
0
0
0
0
0
0
0
0
0
0
0
0
0
0
0
0
0
0
0
0
0
0
0
0
0
0
0
0
0
0
0
0
0
0
0
0
0
0
0
0
0
0
0
0
0
0
0
0
0
0
0
0
0
0
