3.59982e+07
1710.76
16.3053
0.197352
0.00264745
3.74557e-05
5.47816e-07
8.2293e-09
1.26633e-10
1.98294e-12
3.11819e-14
4.84137e-16
7.30386e-18
1.05758e-19
1.45797e-21
1.90482e-23
2.35341e-25
2.74805e-27
3.03386e-29
3.16972e-31
3.13777e-33
2.94527e-35
2.59748e-37
0
0
0
0
0
0
0
0
0
0
0
0
0
0
0
0
0
0
0
0
0
0
0
0
0
0
0
0
0
0
0
0
0
0
0
0
0
0
0
0
0
0
0
0
0
0
0
0
0
0
0
0
0
0
0
0
0
0
0
0
0
0
0
0
0
0
0
0
0
0
0
0
0
0
0
0
0
0
0
0
0
0
0
0
0
0
0
0
0
0
0
0
0
0
0
0
0
0
0
0
0
0
0
0
0
0
0
0
0
0
0
0
0
0
0
0
0
0
0
0
0
0
0
0
0
0
0
0
0
0
0
0
0
0
0
0
0
0
0
0
0
0
0
0
0
0
0
