3.59986e+07
1385.9
10.7359
0.10511
0.0011461
1.32528e-05
1.57775e-07
1.8849e-09
2.2094e-11
2.49648e-13
2.68649e-15
2.73331e-17
2.61964e-19
2.36197e-21
2.00384e-23
1.60123e-25
1.20697e-27
8.59666e-30
5.79585e-32
3.70268e-34
2.1988e-36
6.27756e-39
0
0
0
0
0
0
0
0
0
0
0
0
0
0
0
0
0
0
0
0
0
0
0
0
0
0
0
0
0
0
0
0
0
0
0
0
0
0
0
0
0
0
0
0
0
0
0
0
0
0
0
0
0
0
0
0
0
0
0
0
0
0
0
0
0
0
0
0
0
0
0
0
0
0
0
0
0
0
0
0
0
0
0
0
0
0
0
0
0
0
0
0
0
0
0
0
0
0
0
0
0
0
0
0
0
0
0
0
0
0
0
0
0
0
0
0
0
0
0
0
0
0
0
0
0
0
0
0
0
0
0
0
0
0
0
0
0
0
0
0
0
0
0
0
0
0
0
0
