3.59988e+07
1154.38
7.43263
0.059379
0.000518144
4.67642e-06
4.23597e-08
3.77491e-10
3.26534e-12
2.71736e-14
2.16304e-16
1.64113e-18
1.18441e-20
8.12311e-23
5.29275e-25
3.27693e-27
1.92883e-29
1.08006e-31
5.75238e-34
2.85378e-36
6.92042e-39
0
0
0
0
0
0
0
0
0
0
0
0
0
0
0
0
0
0
0
0
0
0
0
0
0
0
0
0
0
0
0
0
0
0
0
0
0
0
0
0
0
0
0
0
0
0
0
0
0
0
0
0
0
0
0
0
0
0
0
0
0
0
0
0
0
0
0
0
0
0
0
0
0
0
0
0
0
0
0
0
0
0
0
0
0
0
0
0
0
0
0
0
0
0
0
0
0
0
0
0
0
0
0
0
0
0
0
0
0
0
0
0
0
0
0
0
0
0
0
0
0
0
0
0
0
0
0
0
0
0
0
0
0
0
0
0
0
0
0
0
0
0
0
0
0
0
0
0
0
