3.59988e+07
1174.53
7.72184
0.0635036
0.000578759
5.58691e-06
5.59544e-08
5.73482e-10
5.93715e-12
6.12181e-14
6.19857e-16
6.08819e-18
5.74684e-20
5.18042e-22
4.44244e-24
3.6166e-26
2.79276e-28
2.04548e-30
1.42154e-32
9.37147e-35
5.7694e-37
3.13878e-39
0
0
0
0
0
0
0
0
0
0
0
0
0
0
0
0
0
0
0
0
0
0
0
0
0
0
0
0
0
0
0
0
0
0
0
0
0
0
0
0
0
0
0
0
0
0
0
0
0
0
0
0
0
0
0
0
0
0
0
0
0
0
0
0
0
0
0
0
0
0
0
0
0
0
0
0
0
0
0
0
0
0
0
0
0
0
0
0
0
0
0
0
0
0
0
0
0
0
0
0
0
0
0
0
0
0
0
0
0
0
0
0
0
0
0
0
0
0
0
0
0
0
0
0
0
0
0
0
0
0
0
0
0
0
0
0
0
0
0
0
0
0
0
0
0
0
0
0
