3.59989e+07
1109.58
6.8932
0.053464
0.00046025
4.20086e-06
3.96481e-08
3.79183e-10
3.60826e-12
3.36197e-14
3.02694e-16
2.60738e-18
2.13423e-20
1.65314e-22
1.20916e-24
8.34585e-27
5.43745e-29
3.3469e-31
1.94833e-33
1.06731e-35
4.70916e-38
0
0
0
0
0
0
0
0
0
0
0
0
0
0
0
0
0
0
0
0
0
0
0
0
0
0
0
0
0
0
0
0
0
0
0
0
0
0
0
0
0
0
0
0
0
0
0
0
0
0
0
0
0
0
0
0
0
0
0
0
0
0
0
0
0
0
0
0
0
0
0
0
0
0
0
0
0
0
0
0
0
0
0
0
0
0
0
0
0
0
0
0
0
0
0
0
0
0
0
0
0
0
0
0
0
0
0
0
0
0
0
0
0
0
0
0
0
0
0
0
0
0
0
0
0
0
0
0
0
0
0
0
0
0
0
0
0
0
0
0
0
0
0
0
0
0
0
0
0
