3.59987e+07
1236.95
8.54723
0.0738526
0.000700796
6.89889e-06
6.8105e-08
6.5844e-10
6.13549e-12
5.45491e-14
4.59982e-16
3.66701e-18
2.75975e-20
1.96006e-22
1.31424e-24
8.32613e-27
4.98949e-29
2.83178e-31
1.52341e-33
7.64514e-36
1.30486e-38
0
0
0
0
0
0
0
0
0
0
0
0
0
0
0
0
0
0
0
0
0
0
0
0
0
0
0
0
0
0
0
0
0
0
0
0
0
0
0
0
0
0
0
0
0
0
0
0
0
0
0
0
0
0
0
0
0
0
0
0
0
0
0
0
0
0
0
0
0
0
0
0
0
0
0
0
0
0
0
0
0
0
0
0
0
0
0
0
0
0
0
0
0
0
0
0
0
0
0
0
0
0
0
0
0
0
0
0
0
0
0
0
0
0
0
0
0
0
0
0
0
0
0
0
0
0
0
0
0
0
0
0
0
0
0
0
0
0
0
0
0
0
0
0
0
0
0
0
0
