3.59983e+07
1583.8
13.9898
0.156839
0.00195203
2.5547e-05
3.40699e-07
4.52749e-09
5.89612e-11
7.43377e-13
8.99643e-15
1.03911e-16
1.14137e-18
1.18977e-20
1.17586e-22
1.10155e-24
9.78471e-27
8.24649e-29
6.60009e-31
5.02106e-33
3.62168e-35
2.33995e-37
0
0
0
0
0
0
0
0
0
0
0
0
0
0
0
0
0
0
0
0
0
0
0
0
0
0
0
0
0
0
0
0
0
0
0
0
0
0
0
0
0
0
0
0
0
0
0
0
0
0
0
0
0
0
0
0
0
0
0
0
0
0
0
0
0
0
0
0
0
0
0
0
0
0
0
0
0
0
0
0
0
0
0
0
0
0
0
0
0
0
0
0
0
0
0
0
0
0
0
0
0
0
0
0
0
0
0
0
0
0
0
0
0
0
0
0
0
0
0
0
0
0
0
0
0
0
0
0
0
0
0
0
0
0
0
0
0
0
0
0
0
0
0
0
0
0
0
0
