3.59988e+07
1146.77
7.36469
0.0593147
0.000533696
5.14692e-06
5.2081e-08
5.42033e-10
5.67585e-12
5.85302e-14
5.84047e-16
5.57047e-18
5.04009e-20
4.30875e-22
3.47469e-24
2.64279e-26
1.89709e-28
1.28679e-30
8.25877e-33
5.01589e-35
2.76636e-37
0
0
0
0
0
0
0
0
0
0
0
0
0
0
0
0
0
0
0
0
0
0
0
0
0
0
0
0
0
0
0
0
0
0
0
0
0
0
0
0
0
0
0
0
0
0
0
0
0
0
0
0
0
0
0
0
0
0
0
0
0
0
0
0
0
0
0
0
0
0
0
0
0
0
0
0
0
0
0
0
0
0
0
0
0
0
0
0
0
0
0
0
0
0
0
0
0
0
0
0
0
0
0
0
0
0
0
0
0
0
0
0
0
0
0
0
0
0
0
0
0
0
0
0
0
0
0
0
0
0
0
0
0
0
0
0
0
0
0
0
0
0
0
0
0
0
0
0
0
