3.59984e+07
1513.76
12.7256
0.134844
0.0015836
1.96363e-05
2.50148e-07
3.20664e-09
4.06938e-11
5.04911e-13
6.06806e-15
7.01399e-17
7.75616e-19
8.17321e-21
8.18534e-23
7.77803e-25
7.00738e-27
5.98486e-29
4.84766e-31
3.7263e-33
2.7129e-35
1.80478e-37
0
0
0
0
0
0
0
0
0
0
0
0
0
0
0
0
0
0
0
0
0
0
0
0
0
0
0
0
0
0
0
0
0
0
0
0
0
0
0
0
0
0
0
0
0
0
0
0
0
0
0
0
0
0
0
0
0
0
0
0
0
0
0
0
0
0
0
0
0
0
0
0
0
0
0
0
0
0
0
0
0
0
0
0
0
0
0
0
0
0
0
0
0
0
0
0
0
0
0
0
0
0
0
0
0
0
0
0
0
0
0
0
0
0
0
0
0
0
0
0
0
0
0
0
0
0
0
0
0
0
0
0
0
0
0
0
0
0
0
0
0
0
0
0
0
0
0
0
