3.59983e+07
1621.04
14.639
0.168437
0.00217407
3.00312e-05
4.31649e-07
6.30065e-09
9.13418e-11
1.29072e-12
1.75281e-14
2.26595e-16
2.77277e-18
3.2024e-20
3.48738e-22
3.5815e-24
3.47183e-26
3.18082e-28
2.75835e-30
2.2676e-32
1.76857e-34
1.2896e-36
3.64367e-39
0
0
0
0
0
0
0
0
0
0
0
0
0
0
0
0
0
0
0
0
0
0
0
0
0
0
0
0
0
0
0
0
0
0
0
0
0
0
0
0
0
0
0
0
0
0
0
0
0
0
0
0
0
0
0
0
0
0
0
0
0
0
0
0
0
0
0
0
0
0
0
0
0
0
0
0
0
0
0
0
0
0
0
0
0
0
0
0
0
0
0
0
0
0
0
0
0
0
0
0
0
0
0
0
0
0
0
0
0
0
0
0
0
0
0
0
0
0
0
0
0
0
0
0
0
0
0
0
0
0
0
0
0
0
0
0
0
0
0
0
0
0
0
0
0
0
0
