3.59989e+07
1090.89
6.65302
0.0504691
0.00042347
3.75568e-06
3.43934e-08
3.19366e-10
2.95719e-12
2.68931e-14
2.37152e-16
2.00825e-18
1.62212e-20
1.24445e-22
9.04659e-25
6.22546e-27
4.05513e-29
2.50159e-31
1.46245e-33
8.05402e-36
3.60155e-38
0
0
0
0
0
0
0
0
0
0
0
0
0
0
0
0
0
0
0
0
0
0
0
0
0
0
0
0
0
0
0
0
0
0
0
0
0
0
0
0
0
0
0
0
0
0
0
0
0
0
0
0
0
0
0
0
0
0
0
0
0
0
0
0
0
0
0
0
0
0
0
0
0
0
0
0
0
0
0
0
0
0
0
0
0
0
0
0
0
0
0
0
0
0
0
0
0
0
0
0
0
0
0
0
0
0
0
0
0
0
0
0
0
0
0
0
0
0
0
0
0
0
0
0
0
0
0
0
0
0
0
0
0
0
0
0
0
0
0
0
0
0
0
0
0
0
0
0
0
