3.59988e+07
1190.36
7.91863
0.065692
0.000598007
5.65716e-06
5.39385e-08
5.07594e-10
4.64619e-12
4.09501e-14
3.45155e-16
2.76959e-18
2.10988e-20
1.5237e-22
1.04261e-24
6.76097e-27
4.15768e-29
2.42699e-31
1.34571e-33
6.99515e-36
2.18402e-38
0
0
0
0
0
0
0
0
0
0
0
0
0
0
0
0
0
0
0
0
0
0
0
0
0
0
0
0
0
0
0
0
0
0
0
0
0
0
0
0
0
0
0
0
0
0
0
0
0
0
0
0
0
0
0
0
0
0
0
0
0
0
0
0
0
0
0
0
0
0
0
0
0
0
0
0
0
0
0
0
0
0
0
0
0
0
0
0
0
0
0
0
0
0
0
0
0
0
0
0
0
0
0
0
0
0
0
0
0
0
0
0
0
0
0
0
0
0
0
0
0
0
0
0
0
0
0
0
0
0
0
0
0
0
0
0
0
0
0
0
0
0
0
0
0
0
0
0
0
