3.59982e+07
1730.65
16.6968
0.205797
0.00282564
4.07098e-05
5.92379e-07
8.47046e-09
1.16789e-10
1.53397e-12
1.90572e-14
2.23114e-16
2.45802e-18
2.54805e-20
2.48727e-22
2.28914e-24
1.98931e-26
1.63499e-28
1.27297e-30
9.40334e-33
6.58135e-35
3.9518e-37
0
0
0
0
0
0
0
0
0
0
0
0
0
0
0
0
0
0
0
0
0
0
0
0
0
0
0
0
0
0
0
0
0
0
0
0
0
0
0
0
0
0
0
0
0
0
0
0
0
0
0
0
0
0
0
0
0
0
0
0
0
0
0
0
0
0
0
0
0
0
0
0
0
0
0
0
0
0
0
0
0
0
0
0
0
0
0
0
0
0
0
0
0
0
0
0
0
0
0
0
0
0
0
0
0
0
0
0
0
0
0
0
0
0
0
0
0
0
0
0
0
0
0
0
0
0
0
0
0
0
0
0
0
0
0
0
0
0
0
0
0
0
0
0
0
0
0
0
