3.59982e+07
1713.29
16.3249
0.197132
0.00263553
3.71013e-05
5.35887e-07
7.79982e-09
1.12686e-10
1.59419e-12
2.18251e-14
2.86391e-16
3.57698e-18
4.23303e-20
4.73441e-22
4.99944e-24
4.98468e-26
4.69599e-28
4.18491e-30
3.53272e-32
2.8272e-34
2.12734e-36
8.84507e-39
0
0
0
0
0
0
0
0
0
0
0
0
0
0
0
0
0
0
0
0
0
0
0
0
0
0
0
0
0
0
0
0
0
0
0
0
0
0
0
0
0
0
0
0
0
0
0
0
0
0
0
0
0
0
0
0
0
0
0
0
0
0
0
0
0
0
0
0
0
0
0
0
0
0
0
0
0
0
0
0
0
0
0
0
0
0
0
0
0
0
0
0
0
0
0
0
0
0
0
0
0
0
0
0
0
0
0
0
0
0
0
0
0
0
0
0
0
0
0
0
0
0
0
0
0
0
0
0
0
0
0
0
0
0
0
0
0
0
0
0
0
0
0
0
0
0
0
