3.59986e+07
1315.31
9.64866
0.0891437
0.000918465
1.00803e-05
1.14901e-07
1.33317e-09
1.54645e-11
1.76494e-13
1.95557e-15
2.08221e-17
2.11527e-19
2.04077e-21
1.86495e-23
1.61241e-25
1.31864e-27
1.02051e-29
7.48016e-32
5.19687e-34
3.39243e-36
1.74892e-38
0
0
0
0
0
0
0
0
0
0
0
0
0
0
0
0
0
0
0
0
0
0
0
0
0
0
0
0
0
0
0
0
0
0
0
0
0
0
0
0
0
0
0
0
0
0
0
0
0
0
0
0
0
0
0
0
0
0
0
0
0
0
0
0
0
0
0
0
0
0
0
0
0
0
0
0
0
0
0
0
0
0
0
0
0
0
0
0
0
0
0
0
0
0
0
0
0
0
0
0
0
0
0
0
0
0
0
0
0
0
0
0
0
0
0
0
0
0
0
0
0
0
0
0
0
0
0
0
0
0
0
0
0
0
0
0
0
0
0
0
0
0
0
0
0
0
0
0
