3.59983e+07
1643.82
15.0481
0.175559
0.0023075
3.29698e-05
5.07683e-07
8.39163e-09
1.46813e-10
2.64377e-12
4.74232e-14
8.24606e-16
1.3653e-17
2.13143e-19
3.12361e-21
4.29209e-23
5.53295e-25
6.70142e-27
7.64055e-29
8.21738e-31
8.35381e-33
8.0422e-35
7.30868e-37
4.16709e-39
0
0
0
0
0
0
0
0
0
0
0
0
0
0
0
0
0
0
0
0
0
0
0
0
0
0
0
0
0
0
0
0
0
0
0
0
0
0
0
0
0
0
0
0
0
0
0
0
0
0
0
0
0
0
0
0
0
0
0
0
0
0
0
0
0
0
0
0
0
0
0
0
0
0
0
0
0
0
0
0
0
0
0
0
0
0
0
0
0
0
0
0
0
0
0
0
0
0
0
0
0
0
0
0
0
0
0
0
0
0
0
0
0
0
0
0
0
0
0
0
0
0
0
0
0
0
0
0
0
0
0
0
0
0
0
0
0
0
0
0
0
0
0
0
0
0
