3.59989e+07
1114.05
6.93697
0.0537418
0.00045953
4.13939e-06
3.83359e-08
3.58151e-10
3.31829e-12
3.0043e-14
2.6276e-16
2.20246e-18
1.76072e-20
1.33907e-22
9.67857e-25
6.64789e-27
4.34107e-29
2.69675e-31
1.59448e-33
8.9377e-36
3.69879e-38
0
0
0
0
0
0
0
0
0
0
0
0
0
0
0
0
0
0
0
0
0
0
0
0
0
0
0
0
0
0
0
0
0
0
0
0
0
0
0
0
0
0
0
0
0
0
0
0
0
0
0
0
0
0
0
0
0
0
0
0
0
0
0
0
0
0
0
0
0
0
0
0
0
0
0
0
0
0
0
0
0
0
0
0
0
0
0
0
0
0
0
0
0
0
0
0
0
0
0
0
0
0
0
0
0
0
0
0
0
0
0
0
0
0
0
0
0
0
0
0
0
0
0
0
0
0
0
0
0
0
0
0
0
0
0
0
0
0
0
0
0
0
0
0
0
0
0
0
0
