3.59989e+07
1095.22
6.71173
0.0512384
0.000434526
3.92436e-06
3.68997e-08
3.5406e-10
3.39934e-12
3.20811e-14
2.93381e-16
2.57338e-18
2.15094e-20
1.70682e-22
1.28359e-24
9.14413e-27
6.17288e-29
3.95186e-31
2.40142e-33
1.38133e-35
6.19755e-38
0
0
0
0
0
0
0
0
0
0
0
0
0
0
0
0
0
0
0
0
0
0
0
0
0
0
0
0
0
0
0
0
0
0
0
0
0
0
0
0
0
0
0
0
0
0
0
0
0
0
0
0
0
0
0
0
0
0
0
0
0
0
0
0
0
0
0
0
0
0
0
0
0
0
0
0
0
0
0
0
0
0
0
0
0
0
0
0
0
0
0
0
0
0
0
0
0
0
0
0
0
0
0
0
0
0
0
0
0
0
0
0
0
0
0
0
0
0
0
0
0
0
0
0
0
0
0
0
0
0
0
0
0
0
0
0
0
0
0
0
0
0
0
0
0
0
0
0
0
