3.59989e+07
1104.64
6.82676
0.0525593
0.000447208
4.01725e-06
3.72707e-08
3.51315e-10
3.31209e-12
3.07577e-14
2.77576e-16
2.40846e-18
1.99402e-20
1.56755e-22
1.16686e-24
8.21424e-27
5.46729e-29
3.44211e-31
2.05123e-33
1.15373e-35
5.53699e-38
0
0
0
0
0
0
0
0
0
0
0
0
0
0
0
0
0
0
0
0
0
0
0
0
0
0
0
0
0
0
0
0
0
0
0
0
0
0
0
0
0
0
0
0
0
0
0
0
0
0
0
0
0
0
0
0
0
0
0
0
0
0
0
0
0
0
0
0
0
0
0
0
0
0
0
0
0
0
0
0
0
0
0
0
0
0
0
0
0
0
0
0
0
0
0
0
0
0
0
0
0
0
0
0
0
0
0
0
0
0
0
0
0
0
0
0
0
0
0
0
0
0
0
0
0
0
0
0
0
0
0
0
0
0
0
0
0
0
0
0
0
0
0
0
0
0
0
0
0
