3.59987e+07
1228.62
8.42828
0.0724837
0.000694913
7.16697e-06
7.86963e-08
9.10598e-10
1.08813e-11
1.30683e-13
1.53761e-15
1.73957e-17
1.87084e-19
1.90115e-21
1.82089e-23
1.64291e-25
1.39729e-27
1.12157e-29
8.50916e-32
6.1108e-34
4.14957e-36
2.49038e-38
0
0
0
0
0
0
0
0
0
0
0
0
0
0
0
0
0
0
0
0
0
0
0
0
0
0
0
0
0
0
0
0
0
0
0
0
0
0
0
0
0
0
0
0
0
0
0
0
0
0
0
0
0
0
0
0
0
0
0
0
0
0
0
0
0
0
0
0
0
0
0
0
0
0
0
0
0
0
0
0
0
0
0
0
0
0
0
0
0
0
0
0
0
0
0
0
0
0
0
0
0
0
0
0
0
0
0
0
0
0
0
0
0
0
0
0
0
0
0
0
0
0
0
0
0
0
0
0
0
0
0
0
0
0
0
0
0
0
0
0
0
0
0
0
0
0
0
0
