3.59985e+07
1407.25
11.0513
0.109291
0.00119339
1.36502e-05
1.58767e-07
1.83675e-09
2.07654e-11
2.26323e-13
2.35515e-15
2.32533e-17
2.17049e-19
1.91202e-21
1.58895e-23
1.24624e-25
9.23392e-28
6.47171e-30
4.29651e-32
2.70366e-34
1.56115e-36
0
0
0
0
0
0
0
0
0
0
0
0
0
0
0
0
0
0
0
0
0
0
0
0
0
0
0
0
0
0
0
0
0
0
0
0
0
0
0
0
0
0
0
0
0
0
0
0
0
0
0
0
0
0
0
0
0
0
0
0
0
0
0
0
0
0
0
0
0
0
0
0
0
0
0
0
0
0
0
0
0
0
0
0
0
0
0
0
0
0
0
0
0
0
0
0
0
0
0
0
0
0
0
0
0
0
0
0
0
0
0
0
0
0
0
0
0
0
0
0
0
0
0
0
0
0
0
0
0
0
0
0
0
0
0
0
0
0
0
0
0
0
0
0
0
0
0
0
0
