3.59985e+07
1417.77
11.2165
0.111815
0.00123405
1.43712e-05
1.72813e-07
2.12094e-09
2.63472e-11
3.28209e-13
4.05158e-15
4.89122e-17
5.70429e-19
6.36479e-21
6.75015e-23
6.77824e-25
6.43299e-27
5.76817e-29
4.8889e-31
3.92066e-33
2.97391e-35
2.08096e-37
0
0
0
0
0
0
0
0
0
0
0
0
0
0
0
0
0
0
0
0
0
0
0
0
0
0
0
0
0
0
0
0
0
0
0
0
0
0
0
0
0
0
0
0
0
0
0
0
0
0
0
0
0
0
0
0
0
0
0
0
0
0
0
0
0
0
0
0
0
0
0
0
0
0
0
0
0
0
0
0
0
0
0
0
0
0
0
0
0
0
0
0
0
0
0
0
0
0
0
0
0
0
0
0
0
0
0
0
0
0
0
0
0
0
0
0
0
0
0
0
0
0
0
0
0
0
0
0
0
0
0
0
0
0
0
0
0
0
0
0
0
0
0
0
0
0
0
0
