3.59986e+07
1348.14
10.1293
0.0953428
0.000984813
1.05606e-05
1.13982e-07
1.21325e-09
1.25623e-11
1.25351e-13
1.19757e-15
1.09044e-17
9.43372e-20
7.73876e-22
6.01311e-24
4.42399e-26
3.08249e-28
2.03527e-30
1.27445e-32
7.55499e-35
3.98413e-37
0
0
0
0
0
0
0
0
0
0
0
0
0
0
0
0
0
0
0
0
0
0
0
0
0
0
0
0
0
0
0
0
0
0
0
0
0
0
0
0
0
0
0
0
0
0
0
0
0
0
0
0
0
0
0
0
0
0
0
0
0
0
0
0
0
0
0
0
0
0
0
0
0
0
0
0
0
0
0
0
0
0
0
0
0
0
0
0
0
0
0
0
0
0
0
0
0
0
0
0
0
0
0
0
0
0
0
0
0
0
0
0
0
0
0
0
0
0
0
0
0
0
0
0
0
0
0
0
0
0
0
0
0
0
0
0
0
0
0
0
0
0
0
0
0
0
0
0
0
