3.59988e+07
1176.25
7.73275
0.063367
0.000570602
5.3605e-06
5.11383e-08
4.8671e-10
4.56017e-12
4.15952e-14
3.65868e-16
3.07938e-18
2.46572e-20
1.87101e-22
1.34238e-24
9.09758e-27
5.82381e-29
3.52352e-31
2.01622e-33
1.08252e-35
5.06736e-38
0
0
0
0
0
0
0
0
0
0
0
0
0
0
0
0
0
0
0
0
0
0
0
0
0
0
0
0
0
0
0
0
0
0
0
0
0
0
0
0
0
0
0
0
0
0
0
0
0
0
0
0
0
0
0
0
0
0
0
0
0
0
0
0
0
0
0
0
0
0
0
0
0
0
0
0
0
0
0
0
0
0
0
0
0
0
0
0
0
0
0
0
0
0
0
0
0
0
0
0
0
0
0
0
0
0
0
0
0
0
0
0
0
0
0
0
0
0
0
0
0
0
0
0
0
0
0
0
0
0
0
0
0
0
0
0
0
0
0
0
0
0
0
0
0
0
0
0
0
