3.59987e+07
1195.58
7.98451
0.0667677
0.00061919
6.05684e-06
6.06158e-08
6.0598e-10
5.93947e-12
5.63049e-14
5.11545e-16
4.42899e-18
3.64277e-20
2.84186e-22
2.10189e-24
1.47411e-26
9.80869e-29
6.1972e-31
3.72053e-33
2.1157e-35
9.22009e-38
0
0
0
0
0
0
0
0
0
0
0
0
0
0
0
0
0
0
0
0
0
0
0
0
0
0
0
0
0
0
0
0
0
0
0
0
0
0
0
0
0
0
0
0
0
0
0
0
0
0
0
0
0
0
0
0
0
0
0
0
0
0
0
0
0
0
0
0
0
0
0
0
0
0
0
0
0
0
0
0
0
0
0
0
0
0
0
0
0
0
0
0
0
0
0
0
0
0
0
0
0
0
0
0
0
0
0
0
0
0
0
0
0
0
0
0
0
0
0
0
0
0
0
0
0
0
0
0
0
0
0
0
0
0
0
0
0
0
0
0
0
0
0
0
0
0
0
0
0
