3.59985e+07
1462.59
11.9347
0.123445
0.00142467
1.74397e-05
2.19896e-07
2.79483e-09
3.52131e-11
4.34329e-13
5.1972e-15
5.99527e-17
6.6381e-19
7.03317e-21
7.11556e-23
6.86422e-25
6.30804e-27
5.51952e-29
4.59777e-31
3.64639e-33
2.7468e-35
1.8809e-37
0
0
0
0
0
0
0
0
0
0
0
0
0
0
0
0
0
0
0
0
0
0
0
0
0
0
0
0
0
0
0
0
0
0
0
0
0
0
0
0
0
0
0
0
0
0
0
0
0
0
0
0
0
0
0
0
0
0
0
0
0
0
0
0
0
0
0
0
0
0
0
0
0
0
0
0
0
0
0
0
0
0
0
0
0
0
0
0
0
0
0
0
0
0
0
0
0
0
0
0
0
0
0
0
0
0
0
0
0
0
0
0
0
0
0
0
0
0
0
0
0
0
0
0
0
0
0
0
0
0
0
0
0
0
0
0
0
0
0
0
0
0
0
0
0
0
0
0
