3.59983e+07
1640.25
14.9847
0.174107
0.00225456
3.09532e-05
4.3967e-07
6.37115e-09
9.32678e-11
1.36668e-12
1.98407e-14
2.82229e-16
3.89263e-18
5.16031e-20
6.53264e-22
7.86379e-24
8.97954e-26
9.71619e-28
9.96104e-30
9.68072e-32
8.92548e-34
7.79324e-36
6.2284e-38
0
0
0
0
0
0
0
0
0
0
0
0
0
0
0
0
0
0
0
0
0
0
0
0
0
0
0
0
0
0
0
0
0
0
0
0
0
0
0
0
0
0
0
0
0
0
0
0
0
0
0
0
0
0
0
0
0
0
0
0
0
0
0
0
0
0
0
0
0
0
0
0
0
0
0
0
0
0
0
0
0
0
0
0
0
0
0
0
0
0
0
0
0
0
0
0
0
0
0
0
0
0
0
0
0
0
0
0
0
0
0
0
0
0
0
0
0
0
0
0
0
0
0
0
0
0
0
0
0
0
0
0
0
0
0
0
0
0
0
0
0
0
0
0
0
0
0
