3.59987e+07
1252
8.76462
0.0772419
0.000759987
8.00561e-06
8.87603e-08
1.02258e-09
1.20305e-11
1.41406e-13
1.62537e-15
1.79683e-17
1.88982e-19
1.87965e-21
1.76324e-23
1.55903e-25
1.30003e-27
1.02363e-29
7.62224e-32
5.37517e-34
3.58338e-36
1.93055e-38
0
0
0
0
0
0
0
0
0
0
0
0
0
0
0
0
0
0
0
0
0
0
0
0
0
0
0
0
0
0
0
0
0
0
0
0
0
0
0
0
0
0
0
0
0
0
0
0
0
0
0
0
0
0
0
0
0
0
0
0
0
0
0
0
0
0
0
0
0
0
0
0
0
0
0
0
0
0
0
0
0
0
0
0
0
0
0
0
0
0
0
0
0
0
0
0
0
0
0
0
0
0
0
0
0
0
0
0
0
0
0
0
0
0
0
0
0
0
0
0
0
0
0
0
0
0
0
0
0
0
0
0
0
0
0
0
0
0
0
0
0
0
0
0
0
0
0
0
