3.59989e+07
1065.42
6.36989
0.0474786
0.000392125
3.42003e-06
3.06771e-08
2.77302e-10
2.48302e-12
2.17069e-14
1.83121e-16
1.47784e-18
1.13418e-20
8.24726e-23
5.67152e-25
3.68626e-27
2.26503e-29
1.31678e-31
7.24717e-34
3.73359e-36
8.60136e-39
0
0
0
0
0
0
0
0
0
0
0
0
0
0
0
0
0
0
0
0
0
0
0
0
0
0
0
0
0
0
0
0
0
0
0
0
0
0
0
0
0
0
0
0
0
0
0
0
0
0
0
0
0
0
0
0
0
0
0
0
0
0
0
0
0
0
0
0
0
0
0
0
0
0
0
0
0
0
0
0
0
0
0
0
0
0
0
0
0
0
0
0
0
0
0
0
0
0
0
0
0
0
0
0
0
0
0
0
0
0
0
0
0
0
0
0
0
0
0
0
0
0
0
0
0
0
0
0
0
0
0
0
0
0
0
0
0
0
0
0
0
0
0
0
0
0
0
0
0
