3.59988e+07
1176.55
7.74913
0.0640096
0.000589919
5.82776e-06
6.06526e-08
6.55454e-10
7.22589e-12
7.96479e-14
8.61519e-16
9.01231e-18
9.02814e-20
8.60873e-22
7.78834e-24
6.67527e-26
5.41818e-28
4.16604e-30
3.03652e-32
2.09911e-34
1.36086e-36
7.74784e-39
0
0
0
0
0
0
0
0
0
0
0
0
0
0
0
0
0
0
0
0
0
0
0
0
0
0
0
0
0
0
0
0
0
0
0
0
0
0
0
0
0
0
0
0
0
0
0
0
0
0
0
0
0
0
0
0
0
0
0
0
0
0
0
0
0
0
0
0
0
0
0
0
0
0
0
0
0
0
0
0
0
0
0
0
0
0
0
0
0
0
0
0
0
0
0
0
0
0
0
0
0
0
0
0
0
0
0
0
0
0
0
0
0
0
0
0
0
0
0
0
0
0
0
0
0
0
0
0
0
0
0
0
0
0
0
0
0
0
0
0
0
0
0
0
0
0
0
0
