3.59989e+07
1103.89
6.81516
0.052265
0.000440038
3.86275e-06
3.43803e-08
3.04249e-10
2.63762e-12
2.21502e-14
1.78715e-16
1.37751e-18
1.01062e-20
7.04171e-23
4.65464e-25
2.91779e-27
1.73479e-29
9.78771e-32
5.23944e-34
2.60648e-36
5.55457e-39
0
0
0
0
0
0
0
0
0
0
0
0
0
0
0
0
0
0
0
0
0
0
0
0
0
0
0
0
0
0
0
0
0
0
0
0
0
0
0
0
0
0
0
0
0
0
0
0
0
0
0
0
0
0
0
0
0
0
0
0
0
0
0
0
0
0
0
0
0
0
0
0
0
0
0
0
0
0
0
0
0
0
0
0
0
0
0
0
0
0
0
0
0
0
0
0
0
0
0
0
0
0
0
0
0
0
0
0
0
0
0
0
0
0
0
0
0
0
0
0
0
0
0
0
0
0
0
0
0
0
0
0
0
0
0
0
0
0
0
0
0
0
0
0
0
0
0
0
0
