3.59987e+07
1233.44
8.47992
0.0729886
0.000696718
7.03736e-06
7.31794e-08
7.65287e-10
7.88159e-12
7.85686e-14
7.48468e-16
6.75617e-18
5.75003e-20
4.60288e-22
3.46325e-24
2.4503e-26
1.63201e-28
1.02481e-30
6.07666e-33
3.39486e-35
1.62268e-37
0
0
0
0
0
0
0
0
0
0
0
0
0
0
0
0
0
0
0
0
0
0
0
0
0
0
0
0
0
0
0
0
0
0
0
0
0
0
0
0
0
0
0
0
0
0
0
0
0
0
0
0
0
0
0
0
0
0
0
0
0
0
0
0
0
0
0
0
0
0
0
0
0
0
0
0
0
0
0
0
0
0
0
0
0
0
0
0
0
0
0
0
0
0
0
0
0
0
0
0
0
0
0
0
0
0
0
0
0
0
0
0
0
0
0
0
0
0
0
0
0
0
0
0
0
0
0
0
0
0
0
0
0
0
0
0
0
0
0
0
0
0
0
0
0
0
0
0
0
