3.59984e+07
1525.21
12.9621
0.139473
0.00166728
2.10535e-05
2.73215e-07
3.5716e-09
4.62547e-11
5.84995e-13
7.14067e-15
8.33778e-17
9.25653e-19
9.73481e-21
9.68026e-23
9.09689e-25
8.08148e-27
6.79308e-29
5.40932e-31
4.08584e-33
2.92174e-35
1.90781e-37
0
0
0
0
0
0
0
0
0
0
0
0
0
0
0
0
0
0
0
0
0
0
0
0
0
0
0
0
0
0
0
0
0
0
0
0
0
0
0
0
0
0
0
0
0
0
0
0
0
0
0
0
0
0
0
0
0
0
0
0
0
0
0
0
0
0
0
0
0
0
0
0
0
0
0
0
0
0
0
0
0
0
0
0
0
0
0
0
0
0
0
0
0
0
0
0
0
0
0
0
0
0
0
0
0
0
0
0
0
0
0
0
0
0
0
0
0
0
0
0
0
0
0
0
0
0
0
0
0
0
0
0
0
0
0
0
0
0
0
0
0
0
0
0
0
0
0
0
