3.59986e+07
1341.66
10.0336
0.0942348
0.000984401
1.10179e-05
1.30589e-07
1.62726e-09
2.10521e-11
2.77077e-13
3.62331e-15
4.61021e-17
5.62199e-19
6.50984e-21
7.12256e-23
7.34893e-25
7.14876e-27
6.56129e-29
5.68929e-31
4.66766e-33
3.62619e-35
2.64479e-37
0
0
0
0
0
0
0
0
0
0
0
0
0
0
0
0
0
0
0
0
0
0
0
0
0
0
0
0
0
0
0
0
0
0
0
0
0
0
0
0
0
0
0
0
0
0
0
0
0
0
0
0
0
0
0
0
0
0
0
0
0
0
0
0
0
0
0
0
0
0
0
0
0
0
0
0
0
0
0
0
0
0
0
0
0
0
0
0
0
0
0
0
0
0
0
0
0
0
0
0
0
0
0
0
0
0
0
0
0
0
0
0
0
0
0
0
0
0
0
0
0
0
0
0
0
0
0
0
0
0
0
0
0
0
0
0
0
0
0
0
0
0
0
0
0
0
0
0
