3.59986e+07
1401.82
10.9753
0.108478
0.00118958
1.37488e-05
1.62607e-07
1.92539e-09
2.24492e-11
2.54702e-13
2.78969e-15
2.93463e-17
2.95547e-19
2.84374e-21
2.61079e-23
2.28516e-25
1.90596e-27
1.51453e-29
1.14661e-31
8.26984e-34
5.63187e-36
3.04447e-38
0
0
0
0
0
0
0
0
0
0
0
0
0
0
0
0
0
0
0
0
0
0
0
0
0
0
0
0
0
0
0
0
0
0
0
0
0
0
0
0
0
0
0
0
0
0
0
0
0
0
0
0
0
0
0
0
0
0
0
0
0
0
0
0
0
0
0
0
0
0
0
0
0
0
0
0
0
0
0
0
0
0
0
0
0
0
0
0
0
0
0
0
0
0
0
0
0
0
0
0
0
0
0
0
0
0
0
0
0
0
0
0
0
0
0
0
0
0
0
0
0
0
0
0
0
0
0
0
0
0
0
0
0
0
0
0
0
0
0
0
0
0
0
0
0
0
0
0
