3.59988e+07
1133.41
7.17875
0.0565049
0.000489163
4.44084e-06
4.12429e-08
3.84746e-10
3.55311e-12
3.21253e-14
2.82156e-16
2.3945e-18
1.95612e-20
1.53384e-22
1.15173e-24
8.26533e-27
5.66039e-29
3.69517e-31
2.29748e-33
1.35453e-35
6.69696e-38
0
0
0
0
0
0
0
0
0
0
0
0
0
0
0
0
0
0
0
0
0
0
0
0
0
0
0
0
0
0
0
0
0
0
0
0
0
0
0
0
0
0
0
0
0
0
0
0
0
0
0
0
0
0
0
0
0
0
0
0
0
0
0
0
0
0
0
0
0
0
0
0
0
0
0
0
0
0
0
0
0
0
0
0
0
0
0
0
0
0
0
0
0
0
0
0
0
0
0
0
0
0
0
0
0
0
0
0
0
0
0
0
0
0
0
0
0
0
0
0
0
0
0
0
0
0
0
0
0
0
0
0
0
0
0
0
0
0
0
0
0
0
0
0
0
0
0
0
0
