3.59986e+07
1310.51
9.59385
0.0883636
0.000901966
9.69297e-06
1.06425e-07
1.16638e-09
1.2521e-11
1.29768e-13
1.28541e-15
1.2093e-17
1.07688e-19
9.06483e-22
7.2126e-24
5.42879e-26
3.87014e-28
2.61694e-30
1.68089e-32
1.02523e-34
5.56852e-37
0
0
0
0
0
0
0
0
0
0
0
0
0
0
0
0
0
0
0
0
0
0
0
0
0
0
0
0
0
0
0
0
0
0
0
0
0
0
0
0
0
0
0
0
0
0
0
0
0
0
0
0
0
0
0
0
0
0
0
0
0
0
0
0
0
0
0
0
0
0
0
0
0
0
0
0
0
0
0
0
0
0
0
0
0
0
0
0
0
0
0
0
0
0
0
0
0
0
0
0
0
0
0
0
0
0
0
0
0
0
0
0
0
0
0
0
0
0
0
0
0
0
0
0
0
0
0
0
0
0
0
0
0
0
0
0
0
0
0
0
0
0
0
0
0
0
0
0
0
