3.59987e+07
1210.2
8.1876
0.0695673
0.000657341
6.56955e-06
6.73503e-08
6.91345e-10
6.97106e-12
6.80746e-14
6.37501e-16
5.68891e-18
4.81959e-20
3.86902e-22
2.94118e-24
2.1176e-26
1.44498e-28
9.35392e-31
5.75022e-33
3.34933e-35
1.68555e-37
0
0
0
0
0
0
0
0
0
0
0
0
0
0
0
0
0
0
0
0
0
0
0
0
0
0
0
0
0
0
0
0
0
0
0
0
0
0
0
0
0
0
0
0
0
0
0
0
0
0
0
0
0
0
0
0
0
0
0
0
0
0
0
0
0
0
0
0
0
0
0
0
0
0
0
0
0
0
0
0
0
0
0
0
0
0
0
0
0
0
0
0
0
0
0
0
0
0
0
0
0
0
0
0
0
0
0
0
0
0
0
0
0
0
0
0
0
0
0
0
0
0
0
0
0
0
0
0
0
0
0
0
0
0
0
0
0
0
0
0
0
0
0
0
0
0
0
0
0
