3.59987e+07
1228.18
8.43254
0.072508
0.000689911
6.9241e-06
7.14439e-08
7.42918e-10
7.65096e-12
7.69098e-14
7.46446e-16
6.94338e-18
6.16261e-20
5.20639e-22
4.18247e-24
3.19413e-26
2.31955e-28
1.60253e-30
1.05393e-32
6.59161e-35
3.72764e-37
0
0
0
0
0
0
0
0
0
0
0
0
0
0
0
0
0
0
0
0
0
0
0
0
0
0
0
0
0
0
0
0
0
0
0
0
0
0
0
0
0
0
0
0
0
0
0
0
0
0
0
0
0
0
0
0
0
0
0
0
0
0
0
0
0
0
0
0
0
0
0
0
0
0
0
0
0
0
0
0
0
0
0
0
0
0
0
0
0
0
0
0
0
0
0
0
0
0
0
0
0
0
0
0
0
0
0
0
0
0
0
0
0
0
0
0
0
0
0
0
0
0
0
0
0
0
0
0
0
0
0
0
0
0
0
0
0
0
0
0
0
0
0
0
0
0
0
0
0
