3.59989e+07
1108.68
6.87884
0.0531643
0.00045378
4.07117e-06
3.73196e-08
3.41973e-10
3.07791e-12
2.68478e-14
2.24811e-16
1.79584e-18
1.3635e-20
9.82089e-23
6.70625e-25
4.34217e-27
2.66757e-29
1.55633e-31
8.62794e-34
4.49908e-36
1.31941e-38
0
0
0
0
0
0
0
0
0
0
0
0
0
0
0
0
0
0
0
0
0
0
0
0
0
0
0
0
0
0
0
0
0
0
0
0
0
0
0
0
0
0
0
0
0
0
0
0
0
0
0
0
0
0
0
0
0
0
0
0
0
0
0
0
0
0
0
0
0
0
0
0
0
0
0
0
0
0
0
0
0
0
0
0
0
0
0
0
0
0
0
0
0
0
0
0
0
0
0
0
0
0
0
0
0
0
0
0
0
0
0
0
0
0
0
0
0
0
0
0
0
0
0
0
0
0
0
0
0
0
0
0
0
0
0
0
0
0
0
0
0
0
0
0
0
0
0
0
0
