3.59988e+07
1169.97
7.64431
0.0624178
0.000565048
5.42092e-06
5.3958e-08
5.50156e-10
5.69169e-12
5.91735e-14
6.11233e-16
6.19572e-18
6.09145e-20
5.75389e-22
5.1862e-24
4.4412e-26
3.60477e-28
2.77054e-30
2.01625e-32
1.38914e-34
8.99711e-37
5.42317e-39
0
0
0
0
0
0
0
0
0
0
0
0
0
0
0
0
0
0
0
0
0
0
0
0
0
0
0
0
0
0
0
0
0
0
0
0
0
0
0
0
0
0
0
0
0
0
0
0
0
0
0
0
0
0
0
0
0
0
0
0
0
0
0
0
0
0
0
0
0
0
0
0
0
0
0
0
0
0
0
0
0
0
0
0
0
0
0
0
0
0
0
0
0
0
0
0
0
0
0
0
0
0
0
0
0
0
0
0
0
0
0
0
0
0
0
0
0
0
0
0
0
0
0
0
0
0
0
0
0
0
0
0
0
0
0
0
0
0
0
0
0
0
0
0
0
0
0
0
