3.59989e+07
1061.66
6.31223
0.0464936
0.000375221
3.15056e-06
2.67903e-08
2.26623e-10
1.88245e-12
1.52043e-14
1.18523e-16
8.86866e-19
6.34612e-21
4.33225e-23
2.81767e-25
1.74496e-27
1.02885e-29
5.77689e-32
3.08642e-34
1.53653e-36
5.55457e-39
0
0
0
0
0
0
0
0
0
0
0
0
0
0
0
0
0
0
0
0
0
0
0
0
0
0
0
0
0
0
0
0
0
0
0
0
0
0
0
0
0
0
0
0
0
0
0
0
0
0
0
0
0
0
0
0
0
0
0
0
0
0
0
0
0
0
0
0
0
0
0
0
0
0
0
0
0
0
0
0
0
0
0
0
0
0
0
0
0
0
0
0
0
0
0
0
0
0
0
0
0
0
0
0
0
0
0
0
0
0
0
0
0
0
0
0
0
0
0
0
0
0
0
0
0
0
0
0
0
0
0
0
0
0
0
0
0
0
0
0
0
0
0
0
0
0
0
0
0
