3.59987e+07
1267.68
8.98345
0.0801387
0.000794972
8.33988e-06
8.99648e-08
9.78206e-10
1.05564e-11
1.11646e-13
1.14511e-15
1.1295e-17
1.06467e-19
9.54837e-22
8.12578e-24
6.55276e-26
5.00529e-28
3.62238e-30
2.48549e-32
1.61688e-34
9.76119e-37
3.13878e-39
0
0
0
0
0
0
0
0
0
0
0
0
0
0
0
0
0
0
0
0
0
0
0
0
0
0
0
0
0
0
0
0
0
0
0
0
0
0
0
0
0
0
0
0
0
0
0
0
0
0
0
0
0
0
0
0
0
0
0
0
0
0
0
0
0
0
0
0
0
0
0
0
0
0
0
0
0
0
0
0
0
0
0
0
0
0
0
0
0
0
0
0
0
0
0
0
0
0
0
0
0
0
0
0
0
0
0
0
0
0
0
0
0
0
0
0
0
0
0
0
0
0
0
0
0
0
0
0
0
0
0
0
0
0
0
0
0
0
0
0
0
0
0
0
0
0
0
0
