-4.656553268e-02
-1.221451163e-01
-1.534170508e-01
-1.429356933e-01
-6.464004517e-02
-1.086269021e-01
-6.815987825e-02
-1.138679385e-01
-8.906936646e-02
-6.016254425e-02
-1.161320210e-01
-7.185083628e-02
-7.060086727e-02
-1.472078562e-01
-1.417837143e-01
-1.320111156e-01
-1.277800202e-01
-8.165782690e-02
-3.437715769e-02
-5.603241920e-02
-3.672522306e-02
-6.791836023e-02
-3.206193447e-02
-1.021789312e-01
-6.069344282e-02
-1.736444235e-02
-1.601764560e-01
-4.824817181e-02
-8.286833763e-02
-1.083922386e-01
-1.005604267e-01
-1.143363118e-01
-1.484209895e-01
-1.109800935e-01
-7.626801729e-02
-4.831945896e-02
-1.154345870e-01
-1.564452648e-01
-3.231072426e-02
-7.421964407e-02
-8.986967802e-02
-1.619960666e-01
-1.393955946e-01
-1.368871927e-01
-1.184422970e-01
-6.930762529e-02
-9.980398417e-02
-6.476305723e-01
-9.865432978e-02
-1.590030193e-01
-6.274986267e-02
-8.844166994e-02
-2.568900585e-01
-4.249155521e-02
-8.255320787e-02
-1.109185815e-01
-1.361715794e-01
-1.620777249e-01
-9.428799152e-02
-5.638825893e-02
-2.521854639e-02
-1.501340866e-01
-9.699195623e-02
-9.957599640e-02
-1.485514045e-01
-3.022599220e-02
-1.054649949e-01
-1.501223445e-01
-6.433486938e-02
-1.222341657e-01
-1.292572618e-01
-1.660525799e-02
-1.056762934e-01
-3.934979439e-02
-1.383503079e-01
-7.527327538e-02
-4.855328798e-02
-7.040721178e-02
-1.894444227e-02
-6.178790331e-02
-4.452246428e-02
-3.398692608e-02
-7.532083988e-02
-1.128439903e-01
-8.884882927e-02
-1.612253189e-01
-9.934961796e-02
-1.131818295e-01
-1.021184325e-01
-1.182703376e-01
-3.704911470e-02
-4.323261976e-02
-4.313844442e-02
-1.640737653e-01
-1.019380689e-01
-9.840255976e-02
-1.052802801e-01
-9.705346823e-02
-9.011656046e-02
-1.511859894e-01
-6.220704317e-02
-4.002261162e-02
-1.077128053e-01
-2.418744564e-02
-8.231520653e-02
-1.521332860e-01
-9.017425776e-02
-5.264961720e-02
-9.162062407e-02
-2.497750521e-02
-8.322525024e-02
-3.126972914e-02
-5.737113953e-02
-1.627501249e-01
-9.213048220e-02
-9.012931585e-02
-1.508604288e-01
-1.346483231e-01
-1.474213004e-01
-1.046426892e-01
-4.093521833e-02
-9.519338608e-02
-1.216104627e-01
-1.180492043e-01
-9.562468529e-02
-9.581601620e-02
-1.494124532e-01
-5.314689875e-02
-2.526295185e-02
-1.156587005e-01
-6.199866533e-02
-1.394606233e-01
-1.097208261e-01
-6.382441521e-02
-2.989614010e-02
-8.030343056e-02
-1.195284128e-01
-7.880443335e-02
-1.198459864e-01
-1.303895712e-01
-1.426813006e-01
-7.219141722e-02
-1.385864019e-01
-1.466915011e-01
-1.925325394e-02
-4.104518890e-02
-1.249468923e-01
-6.388968229e-02
-1.269480586e-01
-4.819977283e-02
-1.006191373e-01
-1.297670007e-01
-2.827149630e-02
-1.367731094e-01
-7.779496908e-02
-1.141535640e-01
-6.906127930e-02
-1.117389798e-01
-1.501339078e-01
-9.155291319e-02
-6.262564659e-02
-1.255633831e-01
-6.387269497e-02
-6.672447920e-02
-9.894388914e-02
-4.860925674e-02
-1.031105518e-01
-6.648755074e-02
-1.406022906e-01
-1.063383222e-01
-1.550558209e-01
-5.885726213e-02
-1.029359698e-01
-9.900212288e-02
-6.900733709e-02
-6.789487600e-02
-4.292267561e-02
-1.452159286e-01
-1.398315430e-01
-1.070386171e-01
-1.038860679e-01
-1.448822618e-01
-1.642779112e-01
-1.369036436e-01
-5.496174097e-02
-2.408802509e-02
-9.391182661e-02
-1.242667437e-01
-3.559738398e-02
-1.274467111e-01
-1.295499206e-01
-1.393102407e-01
-1.383435726e-01
-8.054536581e-02
-6.152087450e-02
-4.884088039e-02
-4.847490788e-02
-1.049784422e-01
-8.143466711e-02
-3.496950865e-02
-1.340654492e-01
-1.188601851e-01
-5.575001240e-02
-4.270392656e-02
-1.073344350e-01
-1.266029477e-01
-1.098760962e-01
-1.256686449e-01
-1.598544717e-01
-1.335151196e-01
-8.198308945e-02
-1.548294425e-01
-8.524370193e-02
-1.439870596e-01
-8.914130926e-02
-1.607005596e-01
-6.357657909e-02
-1.552057862e-01
-1.412724257e-01
-6.514477730e-02
-1.568002701e-01
-9.705746174e-02
-1.390308738e-01
-2.260988951e-02
-2.285629511e-02
-1.445088387e-01
-1.414033175e-01
-1.576165557e-01
-4.505413771e-02
-1.547598243e-01
-1.082793474e-01
-9.895116091e-02
-3.769987822e-02
-8.365744352e-02
-4.668295383e-02
-8.377128839e-02
-5.899888277e-02
-1.352128983e-01
-1.336677074e-01
-8.668947220e-02
-5.305474997e-02
-1.331647038e-01
-6.038028002e-02
-1.255077124e-01
-1.959800720e-02
-7.745313644e-02
-1.072083116e-01
-5.331116915e-02
-1.315131783e-01
-2.631986141e-02
-5.985236168e-02
-4.310905933e-02
-8.104360104e-02
-1.349556446e-01
-1.014508009e-01
-1.496825814e-01
-5.984556675e-02
-1.138570905e-01
-1.285889745e-01
-1.118184328e-01
-8.915764093e-02
-9.536619186e-01
-1.433840394e-01
-1.629728079e-01
-1.106708050e-01
-1.277107596e-01
-1.144070029e-01
-6.401467323e-02
-8.024169207e-01
-1.169723272e-01
-1.048058867e-01
-1.546186805e-01
-4.610384703e-01
-1.334891319e-01
-1.577359438e-02
-8.563309908e-02
-6.481104493e-01
-3.934836388e-02
-1.007802486e-01
-3.063434362e-02
-1.570972204e-01
-1.558219790e-01
-5.141967535e-02
-6.182348728e-02
-1.133565903e-01
-9.573149681e-02
-4.943817854e-02
-1.113355160e-01
-1.437639594e-01
-7.608866692e-02
-1.242888570e-01
-1.161467433e-01
-1.625674367e-01
-6.766223907e-02
-7.427543402e-02
-1.646337509e-01
-1.102030277e-01
-1.209148765e-01
-1.007754207e-01
-7.846957445e-02
-3.505027294e-02
-9.037238359e-02
-5.871099234e-02
-1.314255595e-01
-1.067438722e-01
-1.134719253e-01
-2.355915308e-02
-7.001495361e-02
-1.330834031e-01
-5.686616898e-02
-6.765395403e-02
-9.456771612e-02
-1.150052547e-01
-8.396482468e-02
-1.604316831e-01
-8.107644320e-02
-8.973652124e-02
-6.509560347e-02
-1.231727004e-01
-1.264724731e-01
-6.159311533e-02
-1.106974483e-01
-2.365446091e-02
-1.569264531e-01
-1.243536472e-01
-4.514867067e-02
-1.348482966e-01
-6.164175272e-02
-1.784801483e-02
-5.295377970e-02
