-1.363503337e-01
-8.378571272e-02
-1.488593817e-01
-1.363831162e-01
-1.376198530e-01
-7.870525122e-02
-5.987685919e-02
-6.464004517e-02
-1.498629451e-01
-5.910259485e-02
-9.700167179e-02
-1.006081700e-01
-5.663955212e-02
-2.222770452e-02
-6.822735071e-02
-1.113305092e-01
-1.220955253e-01
-1.429980993e-01
-8.948647976e-02
-7.268923521e-02
-1.454682350e-01
-1.229504347e-01
-4.337686300e-02
-1.013308167e-01
-1.278642416e-01
-7.921165228e-02
-1.622166634e-01
-1.006424427e-01
-3.913718462e-02
-5.974805355e-02
-1.395032406e-01
-9.792608023e-02
-1.431638002e-01
-3.012305498e-02
-1.313644648e-01
-3.125435114e-02
-1.363480091e-01
-2.901244164e-02
-1.214362979e-01
-4.739481211e-02
-7.965809107e-02
-3.930699825e-02
-4.336887598e-02
-1.268019080e-01
-3.497332335e-02
-1.244679689e-01
-1.429325938e-01
-7.804501057e-02
-1.445537806e-01
-1.177069545e-01
-5.029052496e-02
-9.502780437e-02
-1.145270467e-01
-6.932300329e-02
-7.932859659e-02
-1.067596078e-01
-7.521432638e-02
-2.388089895e-02
-6.741672754e-02
-9.467959404e-02
-6.111502647e-02
-1.405093074e-01
-7.125395536e-02
-1.128438115e-01
-1.623899341e-01
-1.352787018e-01
-1.250032783e-01
-1.089977622e-01
-1.137397885e-01
-1.405130625e-01
-6.646585464e-02
-1.529320478e-01
-8.613753319e-02
-3.452074528e-02
-2.159506083e-02
-8.123099804e-02
-9.804093838e-02
-1.518251896e-01
-1.067831516e-01
-7.359331846e-02
-1.083618402e-01
-6.037294865e-02
-1.420148015e-01
-1.639369726e-01
-3.915441036e-02
-1.140583158e-01
-1.405447721e-01
-6.476196051e-01
-4.999536276e-02
-1.013982296e-01
-7.039391994e-02
-4.200434685e-02
-1.236198545e-01
-1.312486529e-01
-7.222652435e-02
-3.581118584e-02
-7.271200418e-02
-9.866070747e-02
-7.656651735e-02
-6.952452660e-02
-4.907023907e-02
-9.492427111e-02
-1.307467222e-01
-1.517301798e-02
-5.498963594e-02
-3.841590881e-02
-1.618074179e-01
-3.643363714e-02
-1.608110070e-01
-1.222783327e-01
-8.085733652e-02
-1.114705801e-01
-1.420549154e-01
-1.199453473e-01
-3.238463402e-02
-6.828671694e-02
-1.121215820e-01
-1.454041600e-01
-1.215476990e-01
-1.190054417e-01
-5.257195234e-02
-6.297665834e-02
-1.367042065e-01
-1.861947775e-02
-8.414983749e-02
-1.194418669e-01
-7.347935438e-02
-1.072658896e-01
-1.644964814e-01
-1.471354961e-01
-2.747684717e-02
-1.381366253e-01
-1.315718293e-01
-1.149821281e-01
-3.103858232e-02
-4.561024904e-02
-1.022371054e-01
-7.988721132e-02
-1.595661044e-01
-7.258462906e-02
-8.301705122e-02
-7.116055489e-02
-1.316639781e-01
-7.911127806e-02
-6.623371243e-01
-1.223300099e-01
-4.793483019e-02
-5.801981688e-02
-1.721227169e-02
-1.268137097e-01
-1.943624020e-02
-7.824194431e-02
-9.882700443e-02
-1.140256524e-01
-1.404922009e-01
-4.910445213e-02
-1.625061035e-02
-1.317089796e-01
-1.128001809e-01
-9.177356958e-02
-7.801598310e-02
-1.576181054e-01
-2.940607071e-02
-8.761209249e-02
-7.319021225e-02
-1.033467054e-01
-6.294786930e-02
-1.056165099e-01
-5.196249485e-02
-1.204010844e-01
-5.440986156e-02
-1.085629463e-01
-3.211981058e-02
-1.082707047e-01
-1.111824512e-01
-6.923705339e-02
-6.322288513e-02
-7.345449924e-02
-1.415845156e-01
-1.514381170e-01
-1.143501401e-01
-1.225044131e-01
-8.057355881e-02
-1.496360898e-01
-3.834426403e-02
-9.300851822e-02
-3.348857164e-02
-1.088680029e-01
-7.487148046e-02
-1.115345359e-01
-1.341816783e-01
-9.778481722e-02
-9.799939394e-02
-1.565494537e-01
-8.403444290e-02
-1.231969595e-01
-1.470971107e-01
-2.048969269e-02
-8.125972748e-02
-1.003853083e-01
