-8.733998822e-01
-8.733888822e-01
-8.733778822e-01
-8.733668822e-01
-8.733558822e-01
-8.733448822e-01
-8.733338822e-01
-8.733228821e-01
-8.733118821e-01
-8.733008821e-01
-8.732898821e-01
-8.732788821e-01
-8.732678821e-01
-8.732568821e-01
-8.732458821e-01
-8.732348821e-01
-8.732238820e-01
-8.732128820e-01
-8.732018820e-01
-8.731908820e-01
-8.731798820e-01
-8.731688820e-01
-8.731578820e-01
-8.731468820e-01
-8.731358820e-01
-8.731248819e-01
-8.731138819e-01
-8.731028819e-01
-8.730918819e-01
-8.730808819e-01
-8.730698819e-01
-8.730588819e-01
-8.730478819e-01
-8.730368819e-01
-8.730258818e-01
-8.730148818e-01
-8.730038818e-01
-8.729928818e-01
-8.729818818e-01
-8.729708818e-01
-8.729598818e-01
-8.729488818e-01
-8.729378818e-01
-8.729268817e-01
-8.729158817e-01
-8.729048817e-01
-8.728938817e-01
-8.728828817e-01
-8.728718817e-01
-8.728608817e-01
-8.728498817e-01
-8.728388817e-01
-8.728278816e-01
-8.728168816e-01
-8.728058816e-01
-8.727948816e-01
-8.727838816e-01
-8.727728816e-01
-8.727618816e-01
-8.727508816e-01
-8.727398816e-01
-8.727288815e-01
-8.727178815e-01
-8.727068815e-01
-8.726958815e-01
-8.726848815e-01
-8.726738815e-01
-8.726628815e-01
-8.726518815e-01
-8.726408815e-01
-8.726298814e-01
-8.726188814e-01
-8.726078814e-01
-8.725968814e-01
-8.725858814e-01
-8.725748814e-01
-8.725638814e-01
-8.725528814e-01
-8.725418814e-01
-8.725308813e-01
-8.725198813e-01
-8.725088813e-01
-8.724978813e-01
-8.724868813e-01
-8.724758813e-01
-8.724648813e-01
-8.724538813e-01
-8.724428813e-01
-8.724318812e-01
-8.724208812e-01
-8.724098812e-01
-8.723988812e-01
-8.723878812e-01
-8.723768812e-01
-8.723658812e-01
-8.723548812e-01
-8.723438812e-01
-8.723328811e-01
-8.723218811e-01
-8.723108811e-01
