-8.568998656e-01
-8.568888655e-01
-8.568778655e-01
-8.568668655e-01
-8.568558655e-01
-8.568448655e-01
-8.568338655e-01
-8.568228655e-01
-8.568118655e-01
-8.568008655e-01
-8.567898654e-01
-8.567788654e-01
-8.567678654e-01
-8.567568654e-01
-8.567458654e-01
-8.567348654e-01
-8.567238654e-01
-8.567128654e-01
-8.567018654e-01
-8.566908653e-01
-8.566798653e-01
-8.566688653e-01
-8.566578653e-01
-8.566468653e-01
-8.566358653e-01
-8.566248653e-01
-8.566138653e-01
-8.566028653e-01
-8.565918652e-01
-8.565808652e-01
-8.565698652e-01
-8.565588652e-01
-8.565478652e-01
-8.565368652e-01
-8.565258652e-01
-8.565148652e-01
-8.565038652e-01
-8.564928651e-01
-8.564818651e-01
-8.564708651e-01
-8.564598651e-01
-8.564488651e-01
-8.564378651e-01
-8.564268651e-01
-8.564158651e-01
-8.564048651e-01
-8.563938650e-01
-8.563828650e-01
-8.563718650e-01
-8.563608650e-01
-8.563498650e-01
-8.563388650e-01
-8.563278650e-01
-8.563168650e-01
-8.563058650e-01
-8.562948649e-01
-8.562838649e-01
-8.562728649e-01
-8.562618649e-01
-8.562508649e-01
-8.562398649e-01
-8.562288649e-01
-8.562178649e-01
-8.562068649e-01
-8.561958648e-01
-8.561848648e-01
-8.561738648e-01
-8.561628648e-01
-8.561518648e-01
-8.561408648e-01
-8.561298648e-01
-8.561188648e-01
-8.561078648e-01
-8.560968647e-01
-8.560858647e-01
-8.560748647e-01
-8.560638647e-01
-8.560528647e-01
-8.560418647e-01
-8.560308647e-01
-8.560198647e-01
-8.560088647e-01
-8.559978646e-01
-8.559868646e-01
-8.559758646e-01
-8.559648646e-01
-8.559538646e-01
-8.559428646e-01
-8.559318646e-01
-8.559208646e-01
-8.559098646e-01
-8.558988645e-01
-8.558878645e-01
-8.558768645e-01
-8.558658645e-01
-8.558548645e-01
-8.558438645e-01
-8.558328645e-01
-8.558218645e-01
-8.558108645e-01
