-8.392998478e-01
-8.392888478e-01
-8.392778478e-01
-8.392668477e-01
-8.392558477e-01
-8.392448477e-01
-8.392338477e-01
-8.392228477e-01
-8.392118477e-01
-8.392008477e-01
-8.391898477e-01
-8.391788477e-01
-8.391678476e-01
-8.391568476e-01
-8.391458476e-01
-8.391348476e-01
-8.391238476e-01
-8.391128476e-01
-8.391018476e-01
-8.390908476e-01
-8.390798476e-01
-8.390688475e-01
-8.390578475e-01
-8.390468475e-01
-8.390358475e-01
-8.390248475e-01
-8.390138475e-01
-8.390028475e-01
-8.389918475e-01
-8.389808475e-01
-8.389698474e-01
-8.389588474e-01
-8.389478474e-01
-8.389368474e-01
-8.389258474e-01
-8.389148474e-01
-8.389038474e-01
-8.388928474e-01
-8.388818474e-01
-8.388708473e-01
-8.388598473e-01
-8.388488473e-01
-8.388378473e-01
-8.388268473e-01
-8.388158473e-01
-8.388048473e-01
-8.387938473e-01
-8.387828473e-01
-8.387718472e-01
-8.387608472e-01
-8.387498472e-01
-8.387388472e-01
-8.387278472e-01
-8.387168472e-01
-8.387058472e-01
-8.386948472e-01
-8.386838472e-01
-8.386728471e-01
-8.386618471e-01
-8.386508471e-01
-8.386398471e-01
-8.386288471e-01
-8.386178471e-01
-8.386068471e-01
-8.385958471e-01
-8.385848471e-01
-8.385738470e-01
-8.385628470e-01
-8.385518470e-01
-8.385408470e-01
-8.385298470e-01
-8.385188470e-01
-8.385078470e-01
-8.384968470e-01
-8.384858470e-01
-8.384748469e-01
-8.384638469e-01
-8.384528469e-01
-8.384418469e-01
-8.384308469e-01
-8.384198469e-01
-8.384088469e-01
-8.383978469e-01
-8.383868469e-01
-8.383758468e-01
-8.383648468e-01
-8.383538468e-01
-8.383428468e-01
-8.383318468e-01
-8.383208468e-01
-8.383098468e-01
-8.382988468e-01
-8.382878468e-01
-8.382768467e-01
-8.382658467e-01
-8.382548467e-01
-8.382438467e-01
-8.382328467e-01
-8.382218467e-01
-8.382108467e-01
