-9.745999844e-01
-9.745889844e-01
-9.745779844e-01
-9.745669844e-01
-9.745559844e-01
-9.745449844e-01
-9.745339844e-01
-9.745229844e-01
-9.745119844e-01
-9.745009843e-01
-9.744899843e-01
-9.744789843e-01
-9.744679843e-01
-9.744569843e-01
-9.744459843e-01
-9.744349843e-01
-9.744239843e-01
-9.744129843e-01
-9.744019842e-01
-9.743909842e-01
-9.743799842e-01
-9.743689842e-01
-9.743579842e-01
-9.743469842e-01
-9.743359842e-01
-9.743249842e-01
-9.743139842e-01
-9.743029841e-01
-9.742919841e-01
-9.742809841e-01
-9.742699841e-01
-9.742589841e-01
-9.742479841e-01
-9.742369841e-01
-9.742259841e-01
-9.742149841e-01
-9.742039840e-01
-9.741929840e-01
-9.741819840e-01
-9.741709840e-01
-9.741599840e-01
-9.741489840e-01
-9.741379840e-01
-9.741269840e-01
-9.741159840e-01
-9.741049839e-01
-9.740939839e-01
-9.740829839e-01
-9.740719839e-01
-9.740609839e-01
-9.740499839e-01
-9.740389839e-01
-9.740279839e-01
-9.740169839e-01
-9.740059838e-01
-9.739949838e-01
-9.739839838e-01
-9.739729838e-01
-9.739619838e-01
-9.739509838e-01
-9.739399838e-01
-9.739289838e-01
-9.739179838e-01
-9.739069837e-01
-9.738959837e-01
-9.738849837e-01
-9.738739837e-01
-9.738629837e-01
-9.738519837e-01
-9.738409837e-01
-9.738299837e-01
-9.738189837e-01
-9.738079836e-01
-9.737969836e-01
-9.737859836e-01
-9.737749836e-01
-9.737639836e-01
-9.737529836e-01
-9.737419836e-01
-9.737309836e-01
-9.737199836e-01
-9.737089835e-01
-9.736979835e-01
-9.736869835e-01
-9.736759835e-01
-9.736649835e-01
-9.736539835e-01
-9.736429835e-01
-9.736319835e-01
-9.736209835e-01
-9.736099834e-01
-9.735989834e-01
-9.735879834e-01
-9.735769834e-01
-9.735659834e-01
-9.735549834e-01
-9.735439834e-01
-9.735329834e-01
-9.735219834e-01
-9.735109833e-01
