-8.249998333e-01
-8.249888333e-01
-8.249778333e-01
-8.249668333e-01
-8.249558333e-01
-8.249448333e-01
-8.249338333e-01
-8.249228333e-01
-8.249118332e-01
-8.249008332e-01
-8.248898332e-01
-8.248788332e-01
-8.248678332e-01
-8.248568332e-01
-8.248458332e-01
-8.248348332e-01
-8.248238332e-01
-8.248128331e-01
-8.248018331e-01
-8.247908331e-01
-8.247798331e-01
-8.247688331e-01
-8.247578331e-01
-8.247468331e-01
-8.247358331e-01
-8.247248331e-01
-8.247138330e-01
-8.247028330e-01
-8.246918330e-01
-8.246808330e-01
-8.246698330e-01
-8.246588330e-01
-8.246478330e-01
-8.246368330e-01
-8.246258330e-01
-8.246148329e-01
-8.246038329e-01
-8.245928329e-01
-8.245818329e-01
-8.245708329e-01
-8.245598329e-01
-8.245488329e-01
-8.245378329e-01
-8.245268329e-01
-8.245158328e-01
-8.245048328e-01
-8.244938328e-01
-8.244828328e-01
-8.244718328e-01
-8.244608328e-01
-8.244498328e-01
-8.244388328e-01
-8.244278328e-01
-8.244168327e-01
-8.244058327e-01
-8.243948327e-01
-8.243838327e-01
-8.243728327e-01
-8.243618327e-01
-8.243508327e-01
-8.243398327e-01
-8.243288327e-01
-8.243178326e-01
-8.243068326e-01
-8.242958326e-01
-8.242848326e-01
-8.242738326e-01
-8.242628326e-01
-8.242518326e-01
-8.242408326e-01
-8.242298326e-01
-8.242188325e-01
-8.242078325e-01
-8.241968325e-01
-8.241858325e-01
-8.241748325e-01
-8.241638325e-01
-8.241528325e-01
-8.241418325e-01
-8.241308325e-01
-8.241198324e-01
-8.241088324e-01
-8.240978324e-01
-8.240868324e-01
-8.240758324e-01
-8.240648324e-01
-8.240538324e-01
-8.240428324e-01
-8.240318324e-01
-8.240208323e-01
-8.240098323e-01
-8.239988323e-01
-8.239878323e-01
-8.239768323e-01
-8.239658323e-01
-8.239548323e-01
-8.239438323e-01
-8.239328323e-01
-8.239218322e-01
-8.239108322e-01
