-7.974998056e-01
-7.974888055e-01
-7.974778055e-01
-7.974668055e-01
-7.974558055e-01
-7.974448055e-01
-7.974338055e-01
-7.974228055e-01
-7.974118055e-01
-7.974008055e-01
-7.973898054e-01
-7.973788054e-01
-7.973678054e-01
-7.973568054e-01
-7.973458054e-01
-7.973348054e-01
-7.973238054e-01
-7.973128054e-01
-7.973018054e-01
-7.972908053e-01
-7.972798053e-01
-7.972688053e-01
-7.972578053e-01
-7.972468053e-01
-7.972358053e-01
-7.972248053e-01
-7.972138053e-01
-7.972028053e-01
-7.971918052e-01
-7.971808052e-01
-7.971698052e-01
-7.971588052e-01
-7.971478052e-01
-7.971368052e-01
-7.971258052e-01
-7.971148052e-01
-7.971038052e-01
-7.970928051e-01
-7.970818051e-01
-7.970708051e-01
-7.970598051e-01
-7.970488051e-01
-7.970378051e-01
-7.970268051e-01
-7.970158051e-01
-7.970048051e-01
-7.969938050e-01
-7.969828050e-01
-7.969718050e-01
-7.969608050e-01
-7.969498050e-01
-7.969388050e-01
-7.969278050e-01
-7.969168050e-01
-7.969058050e-01
-7.968948049e-01
-7.968838049e-01
-7.968728049e-01
-7.968618049e-01
-7.968508049e-01
-7.968398049e-01
-7.968288049e-01
-7.968178049e-01
-7.968068049e-01
-7.967958048e-01
-7.967848048e-01
-7.967738048e-01
-7.967628048e-01
-7.967518048e-01
-7.967408048e-01
-7.967298048e-01
-7.967188048e-01
-7.967078048e-01
-7.966968047e-01
-7.966858047e-01
-7.966748047e-01
-7.966638047e-01
-7.966528047e-01
-7.966418047e-01
-7.966308047e-01
-7.966198047e-01
-7.966088047e-01
-7.965978046e-01
-7.965868046e-01
-7.965758046e-01
-7.965648046e-01
-7.965538046e-01
-7.965428046e-01
-7.965318046e-01
-7.965208046e-01
-7.965098046e-01
-7.964988045e-01
-7.964878045e-01
-7.964768045e-01
-7.964658045e-01
-7.964548045e-01
-7.964438045e-01
-7.964328045e-01
-7.964218045e-01
-7.964108045e-01
