-7.963998044e-01
-7.963888044e-01
-7.963778044e-01
-7.963668044e-01
-7.963558044e-01
-7.963448044e-01
-7.963338044e-01
-7.963228044e-01
-7.963118044e-01
-7.963008043e-01
-7.962898043e-01
-7.962788043e-01
-7.962678043e-01
-7.962568043e-01
-7.962458043e-01
-7.962348043e-01
-7.962238043e-01
-7.962128043e-01
-7.962018042e-01
-7.961908042e-01
-7.961798042e-01
-7.961688042e-01
-7.961578042e-01
-7.961468042e-01
-7.961358042e-01
-7.961248042e-01
-7.961138042e-01
-7.961028041e-01
-7.960918041e-01
-7.960808041e-01
-7.960698041e-01
-7.960588041e-01
-7.960478041e-01
-7.960368041e-01
-7.960258041e-01
-7.960148041e-01
-7.960038040e-01
-7.959928040e-01
-7.959818040e-01
-7.959708040e-01
-7.959598040e-01
-7.959488040e-01
-7.959378040e-01
-7.959268040e-01
-7.959158040e-01
-7.959048039e-01
-7.958938039e-01
-7.958828039e-01
-7.958718039e-01
-7.958608039e-01
-7.958498039e-01
-7.958388039e-01
-7.958278039e-01
-7.958168039e-01
-7.958058038e-01
-7.957948038e-01
-7.957838038e-01
-7.957728038e-01
-7.957618038e-01
-7.957508038e-01
-7.957398038e-01
-7.957288038e-01
-7.957178038e-01
-7.957068037e-01
-7.956958037e-01
-7.956848037e-01
-7.956738037e-01
-7.956628037e-01
-7.956518037e-01
-7.956408037e-01
-7.956298037e-01
-7.956188037e-01
-7.956078036e-01
-7.955968036e-01
-7.955858036e-01
-7.955748036e-01
-7.955638036e-01
-7.955528036e-01
-7.955418036e-01
-7.955308036e-01
-7.955198036e-01
-7.955088035e-01
-7.954978035e-01
-7.954868035e-01
-7.954758035e-01
-7.954648035e-01
-7.954538035e-01
-7.954428035e-01
-7.954318035e-01
-7.954208035e-01
-7.954098034e-01
-7.953988034e-01
-7.953878034e-01
-7.953768034e-01
-7.953658034e-01
-7.953548034e-01
-7.953438034e-01
-7.953328034e-01
-7.953218034e-01
-7.953108033e-01
