-7.941998022e-01
-7.941888022e-01
-7.941778022e-01
-7.941668022e-01
-7.941558022e-01
-7.941448022e-01
-7.941338022e-01
-7.941228021e-01
-7.941118021e-01
-7.941008021e-01
-7.940898021e-01
-7.940788021e-01
-7.940678021e-01
-7.940568021e-01
-7.940458021e-01
-7.940348021e-01
-7.940238020e-01
-7.940128020e-01
-7.940018020e-01
-7.939908020e-01
-7.939798020e-01
-7.939688020e-01
-7.939578020e-01
-7.939468020e-01
-7.939358020e-01
-7.939248019e-01
-7.939138019e-01
-7.939028019e-01
-7.938918019e-01
-7.938808019e-01
-7.938698019e-01
-7.938588019e-01
-7.938478019e-01
-7.938368019e-01
-7.938258018e-01
-7.938148018e-01
-7.938038018e-01
-7.937928018e-01
-7.937818018e-01
-7.937708018e-01
-7.937598018e-01
-7.937488018e-01
-7.937378018e-01
-7.937268017e-01
-7.937158017e-01
-7.937048017e-01
-7.936938017e-01
-7.936828017e-01
-7.936718017e-01
-7.936608017e-01
-7.936498017e-01
-7.936388017e-01
-7.936278016e-01
-7.936168016e-01
-7.936058016e-01
-7.935948016e-01
-7.935838016e-01
-7.935728016e-01
-7.935618016e-01
-7.935508016e-01
-7.935398016e-01
-7.935288015e-01
-7.935178015e-01
-7.935068015e-01
-7.934958015e-01
-7.934848015e-01
-7.934738015e-01
-7.934628015e-01
-7.934518015e-01
-7.934408015e-01
-7.934298014e-01
-7.934188014e-01
-7.934078014e-01
-7.933968014e-01
-7.933858014e-01
-7.933748014e-01
-7.933638014e-01
-7.933528014e-01
-7.933418014e-01
-7.933308013e-01
-7.933198013e-01
-7.933088013e-01
-7.932978013e-01
-7.932868013e-01
-7.932758013e-01
-7.932648013e-01
-7.932538013e-01
-7.932428013e-01
-7.932318012e-01
-7.932208012e-01
-7.932098012e-01
-7.931988012e-01
-7.931878012e-01
-7.931768012e-01
-7.931658012e-01
-7.931548012e-01
-7.931438012e-01
-7.931328011e-01
-7.931218011e-01
-7.931108011e-01
