-7.897997978e-01
-7.897887978e-01
-7.897777978e-01
-7.897667977e-01
-7.897557977e-01
-7.897447977e-01
-7.897337977e-01
-7.897227977e-01
-7.897117977e-01
-7.897007977e-01
-7.896897977e-01
-7.896787977e-01
-7.896677976e-01
-7.896567976e-01
-7.896457976e-01
-7.896347976e-01
-7.896237976e-01
-7.896127976e-01
-7.896017976e-01
-7.895907976e-01
-7.895797976e-01
-7.895687975e-01
-7.895577975e-01
-7.895467975e-01
-7.895357975e-01
-7.895247975e-01
-7.895137975e-01
-7.895027975e-01
-7.894917975e-01
-7.894807975e-01
-7.894697974e-01
-7.894587974e-01
-7.894477974e-01
-7.894367974e-01
-7.894257974e-01
-7.894147974e-01
-7.894037974e-01
-7.893927974e-01
-7.893817974e-01
-7.893707973e-01
-7.893597973e-01
-7.893487973e-01
-7.893377973e-01
-7.893267973e-01
-7.893157973e-01
-7.893047973e-01
-7.892937973e-01
-7.892827973e-01
-7.892717972e-01
-7.892607972e-01
-7.892497972e-01
-7.892387972e-01
-7.892277972e-01
-7.892167972e-01
-7.892057972e-01
-7.891947972e-01
-7.891837972e-01
-7.891727971e-01
-7.891617971e-01
-7.891507971e-01
-7.891397971e-01
-7.891287971e-01
-7.891177971e-01
-7.891067971e-01
-7.890957971e-01
-7.890847971e-01
-7.890737970e-01
-7.890627970e-01
-7.890517970e-01
-7.890407970e-01
-7.890297970e-01
-7.890187970e-01
-7.890077970e-01
-7.889967970e-01
-7.889857970e-01
-7.889747969e-01
-7.889637969e-01
-7.889527969e-01
-7.889417969e-01
-7.889307969e-01
-7.889197969e-01
-7.889087969e-01
-7.888977969e-01
-7.888867969e-01
-7.888757968e-01
-7.888647968e-01
-7.888537968e-01
-7.888427968e-01
-7.888317968e-01
-7.888207968e-01
-7.888097968e-01
-7.887987968e-01
-7.887877968e-01
-7.887767967e-01
-7.887657967e-01
-7.887547967e-01
-7.887437967e-01
-7.887327967e-01
-7.887217967e-01
-7.887107967e-01
