-7.622997700e-01
-7.622887700e-01
-7.622777700e-01
-7.622667700e-01
-7.622557700e-01
-7.622447699e-01
-7.622337699e-01
-7.622227699e-01
-7.622117699e-01
-7.622007699e-01
-7.621897699e-01
-7.621787699e-01
-7.621677699e-01
-7.621567699e-01
-7.621457698e-01
-7.621347698e-01
-7.621237698e-01
-7.621127698e-01
-7.621017698e-01
-7.620907698e-01
-7.620797698e-01
-7.620687698e-01
-7.620577698e-01
-7.620467697e-01
-7.620357697e-01
-7.620247697e-01
-7.620137697e-01
-7.620027697e-01
-7.619917697e-01
-7.619807697e-01
-7.619697697e-01
-7.619587697e-01
-7.619477696e-01
-7.619367696e-01
-7.619257696e-01
-7.619147696e-01
-7.619037696e-01
-7.618927696e-01
-7.618817696e-01
-7.618707696e-01
-7.618597696e-01
-7.618487695e-01
-7.618377695e-01
-7.618267695e-01
-7.618157695e-01
-7.618047695e-01
-7.617937695e-01
-7.617827695e-01
-7.617717695e-01
-7.617607695e-01
-7.617497694e-01
-7.617387694e-01
-7.617277694e-01
-7.617167694e-01
-7.617057694e-01
-7.616947694e-01
-7.616837694e-01
-7.616727694e-01
-7.616617694e-01
-7.616507693e-01
-7.616397693e-01
-7.616287693e-01
-7.616177693e-01
-7.616067693e-01
-7.615957693e-01
-7.615847693e-01
-7.615737693e-01
-7.615627693e-01
-7.615517692e-01
-7.615407692e-01
-7.615297692e-01
-7.615187692e-01
-7.615077692e-01
-7.614967692e-01
-7.614857692e-01
-7.614747692e-01
-7.614637692e-01
-7.614527691e-01
-7.614417691e-01
-7.614307691e-01
-7.614197691e-01
-7.614087691e-01
-7.613977691e-01
-7.613867691e-01
-7.613757691e-01
-7.613647691e-01
-7.613537690e-01
-7.613427690e-01
-7.613317690e-01
-7.613207690e-01
-7.613097690e-01
-7.612987690e-01
-7.612877690e-01
-7.612767690e-01
-7.612657690e-01
-7.612547689e-01
-7.612437689e-01
-7.612327689e-01
-7.612217689e-01
-7.612107689e-01
