-7.226997300e-01
-7.226887300e-01
-7.226777300e-01
-7.226667300e-01
-7.226557300e-01
-7.226447299e-01
-7.226337299e-01
-7.226227299e-01
-7.226117299e-01
-7.226007299e-01
-7.225897299e-01
-7.225787299e-01
-7.225677299e-01
-7.225567299e-01
-7.225457298e-01
-7.225347298e-01
-7.225237298e-01
-7.225127298e-01
-7.225017298e-01
-7.224907298e-01
-7.224797298e-01
-7.224687298e-01
-7.224577298e-01
-7.224467297e-01
-7.224357297e-01
-7.224247297e-01
-7.224137297e-01
-7.224027297e-01
-7.223917297e-01
-7.223807297e-01
-7.223697297e-01
-7.223587297e-01
-7.223477296e-01
-7.223367296e-01
-7.223257296e-01
-7.223147296e-01
-7.223037296e-01
-7.222927296e-01
-7.222817296e-01
-7.222707296e-01
-7.222597296e-01
-7.222487295e-01
-7.222377295e-01
-7.222267295e-01
-7.222157295e-01
-7.222047295e-01
-7.221937295e-01
-7.221827295e-01
-7.221717295e-01
-7.221607295e-01
-7.221497294e-01
-7.221387294e-01
-7.221277294e-01
-7.221167294e-01
-7.221057294e-01
-7.220947294e-01
-7.220837294e-01
-7.220727294e-01
-7.220617294e-01
-7.220507293e-01
-7.220397293e-01
-7.220287293e-01
-7.220177293e-01
-7.220067293e-01
-7.219957293e-01
-7.219847293e-01
-7.219737293e-01
-7.219627293e-01
-7.219517292e-01
-7.219407292e-01
-7.219297292e-01
-7.219187292e-01
-7.219077292e-01
-7.218967292e-01
-7.218857292e-01
-7.218747292e-01
-7.218637292e-01
-7.218527291e-01
-7.218417291e-01
-7.218307291e-01
-7.218197291e-01
-7.218087291e-01
-7.217977291e-01
-7.217867291e-01
-7.217757291e-01
-7.217647291e-01
-7.217537290e-01
-7.217427290e-01
-7.217317290e-01
-7.217207290e-01
-7.217097290e-01
-7.216987290e-01
-7.216877290e-01
-7.216767290e-01
-7.216657290e-01
-7.216547289e-01
-7.216437289e-01
-7.216327289e-01
-7.216217289e-01
-7.216107289e-01
