-9.349999444e-01
-9.349889444e-01
-9.349779444e-01
-9.349669444e-01
-9.349559444e-01
-9.349449444e-01
-9.349339444e-01
-9.349229444e-01
-9.349119444e-01
-9.349009443e-01
-9.348899443e-01
-9.348789443e-01
-9.348679443e-01
-9.348569443e-01
-9.348459443e-01
-9.348349443e-01
-9.348239443e-01
-9.348129443e-01
-9.348019442e-01
-9.347909442e-01
-9.347799442e-01
-9.347689442e-01
-9.347579442e-01
-9.347469442e-01
-9.347359442e-01
-9.347249442e-01
-9.347139442e-01
-9.347029441e-01
-9.346919441e-01
-9.346809441e-01
-9.346699441e-01
-9.346589441e-01
-9.346479441e-01
-9.346369441e-01
-9.346259441e-01
-9.346149441e-01
-9.346039440e-01
-9.345929440e-01
-9.345819440e-01
-9.345709440e-01
-9.345599440e-01
-9.345489440e-01
-9.345379440e-01
-9.345269440e-01
-9.345159440e-01
-9.345049439e-01
-9.344939439e-01
-9.344829439e-01
-9.344719439e-01
-9.344609439e-01
-9.344499439e-01
-9.344389439e-01
-9.344279439e-01
-9.344169439e-01
-9.344059438e-01
-9.343949438e-01
-9.343839438e-01
-9.343729438e-01
-9.343619438e-01
-9.343509438e-01
-9.343399438e-01
-9.343289438e-01
-9.343179438e-01
-9.343069437e-01
-9.342959437e-01
-9.342849437e-01
-9.342739437e-01
-9.342629437e-01
-9.342519437e-01
-9.342409437e-01
-9.342299437e-01
-9.342189437e-01
-9.342079436e-01
-9.341969436e-01
-9.341859436e-01
-9.341749436e-01
-9.341639436e-01
-9.341529436e-01
-9.341419436e-01
-9.341309436e-01
-9.341199436e-01
-9.341089435e-01
-9.340979435e-01
-9.340869435e-01
-9.340759435e-01
-9.340649435e-01
-9.340539435e-01
-9.340429435e-01
-9.340319435e-01
-9.340209435e-01
-9.340099434e-01
-9.339989434e-01
-9.339879434e-01
-9.339769434e-01
-9.339659434e-01
-9.339549434e-01
-9.339439434e-01
-9.339329434e-01
-9.339219434e-01
-9.339109433e-01
