-8.689908777e-02
-8.688808776e-02
-8.687708775e-02
-8.686608773e-02
-8.685508772e-02
-8.684408771e-02
-8.683308770e-02
-8.682208769e-02
-8.681108768e-02
-8.680008767e-02
-8.678908766e-02
-8.677808765e-02
-8.676708763e-02
-8.675608762e-02
-8.674508761e-02
-8.673408760e-02
-8.672308759e-02
-8.671208758e-02
-8.670108757e-02
-8.669008756e-02
-8.667908755e-02
-8.666808753e-02
-8.665708752e-02
-8.664608751e-02
-8.663508750e-02
-8.662408749e-02
-8.661308748e-02
-8.660208747e-02
-8.659108746e-02
-8.658008745e-02
-8.656908743e-02
-8.655808742e-02
-8.654708741e-02
-8.653608740e-02
-8.652508739e-02
-8.651408738e-02
-8.650308737e-02
-8.649208736e-02
-8.648108735e-02
-8.647008733e-02
-8.645908732e-02
-8.644808731e-02
-8.643708730e-02
-8.642608729e-02
-8.641508728e-02
-8.640408727e-02
-8.639308726e-02
-8.638208725e-02
-8.637108723e-02
-8.636008722e-02
-8.634908721e-02
-8.633808720e-02
-8.632708719e-02
-8.631608718e-02
-8.630508717e-02
-8.629408716e-02
-8.628308715e-02
-8.627208713e-02
-8.626108712e-02
-8.625008711e-02
-8.623908710e-02
-8.622808709e-02
-8.621708708e-02
-8.620608707e-02
-8.619508706e-02
-8.618408705e-02
-8.617308703e-02
-8.616208702e-02
-8.615108701e-02
-8.614008700e-02
-8.612908699e-02
-8.611808698e-02
-8.610708697e-02
-8.609608696e-02
-8.608508695e-02
-8.607408693e-02
-8.606308692e-02
-8.605208691e-02
-8.604108690e-02
-8.603008689e-02
-8.601908688e-02
-8.600808687e-02
-8.599708686e-02
-8.598608685e-02
-8.597508683e-02
-8.596408682e-02
-8.595308681e-02
-8.594208680e-02
-8.593108679e-02
-8.592008678e-02
-8.590908677e-02
-8.589808676e-02
-8.588708675e-02
-8.587608673e-02
-8.586508672e-02
-8.585408671e-02
-8.584308670e-02
-8.583208669e-02
-8.582108668e-02
-8.581008667e-02
