-2.628992655e-01
-2.628882655e-01
-2.628772655e-01
-2.628662655e-01
-2.628552655e-01
-2.628442655e-01
-2.628332655e-01
-2.628222655e-01
-2.628112655e-01
-2.628002654e-01
-2.627892654e-01
-2.627782654e-01
-2.627672654e-01
-2.627562654e-01
-2.627452654e-01
-2.627342654e-01
-2.627232654e-01
-2.627122654e-01
-2.627012653e-01
-2.626902653e-01
-2.626792653e-01
-2.626682653e-01
-2.626572653e-01
-2.626462653e-01
-2.626352653e-01
-2.626242653e-01
-2.626132653e-01
-2.626022652e-01
-2.625912652e-01
-2.625802652e-01
-2.625692652e-01
-2.625582652e-01
-2.625472652e-01
-2.625362652e-01
-2.625252652e-01
-2.625142652e-01
-2.625032651e-01
-2.624922651e-01
-2.624812651e-01
-2.624702651e-01
-2.624592651e-01
-2.624482651e-01
-2.624372651e-01
-2.624262651e-01
-2.624152651e-01
-2.624042650e-01
-2.623932650e-01
-2.623822650e-01
-2.623712650e-01
-2.623602650e-01
-2.623492650e-01
-2.623382650e-01
-2.623272650e-01
-2.623162650e-01
-2.623052649e-01
-2.622942649e-01
-2.622832649e-01
-2.622722649e-01
-2.622612649e-01
-2.622502649e-01
-2.622392649e-01
-2.622282649e-01
-2.622172649e-01
-2.622062648e-01
-2.621952648e-01
-2.621842648e-01
-2.621732648e-01
-2.621622648e-01
-2.621512648e-01
-2.621402648e-01
-2.621292648e-01
-2.621182648e-01
-2.621072647e-01
-2.620962647e-01
-2.620852647e-01
-2.620742647e-01
-2.620632647e-01
-2.620522647e-01
-2.620412647e-01
-2.620302647e-01
-2.620192647e-01
-2.620082646e-01
-2.619972646e-01
-2.619862646e-01
-2.619752646e-01
-2.619642646e-01
-2.619532646e-01
-2.619422646e-01
-2.619312646e-01
-2.619202646e-01
-2.619092645e-01
-2.618982645e-01
-2.618872645e-01
-2.618762645e-01
-2.618652645e-01
-2.618542645e-01
-2.618432645e-01
-2.618322645e-01
-2.618212645e-01
-2.618102644e-01
