-5.741995800e-01
-5.741885800e-01
-5.741775800e-01
-5.741665800e-01
-5.741555800e-01
-5.741445799e-01
-5.741335799e-01
-5.741225799e-01
-5.741115799e-01
-5.741005799e-01
-5.740895799e-01
-5.740785799e-01
-5.740675799e-01
-5.740565799e-01
-5.740455798e-01
-5.740345798e-01
-5.740235798e-01
-5.740125798e-01
-5.740015798e-01
-5.739905798e-01
-5.739795798e-01
-5.739685798e-01
-5.739575798e-01
-5.739465797e-01
-5.739355797e-01
-5.739245797e-01
-5.739135797e-01
-5.739025797e-01
-5.738915797e-01
-5.738805797e-01
-5.738695797e-01
-5.738585797e-01
-5.738475796e-01
-5.738365796e-01
-5.738255796e-01
-5.738145796e-01
-5.738035796e-01
-5.737925796e-01
-5.737815796e-01
-5.737705796e-01
-5.737595796e-01
-5.737485795e-01
-5.737375795e-01
-5.737265795e-01
-5.737155795e-01
-5.737045795e-01
-5.736935795e-01
-5.736825795e-01
-5.736715795e-01
-5.736605795e-01
-5.736495794e-01
-5.736385794e-01
-5.736275794e-01
-5.736165794e-01
-5.736055794e-01
-5.735945794e-01
-5.735835794e-01
-5.735725794e-01
-5.735615794e-01
-5.735505793e-01
-5.735395793e-01
-5.735285793e-01
-5.735175793e-01
-5.735065793e-01
-5.734955793e-01
-5.734845793e-01
-5.734735793e-01
-5.734625793e-01
-5.734515792e-01
-5.734405792e-01
-5.734295792e-01
-5.734185792e-01
-5.734075792e-01
-5.733965792e-01
-5.733855792e-01
-5.733745792e-01
-5.733635792e-01
-5.733525791e-01
-5.733415791e-01
-5.733305791e-01
-5.733195791e-01
-5.733085791e-01
-5.732975791e-01
-5.732865791e-01
-5.732755791e-01
-5.732645791e-01
-5.732535790e-01
-5.732425790e-01
-5.732315790e-01
-5.732205790e-01
-5.732095790e-01
-5.731985790e-01
-5.731875790e-01
-5.731765790e-01
-5.731655790e-01
-5.731545789e-01
-5.731435789e-01
-5.731325789e-01
-5.731215789e-01
-5.731105789e-01
