-5.708995767e-01
-5.708885767e-01
-5.708775766e-01
-5.708665766e-01
-5.708555766e-01
-5.708445766e-01
-5.708335766e-01
-5.708225766e-01
-5.708115766e-01
-5.708005766e-01
-5.707895766e-01
-5.707785765e-01
-5.707675765e-01
-5.707565765e-01
-5.707455765e-01
-5.707345765e-01
-5.707235765e-01
-5.707125765e-01
-5.707015765e-01
-5.706905765e-01
-5.706795764e-01
-5.706685764e-01
-5.706575764e-01
-5.706465764e-01
-5.706355764e-01
-5.706245764e-01
-5.706135764e-01
-5.706025764e-01
-5.705915764e-01
-5.705805763e-01
-5.705695763e-01
-5.705585763e-01
-5.705475763e-01
-5.705365763e-01
-5.705255763e-01
-5.705145763e-01
-5.705035763e-01
-5.704925763e-01
-5.704815762e-01
-5.704705762e-01
-5.704595762e-01
-5.704485762e-01
-5.704375762e-01
-5.704265762e-01
-5.704155762e-01
-5.704045762e-01
-5.703935762e-01
-5.703825761e-01
-5.703715761e-01
-5.703605761e-01
-5.703495761e-01
-5.703385761e-01
-5.703275761e-01
-5.703165761e-01
-5.703055761e-01
-5.702945761e-01
-5.702835760e-01
-5.702725760e-01
-5.702615760e-01
-5.702505760e-01
-5.702395760e-01
-5.702285760e-01
-5.702175760e-01
-5.702065760e-01
-5.701955760e-01
-5.701845759e-01
-5.701735759e-01
-5.701625759e-01
-5.701515759e-01
-5.701405759e-01
-5.701295759e-01
-5.701185759e-01
-5.701075759e-01
-5.700965759e-01
-5.700855758e-01
-5.700745758e-01
-5.700635758e-01
-5.700525758e-01
-5.700415758e-01
-5.700305758e-01
-5.700195758e-01
-5.700085758e-01
-5.699975758e-01
-5.699865757e-01
-5.699755757e-01
-5.699645757e-01
-5.699535757e-01
-5.699425757e-01
-5.699315757e-01
-5.699205757e-01
-5.699095757e-01
-5.698985757e-01
-5.698875756e-01
-5.698765756e-01
-5.698655756e-01
-5.698545756e-01
-5.698435756e-01
-5.698325756e-01
-5.698215756e-01
-5.698105756e-01
