-5.961996022e-01
-5.961886022e-01
-5.961776022e-01
-5.961666022e-01
-5.961556022e-01
-5.961446022e-01
-5.961336022e-01
-5.961226021e-01
-5.961116021e-01
-5.961006021e-01
-5.960896021e-01
-5.960786021e-01
-5.960676021e-01
-5.960566021e-01
-5.960456021e-01
-5.960346021e-01
-5.960236020e-01
-5.960126020e-01
-5.960016020e-01
-5.959906020e-01
-5.959796020e-01
-5.959686020e-01
-5.959576020e-01
-5.959466020e-01
-5.959356020e-01
-5.959246019e-01
-5.959136019e-01
-5.959026019e-01
-5.958916019e-01
-5.958806019e-01
-5.958696019e-01
-5.958586019e-01
-5.958476019e-01
-5.958366019e-01
-5.958256018e-01
-5.958146018e-01
-5.958036018e-01
-5.957926018e-01
-5.957816018e-01
-5.957706018e-01
-5.957596018e-01
-5.957486018e-01
-5.957376018e-01
-5.957266017e-01
-5.957156017e-01
-5.957046017e-01
-5.956936017e-01
-5.956826017e-01
-5.956716017e-01
-5.956606017e-01
-5.956496017e-01
-5.956386017e-01
-5.956276016e-01
-5.956166016e-01
-5.956056016e-01
-5.955946016e-01
-5.955836016e-01
-5.955726016e-01
-5.955616016e-01
-5.955506016e-01
-5.955396016e-01
-5.955286015e-01
-5.955176015e-01
-5.955066015e-01
-5.954956015e-01
-5.954846015e-01
-5.954736015e-01
-5.954626015e-01
-5.954516015e-01
-5.954406015e-01
-5.954296014e-01
-5.954186014e-01
-5.954076014e-01
-5.953966014e-01
-5.953856014e-01
-5.953746014e-01
-5.953636014e-01
-5.953526014e-01
-5.953416014e-01
-5.953306013e-01
-5.953196013e-01
-5.953086013e-01
-5.952976013e-01
-5.952866013e-01
-5.952756013e-01
-5.952646013e-01
-5.952536013e-01
-5.952426013e-01
-5.952316012e-01
-5.952206012e-01
-5.952096012e-01
-5.951986012e-01
-5.951876012e-01
-5.951766012e-01
-5.951656012e-01
-5.951546012e-01
-5.951436012e-01
-5.951326011e-01
-5.951216011e-01
-5.951106011e-01
