-4.553994600e-01
-4.553884600e-01
-4.553774600e-01
-4.553664600e-01
-4.553554599e-01
-4.553444599e-01
-4.553334599e-01
-4.553224599e-01
-4.553114599e-01
-4.553004599e-01
-4.552894599e-01
-4.552784599e-01
-4.552674599e-01
-4.552564598e-01
-4.552454598e-01
-4.552344598e-01
-4.552234598e-01
-4.552124598e-01
-4.552014598e-01
-4.551904598e-01
-4.551794598e-01
-4.551684598e-01
-4.551574597e-01
-4.551464597e-01
-4.551354597e-01
-4.551244597e-01
-4.551134597e-01
-4.551024597e-01
-4.550914597e-01
-4.550804597e-01
-4.550694597e-01
-4.550584596e-01
-4.550474596e-01
-4.550364596e-01
-4.550254596e-01
-4.550144596e-01
-4.550034596e-01
-4.549924596e-01
-4.549814596e-01
-4.549704596e-01
-4.549594595e-01
-4.549484595e-01
-4.549374595e-01
-4.549264595e-01
-4.549154595e-01
-4.549044595e-01
-4.548934595e-01
-4.548824595e-01
-4.548714595e-01
-4.548604594e-01
-4.548494594e-01
-4.548384594e-01
-4.548274594e-01
-4.548164594e-01
-4.548054594e-01
-4.547944594e-01
-4.547834594e-01
-4.547724594e-01
-4.547614593e-01
-4.547504593e-01
-4.547394593e-01
-4.547284593e-01
-4.547174593e-01
-4.547064593e-01
-4.546954593e-01
-4.546844593e-01
-4.546734593e-01
-4.546624592e-01
-4.546514592e-01
-4.546404592e-01
-4.546294592e-01
-4.546184592e-01
-4.546074592e-01
-4.545964592e-01
-4.545854592e-01
-4.545744592e-01
-4.545634591e-01
-4.545524591e-01
-4.545414591e-01
-4.545304591e-01
-4.545194591e-01
-4.545084591e-01
-4.544974591e-01
-4.544864591e-01
-4.544754591e-01
-4.544644590e-01
-4.544534590e-01
-4.544424590e-01
-4.544314590e-01
-4.544204590e-01
-4.544094590e-01
-4.543984590e-01
-4.543874590e-01
-4.543764590e-01
-4.543654589e-01
-4.543544589e-01
-4.543434589e-01
-4.543324589e-01
-4.543214589e-01
-4.543104589e-01
