-3.442993478e-01
-3.442883478e-01
-3.442773477e-01
-3.442663477e-01
-3.442553477e-01
-3.442443477e-01
-3.442333477e-01
-3.442223477e-01
-3.442113477e-01
-3.442003477e-01
-3.441893477e-01
-3.441783476e-01
-3.441673476e-01
-3.441563476e-01
-3.441453476e-01
-3.441343476e-01
-3.441233476e-01
-3.441123476e-01
-3.441013476e-01
-3.440903476e-01
-3.440793475e-01
-3.440683475e-01
-3.440573475e-01
-3.440463475e-01
-3.440353475e-01
-3.440243475e-01
-3.440133475e-01
-3.440023475e-01
-3.439913475e-01
-3.439803474e-01
-3.439693474e-01
-3.439583474e-01
-3.439473474e-01
-3.439363474e-01
-3.439253474e-01
-3.439143474e-01
-3.439033474e-01
-3.438923474e-01
-3.438813473e-01
-3.438703473e-01
-3.438593473e-01
-3.438483473e-01
-3.438373473e-01
-3.438263473e-01
-3.438153473e-01
-3.438043473e-01
-3.437933473e-01
-3.437823472e-01
-3.437713472e-01
-3.437603472e-01
-3.437493472e-01
-3.437383472e-01
-3.437273472e-01
-3.437163472e-01
-3.437053472e-01
-3.436943472e-01
-3.436833471e-01
-3.436723471e-01
-3.436613471e-01
-3.436503471e-01
-3.436393471e-01
-3.436283471e-01
-3.436173471e-01
-3.436063471e-01
-3.435953471e-01
-3.435843470e-01
-3.435733470e-01
-3.435623470e-01
-3.435513470e-01
-3.435403470e-01
-3.435293470e-01
-3.435183470e-01
-3.435073470e-01
-3.434963470e-01
-3.434853469e-01
-3.434743469e-01
-3.434633469e-01
-3.434523469e-01
-3.434413469e-01
-3.434303469e-01
-3.434193469e-01
-3.434083469e-01
-3.433973469e-01
-3.433863468e-01
-3.433753468e-01
-3.433643468e-01
-3.433533468e-01
-3.433423468e-01
-3.433313468e-01
-3.433203468e-01
-3.433093468e-01
-3.432983468e-01
-3.432873467e-01
-3.432763467e-01
-3.432653467e-01
-3.432543467e-01
-3.432433467e-01
-3.432323467e-01
-3.432213467e-01
-3.432103467e-01
