-8.271998356e-01
-8.271888355e-01
-8.271778355e-01
-8.271668355e-01
-8.271558355e-01
-8.271448355e-01
-8.271338355e-01
-8.271228355e-01
-8.271118355e-01
-8.271008355e-01
-8.270898354e-01
-8.270788354e-01
-8.270678354e-01
-8.270568354e-01
-8.270458354e-01
-8.270348354e-01
-8.270238354e-01
-8.270128354e-01
-8.270018354e-01
-8.269908353e-01
-8.269798353e-01
-8.269688353e-01
-8.269578353e-01
-8.269468353e-01
-8.269358353e-01
-8.269248353e-01
-8.269138353e-01
-8.269028353e-01
-8.268918352e-01
-8.268808352e-01
-8.268698352e-01
-8.268588352e-01
-8.268478352e-01
-8.268368352e-01
-8.268258352e-01
-8.268148352e-01
-8.268038352e-01
-8.267928351e-01
-8.267818351e-01
-8.267708351e-01
-8.267598351e-01
-8.267488351e-01
-8.267378351e-01
-8.267268351e-01
-8.267158351e-01
-8.267048351e-01
-8.266938350e-01
-8.266828350e-01
-8.266718350e-01
-8.266608350e-01
-8.266498350e-01
-8.266388350e-01
-8.266278350e-01
-8.266168350e-01
-8.266058350e-01
-8.265948349e-01
-8.265838349e-01
-8.265728349e-01
-8.265618349e-01
-8.265508349e-01
-8.265398349e-01
-8.265288349e-01
-8.265178349e-01
-8.265068349e-01
-8.264958348e-01
-8.264848348e-01
-8.264738348e-01
-8.264628348e-01
-8.264518348e-01
-8.264408348e-01
-8.264298348e-01
-8.264188348e-01
-8.264078348e-01
-8.263968347e-01
-8.263858347e-01
-8.263748347e-01
-8.263638347e-01
-8.263528347e-01
-8.263418347e-01
-8.263308347e-01
-8.263198347e-01
-8.263088347e-01
-8.262978346e-01
-8.262868346e-01
-8.262758346e-01
-8.262648346e-01
-8.262538346e-01
-8.262428346e-01
-8.262318346e-01
-8.262208346e-01
-8.262098346e-01
-8.261988345e-01
-8.261878345e-01
-8.261768345e-01
-8.261658345e-01
-8.261548345e-01
-8.261438345e-01
-8.261328345e-01
-8.261218345e-01
-8.261108345e-01
