-9.019999111e-01
-9.019889111e-01
-9.019779111e-01
-9.019669111e-01
-9.019559111e-01
-9.019449111e-01
-9.019339110e-01
-9.019229110e-01
-9.019119110e-01
-9.019009110e-01
-9.018899110e-01
-9.018789110e-01
-9.018679110e-01
-9.018569110e-01
-9.018459110e-01
-9.018349109e-01
-9.018239109e-01
-9.018129109e-01
-9.018019109e-01
-9.017909109e-01
-9.017799109e-01
-9.017689109e-01
-9.017579109e-01
-9.017469109e-01
-9.017359108e-01
-9.017249108e-01
-9.017139108e-01
-9.017029108e-01
-9.016919108e-01
-9.016809108e-01
-9.016699108e-01
-9.016589108e-01
-9.016479108e-01
-9.016369107e-01
-9.016259107e-01
-9.016149107e-01
-9.016039107e-01
-9.015929107e-01
-9.015819107e-01
-9.015709107e-01
-9.015599107e-01
-9.015489107e-01
-9.015379106e-01
-9.015269106e-01
-9.015159106e-01
-9.015049106e-01
-9.014939106e-01
-9.014829106e-01
-9.014719106e-01
-9.014609106e-01
-9.014499106e-01
-9.014389105e-01
-9.014279105e-01
-9.014169105e-01
-9.014059105e-01
-9.013949105e-01
-9.013839105e-01
-9.013729105e-01
-9.013619105e-01
-9.013509105e-01
-9.013399104e-01
-9.013289104e-01
-9.013179104e-01
-9.013069104e-01
-9.012959104e-01
-9.012849104e-01
-9.012739104e-01
-9.012629104e-01
-9.012519104e-01
-9.012409103e-01
-9.012299103e-01
-9.012189103e-01
-9.012079103e-01
-9.011969103e-01
-9.011859103e-01
-9.011749103e-01
-9.011639103e-01
-9.011529103e-01
-9.011419102e-01
-9.011309102e-01
-9.011199102e-01
-9.011089102e-01
-9.010979102e-01
-9.010869102e-01
-9.010759102e-01
-9.010649102e-01
-9.010539102e-01
-9.010429101e-01
-9.010319101e-01
-9.010209101e-01
-9.010099101e-01
-9.009989101e-01
-9.009879101e-01
-9.009769101e-01
-9.009659101e-01
-9.009549101e-01
-9.009439100e-01
-9.009329100e-01
-9.009219100e-01
-9.009109100e-01
