-8.744998833e-01
-8.744888833e-01
-8.744778833e-01
-8.744668833e-01
-8.744558833e-01
-8.744448833e-01
-8.744338833e-01
-8.744228833e-01
-8.744118832e-01
-8.744008832e-01
-8.743898832e-01
-8.743788832e-01
-8.743678832e-01
-8.743568832e-01
-8.743458832e-01
-8.743348832e-01
-8.743238832e-01
-8.743128831e-01
-8.743018831e-01
-8.742908831e-01
-8.742798831e-01
-8.742688831e-01
-8.742578831e-01
-8.742468831e-01
-8.742358831e-01
-8.742248831e-01
-8.742138830e-01
-8.742028830e-01
-8.741918830e-01
-8.741808830e-01
-8.741698830e-01
-8.741588830e-01
-8.741478830e-01
-8.741368830e-01
-8.741258830e-01
-8.741148829e-01
-8.741038829e-01
-8.740928829e-01
-8.740818829e-01
-8.740708829e-01
-8.740598829e-01
-8.740488829e-01
-8.740378829e-01
-8.740268829e-01
-8.740158828e-01
-8.740048828e-01
-8.739938828e-01
-8.739828828e-01
-8.739718828e-01
-8.739608828e-01
-8.739498828e-01
-8.739388828e-01
-8.739278828e-01
-8.739168827e-01
-8.739058827e-01
-8.738948827e-01
-8.738838827e-01
-8.738728827e-01
-8.738618827e-01
-8.738508827e-01
-8.738398827e-01
-8.738288827e-01
-8.738178826e-01
-8.738068826e-01
-8.737958826e-01
-8.737848826e-01
-8.737738826e-01
-8.737628826e-01
-8.737518826e-01
-8.737408826e-01
-8.737298826e-01
-8.737188825e-01
-8.737078825e-01
-8.736968825e-01
-8.736858825e-01
-8.736748825e-01
-8.736638825e-01
-8.736528825e-01
-8.736418825e-01
-8.736308825e-01
-8.736198824e-01
-8.736088824e-01
-8.735978824e-01
-8.735868824e-01
-8.735758824e-01
-8.735648824e-01
-8.735538824e-01
-8.735428824e-01
-8.735318824e-01
-8.735208823e-01
-8.735098823e-01
-8.734988823e-01
-8.734878823e-01
-8.734768823e-01
-8.734658823e-01
-8.734548823e-01
-8.734438823e-01
-8.734328823e-01
-8.734218822e-01
-8.734108822e-01
