-2.474992500e-01
-2.474882500e-01
-2.474772500e-01
-2.474662500e-01
-2.474552499e-01
-2.474442499e-01
-2.474332499e-01
-2.474222499e-01
-2.474112499e-01
-2.474002499e-01
-2.473892499e-01
-2.473782499e-01
-2.473672499e-01
-2.473562498e-01
-2.473452498e-01
-2.473342498e-01
-2.473232498e-01
-2.473122498e-01
-2.473012498e-01
-2.472902498e-01
-2.472792498e-01
-2.472682498e-01
-2.472572497e-01
-2.472462497e-01
-2.472352497e-01
-2.472242497e-01
-2.472132497e-01
-2.472022497e-01
-2.471912497e-01
-2.471802497e-01
-2.471692497e-01
-2.471582496e-01
-2.471472496e-01
-2.471362496e-01
-2.471252496e-01
-2.471142496e-01
-2.471032496e-01
-2.470922496e-01
-2.470812496e-01
-2.470702496e-01
-2.470592495e-01
-2.470482495e-01
-2.470372495e-01
-2.470262495e-01
-2.470152495e-01
-2.470042495e-01
-2.469932495e-01
-2.469822495e-01
-2.469712495e-01
-2.469602494e-01
-2.469492494e-01
-2.469382494e-01
-2.469272494e-01
-2.469162494e-01
-2.469052494e-01
-2.468942494e-01
-2.468832494e-01
-2.468722494e-01
-2.468612493e-01
-2.468502493e-01
-2.468392493e-01
-2.468282493e-01
-2.468172493e-01
-2.468062493e-01
-2.467952493e-01
-2.467842493e-01
-2.467732493e-01
-2.467622492e-01
-2.467512492e-01
-2.467402492e-01
-2.467292492e-01
-2.467182492e-01
-2.467072492e-01
-2.466962492e-01
-2.466852492e-01
-2.466742492e-01
-2.466632491e-01
-2.466522491e-01
-2.466412491e-01
-2.466302491e-01
-2.466192491e-01
-2.466082491e-01
-2.465972491e-01
-2.465862491e-01
-2.465752491e-01
-2.465642490e-01
-2.465532490e-01
-2.465422490e-01
-2.465312490e-01
-2.465202490e-01
-2.465092490e-01
-2.464982490e-01
-2.464872490e-01
-2.464762490e-01
-2.464652489e-01
-2.464542489e-01
-2.464432489e-01
-2.464322489e-01
-2.464212489e-01
-2.464102489e-01
