-2.441992467e-01
-2.441882466e-01
-2.441772466e-01
-2.441662466e-01
-2.441552466e-01
-2.441442466e-01
-2.441332466e-01
-2.441222466e-01
-2.441112466e-01
-2.441002466e-01
-2.440892465e-01
-2.440782465e-01
-2.440672465e-01
-2.440562465e-01
-2.440452465e-01
-2.440342465e-01
-2.440232465e-01
-2.440122465e-01
-2.440012465e-01
-2.439902464e-01
-2.439792464e-01
-2.439682464e-01
-2.439572464e-01
-2.439462464e-01
-2.439352464e-01
-2.439242464e-01
-2.439132464e-01
-2.439022464e-01
-2.438912463e-01
-2.438802463e-01
-2.438692463e-01
-2.438582463e-01
-2.438472463e-01
-2.438362463e-01
-2.438252463e-01
-2.438142463e-01
-2.438032463e-01
-2.437922462e-01
-2.437812462e-01
-2.437702462e-01
-2.437592462e-01
-2.437482462e-01
-2.437372462e-01
-2.437262462e-01
-2.437152462e-01
-2.437042462e-01
-2.436932461e-01
-2.436822461e-01
-2.436712461e-01
-2.436602461e-01
-2.436492461e-01
-2.436382461e-01
-2.436272461e-01
-2.436162461e-01
-2.436052461e-01
-2.435942460e-01
-2.435832460e-01
-2.435722460e-01
-2.435612460e-01
-2.435502460e-01
-2.435392460e-01
-2.435282460e-01
-2.435172460e-01
-2.435062460e-01
-2.434952459e-01
-2.434842459e-01
-2.434732459e-01
-2.434622459e-01
-2.434512459e-01
-2.434402459e-01
-2.434292459e-01
-2.434182459e-01
-2.434072459e-01
-2.433962458e-01
-2.433852458e-01
-2.433742458e-01
-2.433632458e-01
-2.433522458e-01
-2.433412458e-01
-2.433302458e-01
-2.433192458e-01
-2.433082458e-01
-2.432972457e-01
-2.432862457e-01
-2.432752457e-01
-2.432642457e-01
-2.432532457e-01
-2.432422457e-01
-2.432312457e-01
-2.432202457e-01
-2.432092457e-01
-2.431982456e-01
-2.431872456e-01
-2.431762456e-01
-2.431652456e-01
-2.431542456e-01
-2.431432456e-01
-2.431322456e-01
-2.431212456e-01
-2.431102456e-01
