-2.430992455e-01
-2.430882455e-01
-2.430772455e-01
-2.430662455e-01
-2.430552455e-01
-2.430442455e-01
-2.430332455e-01
-2.430222455e-01
-2.430112455e-01
-2.430002454e-01
-2.429892454e-01
-2.429782454e-01
-2.429672454e-01
-2.429562454e-01
-2.429452454e-01
-2.429342454e-01
-2.429232454e-01
-2.429122454e-01
-2.429012453e-01
-2.428902453e-01
-2.428792453e-01
-2.428682453e-01
-2.428572453e-01
-2.428462453e-01
-2.428352453e-01
-2.428242453e-01
-2.428132453e-01
-2.428022452e-01
-2.427912452e-01
-2.427802452e-01
-2.427692452e-01
-2.427582452e-01
-2.427472452e-01
-2.427362452e-01
-2.427252452e-01
-2.427142452e-01
-2.427032451e-01
-2.426922451e-01
-2.426812451e-01
-2.426702451e-01
-2.426592451e-01
-2.426482451e-01
-2.426372451e-01
-2.426262451e-01
-2.426152451e-01
-2.426042450e-01
-2.425932450e-01
-2.425822450e-01
-2.425712450e-01
-2.425602450e-01
-2.425492450e-01
-2.425382450e-01
-2.425272450e-01
-2.425162450e-01
-2.425052449e-01
-2.424942449e-01
-2.424832449e-01
-2.424722449e-01
-2.424612449e-01
-2.424502449e-01
-2.424392449e-01
-2.424282449e-01
-2.424172449e-01
-2.424062448e-01
-2.423952448e-01
-2.423842448e-01
-2.423732448e-01
-2.423622448e-01
-2.423512448e-01
-2.423402448e-01
-2.423292448e-01
-2.423182448e-01
-2.423072447e-01
-2.422962447e-01
-2.422852447e-01
-2.422742447e-01
-2.422632447e-01
-2.422522447e-01
-2.422412447e-01
-2.422302447e-01
-2.422192447e-01
-2.422082446e-01
-2.421972446e-01
-2.421862446e-01
-2.421752446e-01
-2.421642446e-01
-2.421532446e-01
-2.421422446e-01
-2.421312446e-01
-2.421202446e-01
-2.421092445e-01
-2.420982445e-01
-2.420872445e-01
-2.420762445e-01
-2.420652445e-01
-2.420542445e-01
-2.420432445e-01
-2.420322445e-01
-2.420212445e-01
-2.420102444e-01
