-6.049996111e-01
-6.049886111e-01
-6.049776111e-01
-6.049666111e-01
-6.049556111e-01
-6.049446111e-01
-6.049336110e-01
-6.049226110e-01
-6.049116110e-01
-6.049006110e-01
-6.048896110e-01
-6.048786110e-01
-6.048676110e-01
-6.048566110e-01
-6.048456110e-01
-6.048346109e-01
-6.048236109e-01
-6.048126109e-01
-6.048016109e-01
-6.047906109e-01
-6.047796109e-01
-6.047686109e-01
-6.047576109e-01
-6.047466109e-01
-6.047356108e-01
-6.047246108e-01
-6.047136108e-01
-6.047026108e-01
-6.046916108e-01
-6.046806108e-01
-6.046696108e-01
-6.046586108e-01
-6.046476108e-01
-6.046366107e-01
-6.046256107e-01
-6.046146107e-01
-6.046036107e-01
-6.045926107e-01
-6.045816107e-01
-6.045706107e-01
-6.045596107e-01
-6.045486107e-01
-6.045376106e-01
-6.045266106e-01
-6.045156106e-01
-6.045046106e-01
-6.044936106e-01
-6.044826106e-01
-6.044716106e-01
-6.044606106e-01
-6.044496106e-01
-6.044386105e-01
-6.044276105e-01
-6.044166105e-01
-6.044056105e-01
-6.043946105e-01
-6.043836105e-01
-6.043726105e-01
-6.043616105e-01
-6.043506105e-01
-6.043396104e-01
-6.043286104e-01
-6.043176104e-01
-6.043066104e-01
-6.042956104e-01
-6.042846104e-01
-6.042736104e-01
-6.042626104e-01
-6.042516104e-01
-6.042406103e-01
-6.042296103e-01
-6.042186103e-01
-6.042076103e-01
-6.041966103e-01
-6.041856103e-01
-6.041746103e-01
-6.041636103e-01
-6.041526103e-01
-6.041416102e-01
-6.041306102e-01
-6.041196102e-01
-6.041086102e-01
-6.040976102e-01
-6.040866102e-01
-6.040756102e-01
-6.040646102e-01
-6.040536102e-01
-6.040426101e-01
-6.040316101e-01
-6.040206101e-01
-6.040096101e-01
-6.039986101e-01
-6.039876101e-01
-6.039766101e-01
-6.039656101e-01
-6.039546101e-01
-6.039436100e-01
-6.039326100e-01
-6.039216100e-01
-6.039106100e-01
