-4.839904888e-02
-4.838804887e-02
-4.837704886e-02
-4.836604884e-02
-4.835504883e-02
-4.834404882e-02
-4.833304881e-02
-4.832204880e-02
-4.831104879e-02
-4.830004878e-02
-4.828904877e-02
-4.827804876e-02
-4.826704874e-02
-4.825604873e-02
-4.824504872e-02
-4.823404871e-02
-4.822304870e-02
-4.821204869e-02
-4.820104868e-02
-4.819004867e-02
-4.817904866e-02
-4.816804864e-02
-4.815704863e-02
-4.814604862e-02
-4.813504861e-02
-4.812404860e-02
-4.811304859e-02
-4.810204858e-02
-4.809104857e-02
-4.808004856e-02
-4.806904854e-02
-4.805804853e-02
-4.804704852e-02
-4.803604851e-02
-4.802504850e-02
-4.801404849e-02
-4.800304848e-02
-4.799204847e-02
-4.798104846e-02
-4.797004844e-02
-4.795904843e-02
-4.794804842e-02
-4.793704841e-02
-4.792604840e-02
-4.791504839e-02
-4.790404838e-02
-4.789304837e-02
-4.788204836e-02
-4.787104834e-02
-4.786004833e-02
-4.784904832e-02
-4.783804831e-02
-4.782704830e-02
-4.781604829e-02
-4.780504828e-02
-4.779404827e-02
-4.778304826e-02
-4.777204824e-02
-4.776104823e-02
-4.775004822e-02
-4.773904821e-02
-4.772804820e-02
-4.771704819e-02
-4.770604818e-02
-4.769504817e-02
-4.768404816e-02
-4.767304814e-02
-4.766204813e-02
-4.765104812e-02
-4.764004811e-02
-4.762904810e-02
-4.761804809e-02
-4.760704808e-02
-4.759604807e-02
-4.758504806e-02
-4.757404804e-02
-4.756304803e-02
-4.755204802e-02
-4.754104801e-02
-4.753004800e-02
-4.751904799e-02
-4.750804798e-02
-4.749704797e-02
-4.748604796e-02
-4.747504794e-02
-4.746404793e-02
-4.745304792e-02
-4.744204791e-02
-4.743104790e-02
-4.742004789e-02
-4.740904788e-02
-4.739804787e-02
-4.738704786e-02
-4.737604784e-02
-4.736504783e-02
-4.735404782e-02
-4.734304781e-02
-4.733204780e-02
-4.732104779e-02
-4.731004778e-02
