-3.574993611e-01
-3.574883611e-01
-3.574773611e-01
-3.574663611e-01
-3.574553611e-01
-3.574443610e-01
-3.574333610e-01
-3.574223610e-01
-3.574113610e-01
-3.574003610e-01
-3.573893610e-01
-3.573783610e-01
-3.573673610e-01
-3.573563610e-01
-3.573453609e-01
-3.573343609e-01
-3.573233609e-01
-3.573123609e-01
-3.573013609e-01
-3.572903609e-01
-3.572793609e-01
-3.572683609e-01
-3.572573609e-01
-3.572463608e-01
-3.572353608e-01
-3.572243608e-01
-3.572133608e-01
-3.572023608e-01
-3.571913608e-01
-3.571803608e-01
-3.571693608e-01
-3.571583608e-01
-3.571473607e-01
-3.571363607e-01
-3.571253607e-01
-3.571143607e-01
-3.571033607e-01
-3.570923607e-01
-3.570813607e-01
-3.570703607e-01
-3.570593607e-01
-3.570483606e-01
-3.570373606e-01
-3.570263606e-01
-3.570153606e-01
-3.570043606e-01
-3.569933606e-01
-3.569823606e-01
-3.569713606e-01
-3.569603606e-01
-3.569493605e-01
-3.569383605e-01
-3.569273605e-01
-3.569163605e-01
-3.569053605e-01
-3.568943605e-01
-3.568833605e-01
-3.568723605e-01
-3.568613605e-01
-3.568503604e-01
-3.568393604e-01
-3.568283604e-01
-3.568173604e-01
-3.568063604e-01
-3.567953604e-01
-3.567843604e-01
-3.567733604e-01
-3.567623604e-01
-3.567513603e-01
-3.567403603e-01
-3.567293603e-01
-3.567183603e-01
-3.567073603e-01
-3.566963603e-01
-3.566853603e-01
-3.566743603e-01
-3.566633603e-01
-3.566523602e-01
-3.566413602e-01
-3.566303602e-01
-3.566193602e-01
-3.566083602e-01
-3.565973602e-01
-3.565863602e-01
-3.565753602e-01
-3.565643602e-01
-3.565533601e-01
-3.565423601e-01
-3.565313601e-01
-3.565203601e-01
-3.565093601e-01
-3.564983601e-01
-3.564873601e-01
-3.564763601e-01
-3.564653601e-01
-3.564543600e-01
-3.564433600e-01
-3.564323600e-01
-3.564213600e-01
-3.564103600e-01
