7.747175553e-01
7.697578831e-01
7.745670093e-01
7.654916928e-01
7.689197112e-01
7.771100321e-01
7.677350919e-01
7.754264745e-01
7.743656306e-01
7.731262296e-01
7.650913262e-01
7.715043531e-01
7.657231002e-01
7.748206600e-01
7.656584055e-01
7.726667437e-01
7.711923970e-01
7.688681404e-01
7.756162024e-01
7.662303391e-01
7.715318643e-01
7.794832793e-01
7.719804075e-01
7.776449962e-01
7.724798520e-01
7.725720470e-01
7.789548547e-01
7.722342742e-01
7.766484086e-01
7.705386776e-01
7.693327877e-01
7.735359315e-01
7.749634538e-01
7.773173365e-01
7.761889020e-01
7.774363631e-01
7.653513615e-01
7.747800435e-01
7.726609614e-01
7.792160004e-01
7.687602933e-01
7.747998372e-01
7.721294673e-01
7.713365308e-01
7.730752794e-01
7.769811390e-01
7.676442788e-01
7.779938995e-01
7.780203062e-01
7.789208691e-01
7.692674732e-01
7.764220529e-01
7.715523433e-01
7.770823603e-01
7.678259027e-01
7.738116413e-01
7.768565163e-01
7.707636458e-01
7.667831595e-01
7.735036653e-01
7.758668656e-01
7.740660823e-01
7.794535280e-01
7.688360093e-01
7.768415128e-01
7.666232559e-01
7.785595420e-01
7.703465502e-01
7.742269269e-01
7.778371603e-01
7.770217356e-01
7.716195906e-01
7.695651347e-01
7.770065222e-01
7.650443941e-01
7.787840348e-01
7.700147814e-01
7.683198618e-01
7.687961378e-01
7.763652212e-01
7.697686885e-01
7.798480195e-01
7.650916605e-01
7.750659396e-01
7.773951405e-01
7.713241797e-01
7.669668470e-01
7.765147833e-01
7.732577746e-01
7.678313042e-01
7.657072256e-01
7.701746644e-01
7.741833848e-01
7.657308388e-01
7.751407270e-01
7.694709654e-01
7.695174729e-01
7.720054078e-01
7.705429420e-01
7.750343548e-01
7.656730184e-01
7.704903840e-01
7.680300754e-01
7.671853536e-01
7.797631604e-01
7.668158778e-01
7.721632127e-01
7.715273741e-01
7.659893200e-01
7.735089668e-01
7.719182050e-01
7.661153984e-01
7.779903201e-01
7.758019407e-01
7.730124978e-01
7.790270961e-01
7.747514457e-01
7.792405185e-01
7.774626718e-01
7.755916791e-01
7.698510059e-01
7.792399452e-01
7.799934569e-01
7.773037334e-01
7.756659954e-01
7.695236466e-01
7.681354872e-01
7.679999952e-01
7.793715351e-01
7.756214679e-01
7.714454827e-01
7.657760036e-01
7.769575261e-01
7.786695794e-01
7.783787699e-01
7.717968100e-01
7.726394388e-01
7.661071489e-01
7.756833196e-01
7.721988906e-01
7.719923304e-01
7.674431400e-01
7.735686331e-01
7.740868669e-01
7.669984918e-01
7.782307086e-01
7.773990840e-01
7.685268807e-01
7.652037745e-01
7.745861142e-01
7.703645245e-01
7.796993026e-01
7.778187176e-01
7.744080483e-01
7.755466532e-01
7.753494910e-01
7.728295224e-01
7.725340699e-01
7.690988733e-01
7.700615456e-01
7.795552969e-01
7.654428882e-01
7.775170419e-01
7.795315566e-01
7.761721548e-01
7.776906913e-01
7.713621998e-01
7.747483591e-01
7.736104876e-01
7.687870792e-01
7.681149659e-01
7.664106753e-01
7.685075986e-01
7.692930939e-01
7.691054284e-01
7.754157508e-01
7.697986622e-01
7.652717316e-01
7.652577313e-01
7.680426448e-01
7.731124895e-01
7.788414197e-01
7.661410543e-01
7.669811494e-01
7.683541457e-01
7.688277329e-01
7.704568840e-01
7.748693768e-01
7.745830891e-01
7.682290848e-01
7.677263026e-01
7.756389514e-01
7.796463869e-01
7.745803162e-01
7.717867611e-01
7.793049091e-01
7.691084542e-01
7.729902305e-01
7.744143364e-01
7.711055298e-01
7.709710405e-01
7.674446312e-01
7.677479946e-01
7.673385006e-01
7.776294814e-01
7.697929032e-01
7.672005563e-01
7.710639820e-01
7.667417952e-01
7.661308004e-01
7.799479986e-01
7.685144039e-01
7.708445723e-01
7.795308761e-01
7.770630245e-01
7.685271408e-01
7.715449721e-01
7.733182177e-01
7.729495193e-01
7.747476674e-01
7.717391454e-01
7.679660551e-01
7.663636418e-01
7.799726256e-01
7.745513786e-01
7.709677276e-01
7.669784874e-01
7.766999223e-01
7.684663373e-01
7.768122305e-01
7.696554402e-01
7.782571215e-01
7.689605201e-01
7.674750776e-01
7.787271635e-01
7.730461941e-01
7.691084595e-01
7.769290447e-01
7.717477158e-01
7.775917135e-01
7.657790729e-01
7.718994172e-01
7.694162578e-01
7.693870440e-01
7.730554830e-01
7.694690590e-01
7.656153842e-01
7.775692347e-01
7.696673413e-01
7.762313460e-01
7.737630554e-01
7.691463482e-01
7.655041940e-01
7.747733858e-01
7.789498726e-01
7.763841608e-01
7.788311138e-01
7.782656474e-01
7.664220165e-01
7.651316878e-01
7.683495128e-01
7.738515873e-01
7.694108033e-01
7.748591122e-01
7.769917658e-01
7.694613455e-01
7.784745846e-01
7.678565447e-01
7.705396676e-01
7.715100136e-01
7.735242941e-01
7.699977061e-01
7.714956338e-01
7.798856212e-01
7.660918496e-01
7.656626715e-01
7.719976823e-01
7.745580363e-01
7.673319196e-01
7.745867607e-01
7.678374639e-01
7.689170473e-01
7.717478867e-01
7.764854971e-01
7.664747581e-01
7.703083530e-01
7.725264437e-01
7.659067344e-01
7.761374787e-01
7.650384190e-01
7.768445203e-01
7.799487149e-01
7.749945977e-01
7.665864946e-01
7.704156000e-01
7.749175478e-01
7.712769201e-01
7.651530345e-01
7.763703186e-01
7.756741386e-01
7.657791433e-01
7.723950817e-01
7.731321554e-01
7.664641286e-01
7.662051510e-01
7.773763050e-01
7.799585997e-01
7.712278404e-01
7.736440872e-01
7.693542086e-01
7.689570294e-01
7.708051001e-01
7.721470939e-01
7.714256507e-01
7.792455533e-01
7.760815856e-01
7.755177518e-01
7.743469194e-01
7.685575518e-01
7.713306721e-01
7.660611518e-01
7.696629044e-01
7.692022979e-01
7.786254462e-01
7.798110286e-01
7.686219464e-01
7.733872334e-01
7.755283065e-01
7.763817737e-01
7.772175766e-01
7.753341064e-01
7.692958781e-01
7.688435713e-01
7.731316823e-01
7.751690318e-01
7.712935070e-01
7.791173079e-01
7.681623348e-01
7.655423149e-01
7.733804376e-01
7.661905115e-01
7.749861423e-01
7.790136349e-01
7.797908736e-01
7.782589681e-01
7.656205288e-01
7.664014836e-01
7.659133870e-01
7.682105822e-01
7.652450195e-01
7.746524222e-01
7.723931912e-01
7.692237255e-01
7.675574663e-01
7.781580661e-01
7.707815264e-01
7.721739876e-01
7.770304390e-01
7.699787732e-01
7.690649875e-01
7.731807496e-01
7.704258062e-01
7.733027027e-01
7.729791135e-01
7.702860581e-01
7.764461577e-01
7.717168314e-01
7.779036811e-01
7.757376344e-01
7.795570678e-01
7.781885653e-01
7.674586127e-01
7.682747618e-01
7.728437111e-01
7.674757176e-01
7.674768410e-01
7.707426934e-01
7.662147565e-01
7.675390697e-01
7.723489551e-01
7.790994064e-01
7.692960711e-01
7.679807293e-01
7.681455597e-01
7.787417055e-01
7.693164457e-01
7.784755249e-01
7.713516678e-01
7.723408819e-01
7.774421672e-01
7.665106053e-01
7.762971044e-01
7.732820261e-01
7.746991664e-01
7.654403570e-01
7.675755747e-01
7.651210368e-01
7.753020481e-01
7.795079849e-01
7.678489365e-01
7.743968806e-01
7.677544654e-01
7.742352648e-01
7.779511891e-01
7.653932725e-01
7.794538037e-01
7.664603230e-01
7.680075925e-01
7.794354495e-01
7.667393690e-01
7.653055840e-01
7.731513973e-01
7.750610499e-01
7.675864050e-01
7.700601358e-01
7.739887445e-01
7.669058871e-01
7.699791639e-01
7.783548202e-01
7.655297496e-01
7.718907044e-01
7.678910840e-01
7.743022944e-01
7.706872673e-01
7.766620556e-01
7.660959531e-01
7.715086140e-01
7.784221596e-01
7.754702882e-01
7.707052478e-01
7.740670158e-01
7.714585368e-01
7.674611135e-01
7.746454587e-01
7.700904992e-01
7.651762089e-01
7.776516347e-01
7.738264388e-01
7.656795697e-01
7.659541615e-01
7.766985059e-01
7.780121911e-01
7.763301418e-01
7.671560465e-01
7.746607113e-01
7.766554181e-01
7.759319485e-01
7.741686266e-01
7.791896866e-01
7.793489615e-01
7.654761051e-01
7.707608626e-01
7.655489882e-01
7.681525975e-01
7.661183534e-01
7.733450587e-01
7.783843477e-01
7.707920695e-01
7.717416040e-01
7.794809102e-01
7.680317477e-01
7.679292631e-01
7.782840643e-01
7.687950318e-01
7.764824200e-01
7.692698912e-01
7.750698761e-01
7.774171498e-01
7.676616844e-01
7.780481371e-01
7.708036927e-01
7.691480080e-01
7.700600357e-01
7.663709104e-01
7.725579695e-01
7.795264697e-01
7.698751009e-01
7.745425083e-01
7.794469547e-01
7.771611660e-01
7.796091334e-01
7.678537983e-01
7.681786257e-01
7.717999135e-01
7.650106573e-01
7.732798212e-01
7.758321093e-01
7.743557711e-01
7.662221114e-01
7.693211364e-01
7.689748761e-01
7.723740879e-01
7.690744437e-01
7.677933107e-01
7.785072009e-01
7.743954469e-01
7.672838734e-01
7.665628217e-01
7.760593777e-01
7.762744180e-01
