-4.663994711e-01
-4.663884711e-01
-4.663774711e-01
-4.663664711e-01
-4.663554711e-01
-4.663444710e-01
-4.663334710e-01
-4.663224710e-01
-4.663114710e-01
-4.663004710e-01
-4.662894710e-01
-4.662784710e-01
-4.662674710e-01
-4.662564710e-01
-4.662454709e-01
-4.662344709e-01
-4.662234709e-01
-4.662124709e-01
-4.662014709e-01
-4.661904709e-01
-4.661794709e-01
-4.661684709e-01
-4.661574709e-01
-4.661464708e-01
-4.661354708e-01
-4.661244708e-01
-4.661134708e-01
-4.661024708e-01
-4.660914708e-01
-4.660804708e-01
-4.660694708e-01
-4.660584708e-01
-4.660474707e-01
-4.660364707e-01
-4.660254707e-01
-4.660144707e-01
-4.660034707e-01
-4.659924707e-01
-4.659814707e-01
-4.659704707e-01
-4.659594707e-01
-4.659484706e-01
-4.659374706e-01
-4.659264706e-01
-4.659154706e-01
-4.659044706e-01
-4.658934706e-01
-4.658824706e-01
-4.658714706e-01
-4.658604706e-01
-4.658494705e-01
-4.658384705e-01
-4.658274705e-01
-4.658164705e-01
-4.658054705e-01
-4.657944705e-01
-4.657834705e-01
-4.657724705e-01
-4.657614705e-01
-4.657504704e-01
-4.657394704e-01
-4.657284704e-01
-4.657174704e-01
-4.657064704e-01
-4.656954704e-01
-4.656844704e-01
-4.656734704e-01
-4.656624704e-01
-4.656514703e-01
-4.656404703e-01
-4.656294703e-01
-4.656184703e-01
-4.656074703e-01
-4.655964703e-01
-4.655854703e-01
-4.655744703e-01
-4.655634703e-01
-4.655524702e-01
-4.655414702e-01
-4.655304702e-01
-4.655194702e-01
-4.655084702e-01
-4.654974702e-01
-4.654864702e-01
-4.654754702e-01
-4.654644702e-01
-4.654534701e-01
-4.654424701e-01
-4.654314701e-01
-4.654204701e-01
-4.654094701e-01
-4.653984701e-01
-4.653874701e-01
-4.653764701e-01
-4.653654701e-01
-4.653544700e-01
-4.653434700e-01
-4.653324700e-01
-4.653214700e-01
-4.653104700e-01
