-4.630994678e-01
-4.630884678e-01
-4.630774677e-01
-4.630664677e-01
-4.630554677e-01
-4.630444677e-01
-4.630334677e-01
-4.630224677e-01
-4.630114677e-01
-4.630004677e-01
-4.629894677e-01
-4.629784676e-01
-4.629674676e-01
-4.629564676e-01
-4.629454676e-01
-4.629344676e-01
-4.629234676e-01
-4.629124676e-01
-4.629014676e-01
-4.628904676e-01
-4.628794675e-01
-4.628684675e-01
-4.628574675e-01
-4.628464675e-01
-4.628354675e-01
-4.628244675e-01
-4.628134675e-01
-4.628024675e-01
-4.627914675e-01
-4.627804674e-01
-4.627694674e-01
-4.627584674e-01
-4.627474674e-01
-4.627364674e-01
-4.627254674e-01
-4.627144674e-01
-4.627034674e-01
-4.626924674e-01
-4.626814673e-01
-4.626704673e-01
-4.626594673e-01
-4.626484673e-01
-4.626374673e-01
-4.626264673e-01
-4.626154673e-01
-4.626044673e-01
-4.625934673e-01
-4.625824672e-01
-4.625714672e-01
-4.625604672e-01
-4.625494672e-01
-4.625384672e-01
-4.625274672e-01
-4.625164672e-01
-4.625054672e-01
-4.624944672e-01
-4.624834671e-01
-4.624724671e-01
-4.624614671e-01
-4.624504671e-01
-4.624394671e-01
-4.624284671e-01
-4.624174671e-01
-4.624064671e-01
-4.623954671e-01
-4.623844670e-01
-4.623734670e-01
-4.623624670e-01
-4.623514670e-01
-4.623404670e-01
-4.623294670e-01
-4.623184670e-01
-4.623074670e-01
-4.622964670e-01
-4.622854669e-01
-4.622744669e-01
-4.622634669e-01
-4.622524669e-01
-4.622414669e-01
-4.622304669e-01
-4.622194669e-01
-4.622084669e-01
-4.621974669e-01
-4.621864668e-01
-4.621754668e-01
-4.621644668e-01
-4.621534668e-01
-4.621424668e-01
-4.621314668e-01
-4.621204668e-01
-4.621094668e-01
-4.620984668e-01
-4.620874667e-01
-4.620764667e-01
-4.620654667e-01
-4.620544667e-01
-4.620434667e-01
-4.620324667e-01
-4.620214667e-01
-4.620104667e-01
