-4.949995000e-01
-4.949885000e-01
-4.949775000e-01
-4.949665000e-01
-4.949554999e-01
-4.949444999e-01
-4.949334999e-01
-4.949224999e-01
-4.949114999e-01
-4.949004999e-01
-4.948894999e-01
-4.948784999e-01
-4.948674999e-01
-4.948564998e-01
-4.948454998e-01
-4.948344998e-01
-4.948234998e-01
-4.948124998e-01
-4.948014998e-01
-4.947904998e-01
-4.947794998e-01
-4.947684998e-01
-4.947574997e-01
-4.947464997e-01
-4.947354997e-01
-4.947244997e-01
-4.947134997e-01
-4.947024997e-01
-4.946914997e-01
-4.946804997e-01
-4.946694997e-01
-4.946584996e-01
-4.946474996e-01
-4.946364996e-01
-4.946254996e-01
-4.946144996e-01
-4.946034996e-01
-4.945924996e-01
-4.945814996e-01
-4.945704996e-01
-4.945594995e-01
-4.945484995e-01
-4.945374995e-01
-4.945264995e-01
-4.945154995e-01
-4.945044995e-01
-4.944934995e-01
-4.944824995e-01
-4.944714995e-01
-4.944604994e-01
-4.944494994e-01
-4.944384994e-01
-4.944274994e-01
-4.944164994e-01
-4.944054994e-01
-4.943944994e-01
-4.943834994e-01
-4.943724994e-01
-4.943614993e-01
-4.943504993e-01
-4.943394993e-01
-4.943284993e-01
-4.943174993e-01
-4.943064993e-01
-4.942954993e-01
-4.942844993e-01
-4.942734993e-01
-4.942624992e-01
-4.942514992e-01
-4.942404992e-01
-4.942294992e-01
-4.942184992e-01
-4.942074992e-01
-4.941964992e-01
-4.941854992e-01
-4.941744992e-01
-4.941634991e-01
-4.941524991e-01
-4.941414991e-01
-4.941304991e-01
-4.941194991e-01
-4.941084991e-01
-4.940974991e-01
-4.940864991e-01
-4.940754991e-01
-4.940644990e-01
-4.940534990e-01
-4.940424990e-01
-4.940314990e-01
-4.940204990e-01
-4.940094990e-01
-4.939984990e-01
-4.939874990e-01
-4.939764990e-01
-4.939654989e-01
-4.939544989e-01
-4.939434989e-01
-4.939324989e-01
-4.939214989e-01
-4.939104989e-01
