-4.938994989e-01
-4.938884989e-01
-4.938774989e-01
-4.938664988e-01
-4.938554988e-01
-4.938444988e-01
-4.938334988e-01
-4.938224988e-01
-4.938114988e-01
-4.938004988e-01
-4.937894988e-01
-4.937784988e-01
-4.937674987e-01
-4.937564987e-01
-4.937454987e-01
-4.937344987e-01
-4.937234987e-01
-4.937124987e-01
-4.937014987e-01
-4.936904987e-01
-4.936794987e-01
-4.936684986e-01
-4.936574986e-01
-4.936464986e-01
-4.936354986e-01
-4.936244986e-01
-4.936134986e-01
-4.936024986e-01
-4.935914986e-01
-4.935804986e-01
-4.935694985e-01
-4.935584985e-01
-4.935474985e-01
-4.935364985e-01
-4.935254985e-01
-4.935144985e-01
-4.935034985e-01
-4.934924985e-01
-4.934814985e-01
-4.934704984e-01
-4.934594984e-01
-4.934484984e-01
-4.934374984e-01
-4.934264984e-01
-4.934154984e-01
-4.934044984e-01
-4.933934984e-01
-4.933824984e-01
-4.933714983e-01
-4.933604983e-01
-4.933494983e-01
-4.933384983e-01
-4.933274983e-01
-4.933164983e-01
-4.933054983e-01
-4.932944983e-01
-4.932834983e-01
-4.932724982e-01
-4.932614982e-01
-4.932504982e-01
-4.932394982e-01
-4.932284982e-01
-4.932174982e-01
-4.932064982e-01
-4.931954982e-01
-4.931844982e-01
-4.931734981e-01
-4.931624981e-01
-4.931514981e-01
-4.931404981e-01
-4.931294981e-01
-4.931184981e-01
-4.931074981e-01
-4.930964981e-01
-4.930854981e-01
-4.930744980e-01
-4.930634980e-01
-4.930524980e-01
-4.930414980e-01
-4.930304980e-01
-4.930194980e-01
-4.930084980e-01
-4.929974980e-01
-4.929864980e-01
-4.929754979e-01
-4.929644979e-01
-4.929534979e-01
-4.929424979e-01
-4.929314979e-01
-4.929204979e-01
-4.929094979e-01
-4.928984979e-01
-4.928874979e-01
-4.928764978e-01
-4.928654978e-01
-4.928544978e-01
-4.928434978e-01
-4.928324978e-01
-4.928214978e-01
-4.928104978e-01
