-3.354993389e-01
-3.354883389e-01
-3.354773389e-01
-3.354663388e-01
-3.354553388e-01
-3.354443388e-01
-3.354333388e-01
-3.354223388e-01
-3.354113388e-01
-3.354003388e-01
-3.353893388e-01
-3.353783388e-01
-3.353673387e-01
-3.353563387e-01
-3.353453387e-01
-3.353343387e-01
-3.353233387e-01
-3.353123387e-01
-3.353013387e-01
-3.352903387e-01
-3.352793387e-01
-3.352683386e-01
-3.352573386e-01
-3.352463386e-01
-3.352353386e-01
-3.352243386e-01
-3.352133386e-01
-3.352023386e-01
-3.351913386e-01
-3.351803386e-01
-3.351693385e-01
-3.351583385e-01
-3.351473385e-01
-3.351363385e-01
-3.351253385e-01
-3.351143385e-01
-3.351033385e-01
-3.350923385e-01
-3.350813385e-01
-3.350703384e-01
-3.350593384e-01
-3.350483384e-01
-3.350373384e-01
-3.350263384e-01
-3.350153384e-01
-3.350043384e-01
-3.349933384e-01
-3.349823384e-01
-3.349713383e-01
-3.349603383e-01
-3.349493383e-01
-3.349383383e-01
-3.349273383e-01
-3.349163383e-01
-3.349053383e-01
-3.348943383e-01
-3.348833383e-01
-3.348723382e-01
-3.348613382e-01
-3.348503382e-01
-3.348393382e-01
-3.348283382e-01
-3.348173382e-01
-3.348063382e-01
-3.347953382e-01
-3.347843382e-01
-3.347733381e-01
-3.347623381e-01
-3.347513381e-01
-3.347403381e-01
-3.347293381e-01
-3.347183381e-01
-3.347073381e-01
-3.346963381e-01
-3.346853381e-01
-3.346743380e-01
-3.346633380e-01
-3.346523380e-01
-3.346413380e-01
-3.346303380e-01
-3.346193380e-01
-3.346083380e-01
-3.345973380e-01
-3.345863380e-01
-3.345753379e-01
-3.345643379e-01
-3.345533379e-01
-3.345423379e-01
-3.345313379e-01
-3.345203379e-01
-3.345093379e-01
-3.344983379e-01
-3.344873379e-01
-3.344763378e-01
-3.344653378e-01
-3.344543378e-01
-3.344433378e-01
-3.344323378e-01
-3.344213378e-01
-3.344103378e-01
