-2.265992289e-01
-2.265882289e-01
-2.265772289e-01
-2.265662288e-01
-2.265552288e-01
-2.265442288e-01
-2.265332288e-01
-2.265222288e-01
-2.265112288e-01
-2.265002288e-01
-2.264892288e-01
-2.264782288e-01
-2.264672287e-01
-2.264562287e-01
-2.264452287e-01
-2.264342287e-01
-2.264232287e-01
-2.264122287e-01
-2.264012287e-01
-2.263902287e-01
-2.263792287e-01
-2.263682286e-01
-2.263572286e-01
-2.263462286e-01
-2.263352286e-01
-2.263242286e-01
-2.263132286e-01
-2.263022286e-01
-2.262912286e-01
-2.262802286e-01
-2.262692285e-01
-2.262582285e-01
-2.262472285e-01
-2.262362285e-01
-2.262252285e-01
-2.262142285e-01
-2.262032285e-01
-2.261922285e-01
-2.261812285e-01
-2.261702284e-01
-2.261592284e-01
-2.261482284e-01
-2.261372284e-01
-2.261262284e-01
-2.261152284e-01
-2.261042284e-01
-2.260932284e-01
-2.260822284e-01
-2.260712283e-01
-2.260602283e-01
-2.260492283e-01
-2.260382283e-01
-2.260272283e-01
-2.260162283e-01
-2.260052283e-01
-2.259942283e-01
-2.259832283e-01
-2.259722282e-01
-2.259612282e-01
-2.259502282e-01
-2.259392282e-01
-2.259282282e-01
-2.259172282e-01
-2.259062282e-01
-2.258952282e-01
-2.258842282e-01
-2.258732281e-01
-2.258622281e-01
-2.258512281e-01
-2.258402281e-01
-2.258292281e-01
-2.258182281e-01
-2.258072281e-01
-2.257962281e-01
-2.257852281e-01
-2.257742280e-01
-2.257632280e-01
-2.257522280e-01
-2.257412280e-01
-2.257302280e-01
-2.257192280e-01
-2.257082280e-01
-2.256972280e-01
-2.256862280e-01
-2.256752279e-01
-2.256642279e-01
-2.256532279e-01
-2.256422279e-01
-2.256312279e-01
-2.256202279e-01
-2.256092279e-01
-2.255982279e-01
-2.255872279e-01
-2.255762278e-01
-2.255652278e-01
-2.255542278e-01
-2.255432278e-01
-2.255322278e-01
-2.255212278e-01
-2.255102278e-01
