-7.215997289e-01
-7.215887289e-01
-7.215777289e-01
-7.215667289e-01
-7.215557288e-01
-7.215447288e-01
-7.215337288e-01
-7.215227288e-01
-7.215117288e-01
-7.215007288e-01
-7.214897288e-01
-7.214787288e-01
-7.214677288e-01
-7.214567287e-01
-7.214457287e-01
-7.214347287e-01
-7.214237287e-01
-7.214127287e-01
-7.214017287e-01
-7.213907287e-01
-7.213797287e-01
-7.213687287e-01
-7.213577286e-01
-7.213467286e-01
-7.213357286e-01
-7.213247286e-01
-7.213137286e-01
-7.213027286e-01
-7.212917286e-01
-7.212807286e-01
-7.212697286e-01
-7.212587285e-01
-7.212477285e-01
-7.212367285e-01
-7.212257285e-01
-7.212147285e-01
-7.212037285e-01
-7.211927285e-01
-7.211817285e-01
-7.211707285e-01
-7.211597284e-01
-7.211487284e-01
-7.211377284e-01
-7.211267284e-01
-7.211157284e-01
-7.211047284e-01
-7.210937284e-01
-7.210827284e-01
-7.210717284e-01
-7.210607283e-01
-7.210497283e-01
-7.210387283e-01
-7.210277283e-01
-7.210167283e-01
-7.210057283e-01
-7.209947283e-01
-7.209837283e-01
-7.209727283e-01
-7.209617282e-01
-7.209507282e-01
-7.209397282e-01
-7.209287282e-01
-7.209177282e-01
-7.209067282e-01
-7.208957282e-01
-7.208847282e-01
-7.208737282e-01
-7.208627281e-01
-7.208517281e-01
-7.208407281e-01
-7.208297281e-01
-7.208187281e-01
-7.208077281e-01
-7.207967281e-01
-7.207857281e-01
-7.207747281e-01
-7.207637280e-01
-7.207527280e-01
-7.207417280e-01
-7.207307280e-01
-7.207197280e-01
-7.207087280e-01
-7.206977280e-01
-7.206867280e-01
-7.206757280e-01
-7.206647279e-01
-7.206537279e-01
-7.206427279e-01
-7.206317279e-01
-7.206207279e-01
-7.206097279e-01
-7.205987279e-01
-7.205877279e-01
-7.205767279e-01
-7.205657278e-01
-7.205547278e-01
-7.205437278e-01
-7.205327278e-01
-7.205217278e-01
-7.205107278e-01
