-4.953921e-01
-4.950924e-01
-4.947926e-01
-4.944928e-01
-4.941931e-01
-4.938933e-01
-4.935935e-01
-4.932938e-01
-4.929940e-01
-4.926942e-01
-4.923945e-01
-4.920947e-01
-4.917949e-01
-4.914952e-01
-4.911954e-01
-4.908956e-01
-4.905959e-01
-4.902961e-01
-4.899963e-01
-4.896966e-01
-4.893968e-01
-4.890970e-01
-4.887973e-01
-4.884975e-01
-4.881977e-01
-4.878980e-01
-4.875982e-01
-4.872984e-01
-4.869987e-01
-4.866989e-01
-4.863991e-01
-4.860994e-01
-4.857996e-01
-4.854998e-01
-4.852001e-01
-4.849003e-01
-4.846005e-01
-4.843008e-01
-4.840010e-01
-4.837012e-01
