-3.155322e-01
-3.152324e-01
-3.149326e-01
-3.146329e-01
-3.143331e-01
-3.140333e-01
-3.137336e-01
-3.134338e-01
-3.131340e-01
-3.128343e-01
-3.125345e-01
-3.122347e-01
-3.119350e-01
-3.116352e-01
-3.113354e-01
-3.110357e-01
-3.107359e-01
-3.104361e-01
-3.101364e-01
-3.098366e-01
-3.095368e-01
-3.092371e-01
-3.089373e-01
-3.086375e-01
-3.083378e-01
-3.080380e-01
-3.077382e-01
-3.074385e-01
-3.071387e-01
-3.068389e-01
-3.065392e-01
-3.062394e-01
-3.059396e-01
-3.056399e-01
-3.053401e-01
-3.050403e-01
-3.047406e-01
-3.044408e-01
-3.041410e-01
-3.038413e-01
