-2.076162e-01
-2.073164e-01
-2.070167e-01
-2.067169e-01
-2.064171e-01
-2.061174e-01
-2.058176e-01
-2.055178e-01
-2.052181e-01
-2.049183e-01
-2.046185e-01
-2.043188e-01
-2.040190e-01
-2.037192e-01
-2.034195e-01
-2.031197e-01
-2.028199e-01
-2.025202e-01
-2.022204e-01
-2.019206e-01
-2.016209e-01
-2.013211e-01
-2.010213e-01
-2.007216e-01
-2.004218e-01
-2.001220e-01
-1.998223e-01
-1.995225e-01
-1.992227e-01
-1.989230e-01
-1.986232e-01
-1.983234e-01
-1.980237e-01
-1.977239e-01
-1.974241e-01
-1.971244e-01
-1.968246e-01
-1.965248e-01
-1.962251e-01
-1.959253e-01
