-2.392392e-02
-2.382382e-02
-2.372372e-02
-2.362362e-02
-2.352352e-02
-2.342342e-02
-2.332332e-02
-2.322322e-02
-2.312312e-02
-2.302302e-02
-2.292292e-02
-2.282282e-02
-2.272272e-02
-2.262262e-02
-2.252252e-02
-2.242242e-02
-2.232232e-02
-2.222222e-02
-2.212212e-02
-2.202202e-02
-2.192192e-02
-2.182182e-02
-2.172172e-02
-2.162162e-02
-2.152152e-02
-2.142142e-02
-2.132132e-02
-2.122122e-02
-2.112112e-02
-2.102102e-02
-2.092092e-02
-2.082082e-02
-2.072072e-02
-2.062062e-02
-2.052052e-02
-2.042042e-02
-2.032032e-02
-2.022022e-02
-2.012012e-02
-2.002002e-02
