-8.910840e-01
-8.907843e-01
-8.904845e-01
-8.901847e-01
-8.898850e-01
-8.895852e-01
-8.892854e-01
-8.889857e-01
-8.886859e-01
-8.883861e-01
-8.880864e-01
-8.877866e-01
-8.874868e-01
-8.871871e-01
-8.868873e-01
-8.865875e-01
-8.862878e-01
-8.859880e-01
-8.856882e-01
-8.853885e-01
-8.850887e-01
-8.847889e-01
-8.844892e-01
-8.841894e-01
-8.838896e-01
-8.835899e-01
-8.832901e-01
-8.829903e-01
-8.826906e-01
-8.823908e-01
-8.820910e-01
-8.817913e-01
-8.814915e-01
-8.811917e-01
-8.808920e-01
-8.805922e-01
-8.802924e-01
-8.799927e-01
-8.796929e-01
-8.793931e-01
