-3.717993755e-01
-3.717883755e-01
-3.717773755e-01
-3.717663755e-01
-3.717553755e-01
-3.717443755e-01
-3.717333755e-01
-3.717223755e-01
-3.717113755e-01
-3.717003754e-01
-3.716893754e-01
-3.716783754e-01
-3.716673754e-01
-3.716563754e-01
-3.716453754e-01
-3.716343754e-01
-3.716233754e-01
-3.716123754e-01
-3.716013753e-01
-3.715903753e-01
-3.715793753e-01
-3.715683753e-01
-3.715573753e-01
-3.715463753e-01
-3.715353753e-01
-3.715243753e-01
-3.715133753e-01
-3.715023752e-01
-3.714913752e-01
-3.714803752e-01
-3.714693752e-01
-3.714583752e-01
-3.714473752e-01
-3.714363752e-01
-3.714253752e-01
-3.714143752e-01
-3.714033751e-01
-3.713923751e-01
-3.713813751e-01
-3.713703751e-01
-3.713593751e-01
-3.713483751e-01
-3.713373751e-01
-3.713263751e-01
-3.713153751e-01
-3.713043750e-01
-3.712933750e-01
-3.712823750e-01
-3.712713750e-01
-3.712603750e-01
-3.712493750e-01
-3.712383750e-01
-3.712273750e-01
-3.712163750e-01
-3.712053749e-01
-3.711943749e-01
-3.711833749e-01
-3.711723749e-01
-3.711613749e-01
-3.711503749e-01
-3.711393749e-01
-3.711283749e-01
-3.711173749e-01
-3.711063748e-01
-3.710953748e-01
-3.710843748e-01
-3.710733748e-01
-3.710623748e-01
-3.710513748e-01
-3.710403748e-01
-3.710293748e-01
-3.710183748e-01
-3.710073747e-01
-3.709963747e-01
-3.709853747e-01
-3.709743747e-01
-3.709633747e-01
-3.709523747e-01
-3.709413747e-01
-3.709303747e-01
-3.709193747e-01
-3.709083746e-01
-3.708973746e-01
-3.708863746e-01
-3.708753746e-01
-3.708643746e-01
-3.708533746e-01
-3.708423746e-01
-3.708313746e-01
-3.708203746e-01
-3.708093745e-01
-3.707983745e-01
-3.707873745e-01
-3.707763745e-01
-3.707653745e-01
-3.707543745e-01
-3.707433745e-01
-3.707323745e-01
-3.707213745e-01
-3.707103744e-01
