-5.719905777e-02
-5.718805776e-02
-5.717705775e-02
-5.716605773e-02
-5.715505772e-02
-5.714405771e-02
-5.713305770e-02
-5.712205769e-02
-5.711105768e-02
-5.710005767e-02
-5.708905766e-02
-5.707805765e-02
-5.706705763e-02
-5.705605762e-02
-5.704505761e-02
-5.703405760e-02
-5.702305759e-02
-5.701205758e-02
-5.700105757e-02
-5.699005756e-02
-5.697905755e-02
-5.696805753e-02
-5.695705752e-02
-5.694605751e-02
-5.693505750e-02
-5.692405749e-02
-5.691305748e-02
-5.690205747e-02
-5.689105746e-02
-5.688005745e-02
-5.686905743e-02
-5.685805742e-02
-5.684705741e-02
-5.683605740e-02
-5.682505739e-02
-5.681405738e-02
-5.680305737e-02
-5.679205736e-02
-5.678105735e-02
-5.677005733e-02
-5.675905732e-02
-5.674805731e-02
-5.673705730e-02
-5.672605729e-02
-5.671505728e-02
-5.670405727e-02
-5.669305726e-02
-5.668205725e-02
-5.667105723e-02
-5.666005722e-02
-5.664905721e-02
-5.663805720e-02
-5.662705719e-02
-5.661605718e-02
-5.660505717e-02
-5.659405716e-02
-5.658305715e-02
-5.657205713e-02
-5.656105712e-02
-5.655005711e-02
-5.653905710e-02
-5.652805709e-02
-5.651705708e-02
-5.650605707e-02
-5.649505706e-02
-5.648405705e-02
-5.647305703e-02
-5.646205702e-02
-5.645105701e-02
-5.644005700e-02
-5.642905699e-02
-5.641805698e-02
-5.640705697e-02
-5.639605696e-02
-5.638505695e-02
-5.637405693e-02
-5.636305692e-02
-5.635205691e-02
-5.634105690e-02
-5.633005689e-02
-5.631905688e-02
-5.630805687e-02
-5.629705686e-02
-5.628605685e-02
-5.627505683e-02
-5.626405682e-02
-5.625305681e-02
-5.624205680e-02
-5.623105679e-02
-5.622005678e-02
-5.620905677e-02
-5.619805676e-02
-5.618705675e-02
-5.617605673e-02
-5.616505672e-02
-5.615405671e-02
-5.614305670e-02
-5.613205669e-02
-5.612105668e-02
-5.611005667e-02
