9.020630270e-03
9.025549516e-03
9.031014517e-03
9.034520015e-03
9.037436917e-03
9.038941935e-03
9.040819481e-03
9.052869864e-03
9.053388610e-03
9.066497907e-03
9.071674198e-03
9.077719413e-03
9.077738971e-03
9.094868787e-03
9.099772200e-03
9.102433920e-03
9.106691927e-03
9.109383449e-03
9.119343013e-03
9.120294824e-03
9.123571217e-03
9.124379605e-03
9.129740298e-03
9.136096574e-03
9.136663750e-03
9.145229124e-03
9.151040576e-03
9.154322557e-03
9.158586152e-03
9.159311652e-03
9.163843468e-03
9.163903072e-03
9.164327756e-03
9.165037423e-03
9.173538536e-03
9.176389314e-03
9.178742766e-03
9.186170064e-03
9.188706055e-03
9.193929844e-03
9.194402024e-03
9.202713147e-03
9.204466827e-03
9.204930626e-03
9.209776297e-03
9.211601689e-03
9.214662015e-03
9.222181514e-03
9.223928675e-03
9.226384573e-03
9.228892624e-03
9.230759926e-03
9.230786934e-03
9.238768369e-03
9.243709967e-03
9.250883944e-03
9.254895151e-03
9.259749204e-03
9.268971160e-03
9.280668572e-03
9.281679057e-03
9.284902364e-03
9.287090972e-03
9.287258610e-03
9.292479604e-03
9.293485433e-03
9.297953919e-03
9.298191406e-03
9.303182364e-03
9.304362349e-03
9.311165661e-03
9.311856702e-03
9.312920272e-03
9.313678369e-03
9.314003401e-03
9.317742661e-03
9.321274236e-03
9.321915917e-03
9.325970896e-03
9.326051921e-03
9.326288477e-03
9.327949025e-03
9.332140908e-03
9.335514158e-03
9.343292564e-03
9.343510494e-03
9.344080463e-03
9.354703128e-03
9.357902221e-03
9.364347905e-03
9.364411235e-03
9.364811704e-03
9.372500703e-03
9.382391348e-03
9.387414902e-03
9.393079206e-03
9.398035705e-03
9.400675073e-03
9.401630610e-03
9.407842532e-03
9.410902858e-03
9.412581101e-03
9.415499866e-03
9.424582124e-03
9.425027296e-03
9.430361912e-03
9.431485087e-03
9.438698180e-03
9.442787617e-03
9.451306425e-03
9.451609105e-03
9.460701607e-03
9.461401030e-03
9.461753070e-03
9.475540370e-03
9.476585314e-03
9.476608597e-03
9.477986954e-03
9.479282424e-03
9.487126954e-03
9.489376098e-03
9.491119534e-03
9.493283927e-03
9.495407343e-03
9.512698278e-03
9.514369071e-03
9.514862671e-03
9.526347741e-03
9.528594092e-03
9.530780837e-03
9.534956887e-03
9.547321126e-03
9.550762363e-03
9.564481676e-03
9.565586224e-03
9.577400982e-03
9.577678517e-03
9.578069672e-03
9.579948150e-03
9.584221989e-03
9.592559189e-03
9.592929855e-03
9.598416276e-03
9.615100920e-03
9.615673684e-03
9.622478858e-03
9.627053514e-03
9.637301788e-03
9.643211961e-03
9.648906067e-03
9.658324532e-03
9.661061689e-03
9.662656114e-03
9.663362987e-03
9.665938094e-03
9.666775353e-03
9.680129588e-03
9.686214849e-03
9.687706828e-03
9.689887986e-03
9.691811167e-03
9.692537598e-03
9.699111804e-03
9.700486436e-03
9.705552831e-03
9.708190337e-03
9.711196646e-03
9.715375490e-03
9.723611176e-03
9.729288518e-03
9.729612619e-03
9.757128544e-03
9.760146029e-03
9.760185145e-03
9.765151888e-03
9.787160903e-03
9.789650328e-03
9.802328423e-03
9.805709124e-03
9.807618335e-03
9.809158742e-03
9.821591899e-03
9.824017063e-03
9.827452712e-03
9.830854833e-03
9.832308628e-03
9.832997806e-03
9.840270504e-03
9.847587906e-03
9.853335097e-03
9.870944545e-03
9.879693389e-03
9.880400263e-03
9.895117022e-03
9.901618585e-03
9.910039604e-03
9.912654757e-03
9.919103235e-03
9.925030172e-03
9.932026267e-03
9.938916191e-03
9.942901321e-03
9.942919947e-03
9.947436862e-03
9.948622435e-03
9.956965223e-03
9.969213977e-03
9.971072897e-03
9.973235428e-03
9.976034053e-03
9.976906702e-03
9.978676215e-03
9.979989380e-03
9.980350733e-03
9.982962161e-03
9.984705597e-03
9.985837154e-03
9.985875338e-03
1.000263076e-02
1.000917144e-02
1.001950167e-02
1.002017595e-02
1.002248004e-02
1.002373733e-02
1.002387796e-02
1.002430543e-02
1.002630405e-02
1.002662629e-02
1.002840791e-02
1.006038487e-02
1.006879844e-02
1.007583551e-02
1.007641759e-02
1.007745601e-02
1.007920690e-02
1.008250285e-02
1.008346304e-02
1.008475572e-02
1.008787937e-02
1.009402610e-02
1.009528711e-02
1.010046341e-02
1.010188274e-02
1.010601316e-02
1.010666974e-02
1.011143811e-02
1.011852361e-02
1.012587547e-02
1.012689993e-02
1.012853161e-02
1.012924500e-02
1.014074683e-02
1.014521159e-02
1.014896203e-02
1.015310735e-02
1.015508547e-02
1.016357355e-02
1.019061729e-02
1.019374467e-02
1.019440033e-02
1.019516028e-02
1.019561663e-02
1.019564830e-02
1.021659467e-02
1.021703519e-02
1.021993905e-02
1.022374257e-02
1.023284532e-02
1.023637038e-02
1.024080440e-02
1.024218369e-02
1.024259720e-02
1.024650037e-02
1.025387738e-02
1.025872584e-02
1.025969908e-02
1.026075147e-02
1.026456803e-02
1.027125027e-02
1.027688570e-02
1.028032508e-02
1.028724760e-02
1.028863341e-02
1.029140316e-02
1.029976457e-02
1.031029969e-02
1.031259075e-02
1.031810604e-02
1.031954028e-02
1.031986810e-02
1.033159532e-02
1.033812948e-02
1.034283824e-02
1.034813002e-02
1.035011280e-02
1.035855338e-02
1.036852505e-02
1.037610509e-02
1.037745923e-02
1.037901919e-02
1.037996914e-02
1.038226951e-02
1.038726792e-02
1.038840413e-02
1.039104536e-02
1.039230265e-02
1.039297506e-02
1.040766574e-02
1.040811092e-02
1.042664237e-02
1.043482777e-02
1.046223566e-02
1.047337800e-02
1.047427580e-02
1.047965325e-02
1.048347726e-02
1.048691012e-02
1.049100980e-02
1.049153414e-02
1.049572229e-02
1.049575955e-02
1.050413586e-02
1.050483156e-02
1.050620526e-02
1.050643250e-02
1.051678509e-02
1.052574255e-02
1.052624267e-02
1.053038053e-02
1.053434797e-02
1.053693146e-02
1.054606121e-02
1.055013295e-02
1.055103727e-02
1.055260003e-02
1.055828854e-02
1.056151465e-02
1.056720316e-02
1.056789979e-02
1.057774015e-02
1.058942825e-02
1.059409603e-02
1.060077362e-02
1.060112286e-02
1.060724910e-02
1.061165705e-02
1.061351877e-02
1.061397605e-02
1.062817127e-02
1.063008513e-02
1.063332148e-02
1.063509472e-02
1.063968427e-02
1.064941473e-02
1.065033861e-02
1.065341756e-02
1.065380499e-02
1.065526903e-02
1.065552048e-02
1.066536643e-02
1.066545583e-02
1.067213155e-02
1.068963204e-02
1.069030911e-02
1.070175506e-02
1.070309244e-02
1.070586406e-02
1.073915698e-02
1.074263919e-02
1.074322220e-02
1.076342259e-02
1.076901704e-02
1.077575795e-02
1.078092121e-02
1.078323647e-02
1.079087332e-02
1.079467870e-02
1.080613211e-02
1.081018895e-02
1.081158593e-02
1.081413031e-02
1.081568282e-02
1.081688143e-02
1.081732381e-02
1.082257647e-02
1.082324795e-02
1.082654484e-02
1.082843356e-02
1.083067432e-02
1.084006019e-02
1.084178686e-02
1.084498875e-02
1.084501669e-02
1.084941253e-02
1.086164825e-02
1.086366735e-02
1.086579729e-02
1.087126136e-02
1.087293029e-02
1.087309048e-02
