2.321446482e-05
2.324501475e-05
2.340608989e-05
2.348553244e-05
2.349025272e-05
2.357247104e-05
2.359471728e-05
2.368253263e-05
2.368485730e-05
2.381802915e-05
2.382320963e-05
2.384275285e-05
2.384938671e-05
2.395054980e-05
2.399573350e-05
2.401730126e-05
2.408124237e-05
2.433636655e-05
2.444403253e-05
2.450536158e-05
2.452230729e-05
2.452422632e-05
2.457877963e-05
2.458511699e-05
2.463489000e-05
2.471610424e-05
2.483698336e-05
2.485251389e-05
2.489260442e-05
2.490293082e-05
2.507052704e-05
2.507733188e-05
2.507914360e-05
2.514745029e-05
2.520389353e-05
2.521145143e-05
2.528734331e-05
2.535272506e-05
2.546084033e-05
2.546277574e-05
2.558933011e-05
2.560895155e-05
2.575875078e-05
2.592085912e-05
2.592890814e-05
2.593051795e-05
2.602574023e-05
2.623347427e-05
2.625273009e-05
2.626360401e-05
2.635107921e-05
2.639812556e-05
2.640236380e-05
2.647434849e-05
2.656263132e-05
2.657060941e-05
2.658371523e-05
2.659063102e-05
2.664263411e-05
2.665839020e-05
2.689755820e-05
2.695533840e-05
2.696626143e-05
2.706890700e-05
2.712450441e-05
2.713481990e-05
2.721945020e-05
2.725954073e-05
2.745060374e-05
2.751029751e-05
2.755529022e-05
2.759061863e-05
2.759085510e-05
2.766932448e-05
2.772779590e-05
2.774574205e-05
2.781719559e-05
2.783138552e-05
2.797077104e-05
2.801343908e-05
2.805571967e-05
2.813427818e-05
2.822684473e-05
2.827175012e-05
2.829833284e-05
2.833382678e-05
2.843486072e-05
2.856732317e-05
2.857836989e-05
2.860190216e-05
2.862751899e-05
2.868860975e-05
2.880341162e-05
2.882064109e-05
2.891479562e-05
2.898320417e-05
2.901794323e-05
2.908570787e-05
2.913872777e-05
2.920938459e-05
2.923712418e-05
2.934230179e-05
2.934678560e-05
2.939235856e-05
2.942973515e-05
2.944751941e-05
2.944889457e-05
2.944952030e-05
2.950570160e-05
2.959099947e-05
2.960444726e-05
2.961099744e-05
2.963807674e-05
2.972141920e-05
2.972308357e-05
2.972812399e-05
2.975226926e-05
2.986981417e-05
2.998131095e-05
3.004800965e-05
3.009749344e-05
3.018441384e-05
3.020772056e-05
3.030210064e-05
3.030252446e-05
3.031707092e-05
3.060783274e-05
3.069674858e-05
3.070654930e-05
3.075879431e-05
3.082322291e-05
3.084497803e-05
3.092802581e-05
3.095392094e-05
3.101582115e-05
3.101874609e-05
3.105355063e-05
3.106208896e-05
3.118704626e-05
3.121962436e-05
3.123401621e-05
3.131257836e-05
3.141208072e-05
3.142072455e-05
3.153261059e-05
3.156286402e-05
3.165413364e-05
3.166871466e-05
3.174645826e-05
3.190323332e-05
3.199033745e-05
3.200495121e-05
3.200628635e-05
3.203768938e-05
3.208861017e-05
3.219900100e-05
3.220845974e-05
3.221976294e-05
3.233724783e-05
3.248407666e-05
3.259748701e-05
3.260580706e-05
3.271205787e-05
3.280769306e-05
3.282886973e-05
3.286169158e-05
3.309085150e-05
3.319518510e-05
3.333235509e-05
3.340481271e-05
3.343032949e-05
3.350756378e-05
3.351017222e-05
3.354755972e-05
3.360992559e-05
3.369695696e-05
3.370793274e-05
3.375394954e-05
3.379056579e-05
3.392913277e-05
3.411790749e-05
3.417302287e-05
3.424739043e-05
3.431447840e-05
3.434427708e-05
3.435149847e-05
3.439657667e-05
3.441147783e-05
3.452005694e-05
3.455338447e-05
3.460148218e-05
3.465961345e-05
3.473644756e-05
3.481336535e-05
3.481862950e-05
3.482897955e-05
3.490244490e-05
3.490419840e-05
3.497253419e-05
3.503500920e-05
3.523546184e-05
3.536105942e-05
3.546134394e-05
3.553878923e-05
3.554141949e-05
3.555755757e-05
3.565429142e-05
3.565558291e-05
3.567807653e-05
3.581470810e-05
3.582913268e-05
3.591373024e-05
3.597680916e-05
3.604304584e-05
3.612011278e-05
3.613453373e-05
3.615052265e-05
3.622900113e-05
3.624364763e-05
3.630754509e-05
3.633988308e-05
3.636429028e-05
3.638321141e-05
3.645630204e-05
3.646827827e-05
3.648142592e-05
3.649002974e-05
3.650214057e-05
3.652096711e-05
3.664102042e-05
3.672045204e-05
3.678260691e-05
3.683241084e-05
3.686324635e-05
3.689971345e-05
3.703497350e-05
3.707173892e-05
3.709002340e-05
3.710557212e-05
3.715987259e-05
3.730431490e-05
3.733308768e-05
3.740782631e-05
3.741136243e-05
3.749230746e-05
3.750203541e-05
3.759541505e-05
3.769152318e-05
3.773179560e-05
3.773725985e-05
3.778660175e-05
3.778711107e-05
3.783950524e-05
3.783973443e-05
3.785327135e-05
3.789502443e-05
3.803639629e-05
3.810280032e-05
3.811870192e-05
3.813813601e-05
3.814453521e-05
3.814925003e-05
3.815325181e-05
3.816921890e-05
3.816983372e-05
3.818280311e-05
3.822413419e-05
3.824274609e-05
3.837255281e-05
3.841841317e-05
3.844132152e-05
3.849697168e-05
3.855298201e-05
3.858215132e-05
3.858427590e-05
3.858835407e-05
3.861375080e-05
3.862640006e-05
3.864212704e-05
3.866353654e-05
3.871512672e-05
3.873414607e-05
3.876799383e-05
3.878646748e-05
3.884012403e-05
3.885637125e-05
3.894543624e-05
3.898623618e-05
3.913536057e-05
3.922246469e-05
3.922866017e-05
3.927435682e-05
3.927685975e-05
3.928614024e-05
3.949723396e-05
3.954293425e-05
3.970902617e-05
3.977077722e-05
3.979398025e-05
3.986755110e-05
3.989903780e-05
3.990751793e-05
3.993300925e-05
4.007141615e-05
4.009287659e-05
4.012520367e-05
4.017224273e-05
4.020359484e-05
4.023113434e-05
4.023539441e-05
4.027441537e-05
4.033403457e-05
4.037528561e-05
4.048458868e-05
4.051377982e-05
4.057939077e-05
4.061228174e-05
4.068217822e-05
4.069047645e-05
4.076333789e-05
4.095892291e-05
4.104279651e-05
4.104950494e-05
4.109362271e-05
4.109824295e-05
4.116659329e-05
4.134314077e-05
4.137707583e-05
4.140081001e-05
4.154815178e-05
4.155055285e-05
4.155627903e-05
4.163041740e-05
4.163403355e-05
4.166725557e-05
4.168077430e-05
4.176103175e-05
4.178808013e-05
4.186832666e-05
4.199751493e-05
4.206019366e-05
4.207927122e-05
4.212772910e-05
4.218581307e-05
4.234177686e-05
4.239433474e-05
4.243449075e-05
4.244551383e-05
4.258003173e-05
4.273873856e-05
4.274226376e-05
4.275444735e-05
4.275494939e-05
4.280157373e-05
4.281217116e-05
4.289616118e-05
4.290086144e-05
4.294422979e-05
4.297451596e-05
4.305670154e-05
4.313447425e-05
4.314959369e-05
4.318676292e-05
4.318721767e-05
4.320216249e-05
4.321407323e-05
4.325705231e-05
4.328855721e-05
4.332339086e-05
4.340345913e-05
4.341436579e-05
4.342703323e-05
4.349765368e-05
4.354541670e-05
4.355755664e-05
4.361416359e-05
4.362503751e-05
4.362627806e-05
4.366354551e-05
4.366547728e-05
4.366824214e-05
4.379319216e-05
4.384398926e-05
4.395829819e-05
4.401835758e-05
4.402604827e-05
4.406796143e-05
4.413434726e-05
4.416312004e-05
4.425554289e-05
4.434482980e-05
4.434555740e-05
4.446363891e-05
4.452745998e-05
4.455274029e-05
4.459456613e-05
4.466701648e-05
4.468520274e-05
4.471111242e-05
4.476842150e-05
