3.799077888e-07
2.481514514e-07
6.381926028e-07
4.401678382e-07
5.986839824e-07
7.370192066e-07
5.406587320e-07
3.594910538e-07
9.560136505e-07
3.088833864e-07
2.309390936e-07
1.029878760e-07
2.906266161e-07
6.428584243e-07
5.713681617e-07
4.927755981e-07
9.218926493e-07
4.600582315e-07
4.983568260e-07
5.946706096e-07
1.659108406e-08
4.365793700e-07
1.256482989e-07
8.577376320e-07
8.991158325e-07
5.030411785e-07
8.393756161e-07
1.919468104e-07
6.643797974e-07
8.656351156e-07
3.185355979e-07
5.383090524e-07
4.393895949e-07
1.537037519e-07
8.010388797e-07
8.476076374e-08
8.268555689e-07
9.533928846e-07
1.071875175e-07
3.300199864e-07
4.896609767e-07
7.166965474e-07
5.712165603e-07
7.987414961e-07
3.168952389e-07
6.026652954e-07
3.716406809e-07
8.805637890e-07
8.420495874e-07
3.889174707e-07
4.557120903e-08
6.800168535e-07
3.007978080e-07
2.090208255e-07
7.583341244e-08
9.523690778e-07
5.761300486e-07
8.931183970e-07
9.925676068e-07
2.871376523e-07
3.667053932e-07
1.839663071e-07
9.827651866e-07
3.437273222e-07
7.864298368e-07
2.281843479e-07
9.016207514e-07
4.490734113e-07
3.506488611e-07
3.146611505e-07
9.858597423e-07
4.916611829e-07
4.405472112e-07
8.192359360e-07
1.985516462e-07
5.288969263e-08
3.166567808e-07
5.787182999e-07
2.822318095e-07
2.361003482e-07
1.426667211e-07
1.545119375e-07
8.436440879e-08
2.067983331e-07
7.572558047e-07
3.326689466e-07
4.934898357e-07
1.930581703e-07
9.736721722e-07
3.209366639e-07
5.260470743e-07
3.151695438e-08
2.867021749e-07
3.602619358e-07
9.534205674e-07
6.066927654e-07
7.021423585e-07
7.666762940e-07
4.075995719e-07
9.237454606e-07
8.320847655e-07
5.081541872e-07
6.823812271e-08
8.779269365e-07
4.259132709e-07
8.809864482e-08
6.081399420e-07
2.319098513e-07
7.542133176e-07
2.777870023e-08
8.248475183e-07
4.448193067e-07
6.043673011e-07
7.441503840e-07
5.752151111e-08
2.401244501e-07
7.676412110e-07
8.184851481e-07
6.683820288e-07
7.349797215e-08
9.641410088e-07
1.979033755e-07
2.990269650e-07
4.164708116e-07
8.044558513e-07
9.154871918e-07
5.267996244e-07
7.388026120e-07
3.164085740e-07
2.534651742e-07
1.780276193e-07
8.617604976e-07
8.296686360e-07
7.692270856e-07
6.618332122e-07
4.358728347e-07
8.250047472e-07
2.835042210e-07
5.315398539e-07
3.968884528e-07
4.073814921e-07
3.103801021e-07
7.395760235e-07
6.394052576e-08
9.131769048e-07
6.653154401e-07
8.868744885e-07
7.343113566e-07
8.213872320e-07
5.136762482e-08
3.574530751e-07
9.609057088e-07
4.417185835e-07
2.438058857e-07
6.183114465e-07
4.338185136e-07
8.380229701e-07
9.520959310e-08
6.338398748e-07
7.984197055e-07
8.633530229e-07
1.685297804e-07
9.181768519e-07
8.434055871e-07
5.464331707e-07
3.667947226e-07
6.459705304e-08
1.030994596e-07
2.740889471e-08
7.016187169e-07
3.459925324e-07
3.117532117e-07
9.548930393e-07
7.592943234e-07
6.815167239e-07
4.184462057e-07
7.037177738e-07
4.715890327e-07
7.905333632e-07
9.215778505e-07
6.776629107e-07
3.392403158e-08
1.698731609e-07
1.615183152e-07
7.311838317e-07
8.196531098e-07
5.986689189e-07
7.196672982e-07
3.942664080e-07
1.658345639e-07
1.161483851e-07
4.751357494e-07
4.596268184e-07
5.591464287e-07
5.555374401e-07
9.678551578e-07
7.470811880e-08
6.477421266e-07
2.720995553e-07
9.495166182e-07
7.477397048e-07
7.538523619e-07
6.965453281e-07
5.662744229e-07
7.135137707e-07
8.847124491e-07
5.417339253e-07
2.074514356e-07
9.684407587e-08
9.692618050e-07
3.417067944e-07
9.407086168e-07
2.097394400e-07
5.078556455e-07
6.553715934e-07
3.973974216e-08
1.023861032e-07
4.894864674e-07
1.519003945e-07
5.027950678e-08
9.371183296e-07
8.605410926e-07
8.464286907e-07
4.853212658e-07
5.790820410e-07
7.930132710e-07
3.986917534e-07
4.546056687e-07
2.399194443e-07
9.452499512e-07
2.877803809e-07
5.045248486e-07
4.531241871e-07
2.703559687e-07
3.511668183e-07
1.541234127e-07
2.718196299e-07
1.019718638e-07
7.818335348e-07
5.077407650e-07
6.739189757e-07
1.798299820e-07
8.912359135e-07
2.779894999e-07
3.860633910e-07
6.831689348e-07
5.126947826e-07
3.827209127e-07
2.373756445e-07
3.802896913e-07
9.732563058e-07
1.016565179e-07
3.034774352e-07
9.504815068e-08
8.979786230e-07
7.594332487e-07
4.703064747e-07
7.436332226e-07
2.092437654e-07
9.410785538e-07
9.846374383e-08
4.274882031e-07
6.755596473e-07
6.989583881e-07
3.571960860e-07
5.793901892e-07
1.366857845e-07
6.612774541e-07
7.812347746e-08
9.097387874e-07
7.042187917e-07
4.915518161e-07
1.648035663e-07
6.409401294e-07
9.170378235e-07
7.738670149e-08
5.546477269e-07
9.209304039e-07
7.413416370e-07
4.212963631e-07
8.281318742e-08
3.773399158e-07
6.178332796e-07
2.341922993e-07
8.366017710e-07
6.303912414e-07
4.346869957e-07
9.009488053e-07
5.950727768e-07
7.841016441e-07
6.492397233e-07
9.387849786e-07
5.913777841e-07
2.267570380e-07
5.746186389e-07
8.176894539e-07
7.351329714e-07
8.026414662e-07
5.427193628e-07
9.568484529e-07
3.070859407e-07
6.321403134e-07
8.066347732e-07
5.321842877e-08
2.739475917e-07
9.283896816e-07
1.474047622e-07
2.578433680e-07
6.761017062e-07
9.200028330e-07
1.821008766e-07
7.445361803e-07
2.508767238e-08
1.225811985e-07
8.018087669e-07
2.781380886e-07
5.842297242e-07
3.626762748e-07
3.944047364e-07
2.937221950e-07
9.298064469e-07
9.643060395e-08
5.435593380e-07
4.919719458e-07
4.357531225e-07
6.295389881e-07
6.782769333e-07
5.908391358e-07
9.873818954e-07
7.493700309e-07
7.585554158e-07
2.872837115e-07
8.361367918e-07
2.679736895e-07
2.317276966e-07
3.369165995e-07
5.115315389e-07
2.091759086e-07
7.865222074e-07
5.472525118e-07
9.878223182e-07
4.527448709e-07
1.483688976e-07
5.850211551e-07
9.800048701e-07
1.622024683e-07
1.102810643e-08
5.558621297e-07
7.602062624e-07
8.285692275e-07
1.023621437e-07
7.566982276e-07
2.413820255e-07
7.871618664e-07
1.542571937e-07
2.534811756e-07
2.540547257e-07
8.714349633e-07
6.299379152e-08
5.022332061e-07
3.334761232e-07
2.871413756e-07
6.550910143e-07
1.639823353e-07
4.248989001e-07
5.174088074e-07
6.658495977e-07
4.778462994e-07
9.504032050e-07
8.807638210e-07
6.007305728e-07
9.759914832e-08
9.043276350e-07
7.164719591e-07
9.119267474e-07
9.375928016e-07
6.987954748e-07
1.321219401e-07
9.583731071e-07
3.798925263e-08
7.242377933e-07
9.949794730e-07
5.372090186e-07
2.162445867e-08
4.936556479e-07
5.667861842e-07
5.574140118e-07
2.247713411e-07
3.961372954e-07
2.861138171e-07
8.756879879e-07
5.755765642e-07
7.962909194e-07
8.447635764e-07
2.564088106e-07
9.623216783e-07
6.282029403e-07
8.941347005e-07
3.358615857e-07
5.105458456e-08
