-9.525999622e-01
-9.525889622e-01
-9.525779622e-01
-9.525669622e-01
-9.525559622e-01
-9.525449622e-01
-9.525339622e-01
-9.525229621e-01
-9.525119621e-01
-9.525009621e-01
-9.524899621e-01
-9.524789621e-01
-9.524679621e-01
-9.524569621e-01
-9.524459621e-01
-9.524349621e-01
-9.524239620e-01
-9.524129620e-01
-9.524019620e-01
-9.523909620e-01
-9.523799620e-01
-9.523689620e-01
-9.523579620e-01
-9.523469620e-01
-9.523359620e-01
-9.523249619e-01
-9.523139619e-01
-9.523029619e-01
-9.522919619e-01
-9.522809619e-01
-9.522699619e-01
-9.522589619e-01
-9.522479619e-01
-9.522369619e-01
-9.522259618e-01
-9.522149618e-01
-9.522039618e-01
-9.521929618e-01
-9.521819618e-01
-9.521709618e-01
-9.521599618e-01
-9.521489618e-01
-9.521379618e-01
-9.521269617e-01
-9.521159617e-01
-9.521049617e-01
-9.520939617e-01
-9.520829617e-01
-9.520719617e-01
-9.520609617e-01
-9.520499617e-01
-9.520389617e-01
-9.520279616e-01
-9.520169616e-01
-9.520059616e-01
-9.519949616e-01
-9.519839616e-01
-9.519729616e-01
-9.519619616e-01
-9.519509616e-01
-9.519399616e-01
-9.519289615e-01
-9.519179615e-01
-9.519069615e-01
-9.518959615e-01
-9.518849615e-01
-9.518739615e-01
-9.518629615e-01
-9.518519615e-01
-9.518409615e-01
-9.518299614e-01
-9.518189614e-01
-9.518079614e-01
-9.517969614e-01
-9.517859614e-01
-9.517749614e-01
-9.517639614e-01
-9.517529614e-01
-9.517419614e-01
-9.517309613e-01
-9.517199613e-01
-9.517089613e-01
-9.516979613e-01
-9.516869613e-01
-9.516759613e-01
-9.516649613e-01
-9.516539613e-01
-9.516429613e-01
-9.516319612e-01
-9.516209612e-01
-9.516099612e-01
-9.515989612e-01
-9.515879612e-01
-9.515769612e-01
-9.515659612e-01
-9.515549612e-01
-9.515439612e-01
-9.515329611e-01
-9.515219611e-01
-9.515109611e-01
