-6.401996467e-01
-6.401886467e-01
-6.401776466e-01
-6.401666466e-01
-6.401556466e-01
-6.401446466e-01
-6.401336466e-01
-6.401226466e-01
-6.401116466e-01
-6.401006466e-01
-6.400896466e-01
-6.400786465e-01
-6.400676465e-01
-6.400566465e-01
-6.400456465e-01
-6.400346465e-01
-6.400236465e-01
-6.400126465e-01
-6.400016465e-01
-6.399906465e-01
-6.399796464e-01
-6.399686464e-01
-6.399576464e-01
-6.399466464e-01
-6.399356464e-01
-6.399246464e-01
-6.399136464e-01
-6.399026464e-01
-6.398916464e-01
-6.398806463e-01
-6.398696463e-01
-6.398586463e-01
-6.398476463e-01
-6.398366463e-01
-6.398256463e-01
-6.398146463e-01
-6.398036463e-01
-6.397926463e-01
-6.397816462e-01
-6.397706462e-01
-6.397596462e-01
-6.397486462e-01
-6.397376462e-01
-6.397266462e-01
-6.397156462e-01
-6.397046462e-01
-6.396936462e-01
-6.396826461e-01
-6.396716461e-01
-6.396606461e-01
-6.396496461e-01
-6.396386461e-01
-6.396276461e-01
-6.396166461e-01
-6.396056461e-01
-6.395946461e-01
-6.395836460e-01
-6.395726460e-01
-6.395616460e-01
-6.395506460e-01
-6.395396460e-01
-6.395286460e-01
-6.395176460e-01
-6.395066460e-01
-6.394956460e-01
-6.394846459e-01
-6.394736459e-01
-6.394626459e-01
-6.394516459e-01
-6.394406459e-01
-6.394296459e-01
-6.394186459e-01
-6.394076459e-01
-6.393966459e-01
-6.393856458e-01
-6.393746458e-01
-6.393636458e-01
-6.393526458e-01
-6.393416458e-01
-6.393306458e-01
-6.393196458e-01
-6.393086458e-01
-6.392976458e-01
-6.392866457e-01
-6.392756457e-01
-6.392646457e-01
-6.392536457e-01
-6.392426457e-01
-6.392316457e-01
-6.392206457e-01
-6.392096457e-01
-6.391986457e-01
-6.391876456e-01
-6.391766456e-01
-6.391656456e-01
-6.391546456e-01
-6.391436456e-01
-6.391326456e-01
-6.391216456e-01
-6.391106456e-01
