-7.149997222e-01
-7.149887222e-01
-7.149777222e-01
-7.149667222e-01
-7.149557222e-01
-7.149447222e-01
-7.149337222e-01
-7.149227221e-01
-7.149117221e-01
-7.149007221e-01
-7.148897221e-01
-7.148787221e-01
-7.148677221e-01
-7.148567221e-01
-7.148457221e-01
-7.148347221e-01
-7.148237220e-01
-7.148127220e-01
-7.148017220e-01
-7.147907220e-01
-7.147797220e-01
-7.147687220e-01
-7.147577220e-01
-7.147467220e-01
-7.147357220e-01
-7.147247219e-01
-7.147137219e-01
-7.147027219e-01
-7.146917219e-01
-7.146807219e-01
-7.146697219e-01
-7.146587219e-01
-7.146477219e-01
-7.146367219e-01
-7.146257218e-01
-7.146147218e-01
-7.146037218e-01
-7.145927218e-01
-7.145817218e-01
-7.145707218e-01
-7.145597218e-01
-7.145487218e-01
-7.145377218e-01
-7.145267217e-01
-7.145157217e-01
-7.145047217e-01
-7.144937217e-01
-7.144827217e-01
-7.144717217e-01
-7.144607217e-01
-7.144497217e-01
-7.144387217e-01
-7.144277216e-01
-7.144167216e-01
-7.144057216e-01
-7.143947216e-01
-7.143837216e-01
-7.143727216e-01
-7.143617216e-01
-7.143507216e-01
-7.143397216e-01
-7.143287215e-01
-7.143177215e-01
-7.143067215e-01
-7.142957215e-01
-7.142847215e-01
-7.142737215e-01
-7.142627215e-01
-7.142517215e-01
-7.142407215e-01
-7.142297214e-01
-7.142187214e-01
-7.142077214e-01
-7.141967214e-01
-7.141857214e-01
-7.141747214e-01
-7.141637214e-01
-7.141527214e-01
-7.141417214e-01
-7.141307213e-01
-7.141197213e-01
-7.141087213e-01
-7.140977213e-01
-7.140867213e-01
-7.140757213e-01
-7.140647213e-01
-7.140537213e-01
-7.140427213e-01
-7.140317212e-01
-7.140207212e-01
-7.140097212e-01
-7.139987212e-01
-7.139877212e-01
-7.139767212e-01
-7.139657212e-01
-7.139547212e-01
-7.139437212e-01
-7.139327211e-01
-7.139217211e-01
-7.139107211e-01
