-7.787997867e-01
-7.787887867e-01
-7.787777866e-01
-7.787667866e-01
-7.787557866e-01
-7.787447866e-01
-7.787337866e-01
-7.787227866e-01
-7.787117866e-01
-7.787007866e-01
-7.786897866e-01
-7.786787865e-01
-7.786677865e-01
-7.786567865e-01
-7.786457865e-01
-7.786347865e-01
-7.786237865e-01
-7.786127865e-01
-7.786017865e-01
-7.785907865e-01
-7.785797864e-01
-7.785687864e-01
-7.785577864e-01
-7.785467864e-01
-7.785357864e-01
-7.785247864e-01
-7.785137864e-01
-7.785027864e-01
-7.784917864e-01
-7.784807863e-01
-7.784697863e-01
-7.784587863e-01
-7.784477863e-01
-7.784367863e-01
-7.784257863e-01
-7.784147863e-01
-7.784037863e-01
-7.783927863e-01
-7.783817862e-01
-7.783707862e-01
-7.783597862e-01
-7.783487862e-01
-7.783377862e-01
-7.783267862e-01
-7.783157862e-01
-7.783047862e-01
-7.782937862e-01
-7.782827861e-01
-7.782717861e-01
-7.782607861e-01
-7.782497861e-01
-7.782387861e-01
-7.782277861e-01
-7.782167861e-01
-7.782057861e-01
-7.781947861e-01
-7.781837860e-01
-7.781727860e-01
-7.781617860e-01
-7.781507860e-01
-7.781397860e-01
-7.781287860e-01
-7.781177860e-01
-7.781067860e-01
-7.780957860e-01
-7.780847859e-01
-7.780737859e-01
-7.780627859e-01
-7.780517859e-01
-7.780407859e-01
-7.780297859e-01
-7.780187859e-01
-7.780077859e-01
-7.779967859e-01
-7.779857858e-01
-7.779747858e-01
-7.779637858e-01
-7.779527858e-01
-7.779417858e-01
-7.779307858e-01
-7.779197858e-01
-7.779087858e-01
-7.778977858e-01
-7.778867857e-01
-7.778757857e-01
-7.778647857e-01
-7.778537857e-01
-7.778427857e-01
-7.778317857e-01
-7.778207857e-01
-7.778097857e-01
-7.777987857e-01
-7.777877856e-01
-7.777767856e-01
-7.777657856e-01
-7.777547856e-01
-7.777437856e-01
-7.777327856e-01
-7.777217856e-01
-7.777107856e-01
