-3.376993411e-01
-3.376883411e-01
-3.376773411e-01
-3.376663411e-01
-3.376553411e-01
-3.376443410e-01
-3.376333410e-01
-3.376223410e-01
-3.376113410e-01
-3.376003410e-01
-3.375893410e-01
-3.375783410e-01
-3.375673410e-01
-3.375563410e-01
-3.375453409e-01
-3.375343409e-01
-3.375233409e-01
-3.375123409e-01
-3.375013409e-01
-3.374903409e-01
-3.374793409e-01
-3.374683409e-01
-3.374573409e-01
-3.374463408e-01
-3.374353408e-01
-3.374243408e-01
-3.374133408e-01
-3.374023408e-01
-3.373913408e-01
-3.373803408e-01
-3.373693408e-01
-3.373583408e-01
-3.373473407e-01
-3.373363407e-01
-3.373253407e-01
-3.373143407e-01
-3.373033407e-01
-3.372923407e-01
-3.372813407e-01
-3.372703407e-01
-3.372593407e-01
-3.372483406e-01
-3.372373406e-01
-3.372263406e-01
-3.372153406e-01
-3.372043406e-01
-3.371933406e-01
-3.371823406e-01
-3.371713406e-01
-3.371603406e-01
-3.371493405e-01
-3.371383405e-01
-3.371273405e-01
-3.371163405e-01
-3.371053405e-01
-3.370943405e-01
-3.370833405e-01
-3.370723405e-01
-3.370613405e-01
-3.370503404e-01
-3.370393404e-01
-3.370283404e-01
-3.370173404e-01
-3.370063404e-01
-3.369953404e-01
-3.369843404e-01
-3.369733404e-01
-3.369623404e-01
-3.369513403e-01
-3.369403403e-01
-3.369293403e-01
-3.369183403e-01
-3.369073403e-01
-3.368963403e-01
-3.368853403e-01
-3.368743403e-01
-3.368633403e-01
-3.368523402e-01
-3.368413402e-01
-3.368303402e-01
-3.368193402e-01
-3.368083402e-01
-3.367973402e-01
-3.367863402e-01
-3.367753402e-01
-3.367643402e-01
-3.367533401e-01
-3.367423401e-01
-3.367313401e-01
-3.367203401e-01
-3.367093401e-01
-3.366983401e-01
-3.366873401e-01
-3.366763401e-01
-3.366653401e-01
-3.366543400e-01
-3.366433400e-01
-3.366323400e-01
-3.366213400e-01
-3.366103400e-01
