-9.811999911e-01
-9.811889911e-01
-9.811779911e-01
-9.811669911e-01
-9.811559911e-01
-9.811449911e-01
-9.811339910e-01
-9.811229910e-01
-9.811119910e-01
-9.811009910e-01
-9.810899910e-01
-9.810789910e-01
-9.810679910e-01
-9.810569910e-01
-9.810459910e-01
-9.810349909e-01
-9.810239909e-01
-9.810129909e-01
-9.810019909e-01
-9.809909909e-01
-9.809799909e-01
-9.809689909e-01
-9.809579909e-01
-9.809469909e-01
-9.809359908e-01
-9.809249908e-01
-9.809139908e-01
-9.809029908e-01
-9.808919908e-01
-9.808809908e-01
-9.808699908e-01
-9.808589908e-01
-9.808479908e-01
-9.808369907e-01
-9.808259907e-01
-9.808149907e-01
-9.808039907e-01
-9.807929907e-01
-9.807819907e-01
-9.807709907e-01
-9.807599907e-01
-9.807489907e-01
-9.807379906e-01
-9.807269906e-01
-9.807159906e-01
-9.807049906e-01
-9.806939906e-01
-9.806829906e-01
-9.806719906e-01
-9.806609906e-01
-9.806499906e-01
-9.806389905e-01
-9.806279905e-01
-9.806169905e-01
-9.806059905e-01
-9.805949905e-01
-9.805839905e-01
-9.805729905e-01
-9.805619905e-01
-9.805509905e-01
-9.805399904e-01
-9.805289904e-01
-9.805179904e-01
-9.805069904e-01
-9.804959904e-01
-9.804849904e-01
-9.804739904e-01
-9.804629904e-01
-9.804519904e-01
-9.804409903e-01
-9.804299903e-01
-9.804189903e-01
-9.804079903e-01
-9.803969903e-01
-9.803859903e-01
-9.803749903e-01
-9.803639903e-01
-9.803529903e-01
-9.803419902e-01
-9.803309902e-01
-9.803199902e-01
-9.803089902e-01
-9.802979902e-01
-9.802869902e-01
-9.802759902e-01
-9.802649902e-01
-9.802539902e-01
-9.802429901e-01
-9.802319901e-01
-9.802209901e-01
-9.802099901e-01
-9.801989901e-01
-9.801879901e-01
-9.801769901e-01
-9.801659901e-01
-9.801549901e-01
-9.801439900e-01
-9.801329900e-01
-9.801219900e-01
-9.801109900e-01
