-4.762994811e-01
-4.762884811e-01
-4.762774811e-01
-4.762664811e-01
-4.762554811e-01
-4.762444810e-01
-4.762334810e-01
-4.762224810e-01
-4.762114810e-01
-4.762004810e-01
-4.761894810e-01
-4.761784810e-01
-4.761674810e-01
-4.761564810e-01
-4.761454809e-01
-4.761344809e-01
-4.761234809e-01
-4.761124809e-01
-4.761014809e-01
-4.760904809e-01
-4.760794809e-01
-4.760684809e-01
-4.760574809e-01
-4.760464808e-01
-4.760354808e-01
-4.760244808e-01
-4.760134808e-01
-4.760024808e-01
-4.759914808e-01
-4.759804808e-01
-4.759694808e-01
-4.759584808e-01
-4.759474807e-01
-4.759364807e-01
-4.759254807e-01
-4.759144807e-01
-4.759034807e-01
-4.758924807e-01
-4.758814807e-01
-4.758704807e-01
-4.758594807e-01
-4.758484806e-01
-4.758374806e-01
-4.758264806e-01
-4.758154806e-01
-4.758044806e-01
-4.757934806e-01
-4.757824806e-01
-4.757714806e-01
-4.757604806e-01
-4.757494805e-01
-4.757384805e-01
-4.757274805e-01
-4.757164805e-01
-4.757054805e-01
-4.756944805e-01
-4.756834805e-01
-4.756724805e-01
-4.756614805e-01
-4.756504804e-01
-4.756394804e-01
-4.756284804e-01
-4.756174804e-01
-4.756064804e-01
-4.755954804e-01
-4.755844804e-01
-4.755734804e-01
-4.755624804e-01
-4.755514803e-01
-4.755404803e-01
-4.755294803e-01
-4.755184803e-01
-4.755074803e-01
-4.754964803e-01
-4.754854803e-01
-4.754744803e-01
-4.754634803e-01
-4.754524802e-01
-4.754414802e-01
-4.754304802e-01
-4.754194802e-01
-4.754084802e-01
-4.753974802e-01
-4.753864802e-01
-4.753754802e-01
-4.753644802e-01
-4.753534801e-01
-4.753424801e-01
-4.753314801e-01
-4.753204801e-01
-4.753094801e-01
-4.752984801e-01
-4.752874801e-01
-4.752764801e-01
-4.752654801e-01
-4.752544800e-01
-4.752434800e-01
-4.752324800e-01
-4.752214800e-01
-4.752104800e-01
