3.5999e+07
957.265
5.14764
0.0341884
0.000250216
1.93087e-06
1.54034e-08
1.25124e-10
1.0185e-12
8.16859e-15
6.35602e-17
4.74037e-19
3.3607e-21
2.25363e-23
1.42592e-25
8.50615e-28
4.78552e-30
2.54142e-32
1.27372e-34
5.90369e-37
0
0
0
0
0
0
0
0
0
0
0
0
0
0
0
0
0
0
0
0
0
0
0
0
0
0
0
0
0
0
0
0
0
0
0
0
0
0
0
0
0
0
0
0
0
0
0
0
0
0
0
0
0
0
0
0
0
0
0
0
0
0
0
0
0
0
0
0
0
0
0
0
0
0
0
0
0
0
0
0
0
0
0
0
0
0
0
0
0
0
0
0
0
0
0
0
0
0
0
0
0
0
0
0
0
0
0
0
0
0
0
0
0
0
0
0
0
0
0
0
0
0
0
0
0
0
0
0
0
0
0
0
0
0
0
0
0
0
0
0
0
0
0
0
0
0
0
0
0
0
