3.59994e+07
582.786
1.95198
0.00781152
3.41744e-05
1.57064e-07
7.51613e-10
3.72671e-12
1.89163e-14
9.63924e-17
4.82737e-19
2.33438e-21
1.07689e-23
4.70567e-26
1.94092e-28
7.54765e-31
2.76703e-33
9.50969e-36
2.55819e-38
0
0
0
0
0
0
0
0
0
0
0
0
0
0
0
0
0
0
0
0
0
0
0
0
0
0
0
0
0
0
0
0
0
0
0
0
0
0
0
0
0
0
0
0
0
0
0
0
0
0
0
0
0
0
0
0
0
0
0
0
0
0
0
0
0
0
0
0
0
0
0
0
0
0
0
0
0
0
0
0
0
0
0
0
0
0
0
0
0
0
0
0
0
0
0
0
0
0
0
0
0
0
0
0
0
0
0
0
0
0
0
0
0
0
0
0
0
0
0
0
0
0
0
0
0
0
0
0
0
0
0
0
0
0
0
0
0
0
0
0
0
0
0
0
0
0
0
0
0
0
0
