3.59993e+07
742.721
3.13013
0.016045
9.01667e-05
5.30282e-07
3.19116e-09
1.93256e-11
1.16117e-13
6.83907e-16
3.90934e-18
2.15148e-20
1.13304e-22
5.68493e-25
2.70984e-27
1.22523e-29
5.25124e-32
2.13023e-34
7.93147e-37
0
0
0
0
0
0
0
0
0
0
0
0
0
0
0
0
0
0
0
0
0
0
0
0
0
0
0
0
0
0
0
0
0
0
0
0
0
0
0
0
0
0
0
0
0
0
0
0
0
0
0
0
0
0
0
0
0
0
0
0
0
0
0
0
0
0
0
0
0
0
0
0
0
0
0
0
0
0
0
0
0
0
0
0
0
0
0
0
0
0
0
0
0
0
0
0
0
0
0
0
0
0
0
0
0
0
0
0
0
0
0
0
0
0
0
0
0
0
0
0
0
0
0
0
0
0
0
0
0
0
0
0
0
0
0
0
0
0
0
0
0
0
0
0
0
0
0
0
0
0
0
