3.59989e+07
1035.3
6.01161
0.0433232
0.000344441
2.88e-06
2.46958e-08
2.13102e-10
1.82013e-12
1.51639e-14
1.21749e-16
9.33563e-19
6.79561e-21
4.67937e-23
3.04302e-25
1.86823e-27
1.08339e-29
5.94015e-32
3.08015e-34
1.47741e-36
0
0
0
0
0
0
0
0
0
0
0
0
0
0
0
0
0
0
0
0
0
0
0
0
0
0
0
0
0
0
0
0
0
0
0
0
0
0
0
0
0
0
0
0
0
0
0
0
0
0
0
0
0
0
0
0
0
0
0
0
0
0
0
0
0
0
0
0
0
0
0
0
0
0
0
0
0
0
0
0
0
0
0
0
0
0
0
0
0
0
0
0
0
0
0
0
0
0
0
0
0
0
0
0
0
0
0
0
0
0
0
0
0
0
0
0
0
0
0
0
0
0
0
0
0
0
0
0
0
0
0
0
0
0
0
0
0
0
0
0
0
0
0
0
0
0
0
0
0
0
