3.5999e+07
961.002
5.18059
0.0343814
0.000249921
1.89996e-06
1.47978e-08
1.1642e-10
9.13063e-13
7.04462e-15
5.28143e-17
3.80862e-19
2.62217e-21
1.71509e-23
1.0627e-25
6.22959e-28
3.45401e-30
1.81204e-32
8.98374e-35
4.05949e-37
0
0
0
0
0
0
0
0
0
0
0
0
0
0
0
0
0
0
0
0
0
0
0
0
0
0
0
0
0
0
0
0
0
0
0
0
0
0
0
0
0
0
0
0
0
0
0
0
0
0
0
0
0
0
0
0
0
0
0
0
0
0
0
0
0
0
0
0
0
0
0
0
0
0
0
0
0
0
0
0
0
0
0
0
0
0
0
0
0
0
0
0
0
0
0
0
0
0
0
0
0
0
0
0
0
0
0
0
0
0
0
0
0
0
0
0
0
0
0
0
0
0
0
0
0
0
0
0
0
0
0
0
0
0
0
0
0
0
0
0
0
0
0
0
0
0
0
0
0
0
