3.59993e+07
671.974
2.57165
0.0118866
6.01862e-05
3.19469e-07
1.74415e-09
9.64554e-12
5.31815e-14
2.87863e-16
1.5096e-18
7.59302e-21
3.63798e-23
1.65335e-25
7.1116e-28
2.89282e-30
1.11285e-32
4.03413e-35
1.18692e-37
0
0
0
0
0
0
0
0
0
0
0
0
0
0
0
0
0
0
0
0
0
0
0
0
0
0
0
0
0
0
0
0
0
0
0
0
0
0
0
0
0
0
0
0
0
0
0
0
0
0
0
0
0
0
0
0
0
0
0
0
0
0
0
0
0
0
0
0
0
0
0
0
0
0
0
0
0
0
0
0
0
0
0
0
0
0
0
0
0
0
0
0
0
0
0
0
0
0
0
0
0
0
0
0
0
0
0
0
0
0
0
0
0
0
0
0
0
0
0
0
0
0
0
0
0
0
0
0
0
0
0
0
0
0
0
0
0
0
0
0
0
0
0
0
0
0
0
0
0
0
0
