3.59994e+07
599.892
2.06564
0.00852468
3.85437e-05
1.84013e-07
9.26068e-10
4.94065e-12
2.77944e-14
1.61253e-16
9.35772e-19
5.28646e-21
2.85406e-23
1.4572e-25
7.00155e-28
3.16087e-30
1.34107e-32
5.34484e-35
1.97185e-37
0
0
0
0
0
0
0
0
0
0
0
0
0
0
0
0
0
0
0
0
0
0
0
0
0
0
0
0
0
0
0
0
0
0
0
0
0
0
0
0
0
0
0
0
0
0
0
0
0
0
0
0
0
0
0
0
0
0
0
0
0
0
0
0
0
0
0
0
0
0
0
0
0
0
0
0
0
0
0
0
0
0
0
0
0
0
0
0
0
0
0
0
0
0
0
0
0
0
0
0
0
0
0
0
0
0
0
0
0
0
0
0
0
0
0
0
0
0
0
0
0
0
0
0
0
0
0
0
0
0
0
0
0
0
0
0
0
0
0
0
0
0
0
0
0
0
0
0
0
0
0
