3.59994e+07
611.469
2.14349
0.00901925
4.15254e-05
2.00233e-07
9.94701e-10
5.03023e-12
2.55396e-14
1.28216e-16
6.27394e-19
2.9578e-21
1.33239e-23
5.70473e-26
2.31473e-28
8.88951e-31
3.22985e-33
1.10092e-35
3.189e-38
0
0
0
0
0
0
0
0
0
0
0
0
0
0
0
0
0
0
0
0
0
0
0
0
0
0
0
0
0
0
0
0
0
0
0
0
0
0
0
0
0
0
0
0
0
0
0
0
0
0
0
0
0
0
0
0
0
0
0
0
0
0
0
0
0
0
0
0
0
0
0
0
0
0
0
0
0
0
0
0
0
0
0
0
0
0
0
0
0
0
0
0
0
0
0
0
0
0
0
0
0
0
0
0
0
0
0
0
0
0
0
0
0
0
0
0
0
0
0
0
0
0
0
0
0
0
0
0
0
0
0
0
0
0
0
0
0
0
0
0
0
0
0
0
0
0
0
0
0
0
0
