3.59993e+07
722.942
2.96675
0.0147389
7.96368e-05
4.44619e-07
2.50101e-09
1.39319e-11
7.58419e-14
3.99307e-16
2.01731e-18
9.72295e-21
4.45315e-23
1.93331e-25
7.94567e-28
3.09006e-30
1.13718e-32
3.93299e-35
1.0379e-37
0
0
0
0
0
0
0
0
0
0
0
0
0
0
0
0
0
0
0
0
0
0
0
0
0
0
0
0
0
0
0
0
0
0
0
0
0
0
0
0
0
0
0
0
0
0
0
0
0
0
0
0
0
0
0
0
0
0
0
0
0
0
0
0
0
0
0
0
0
0
0
0
0
0
0
0
0
0
0
0
0
0
0
0
0
0
0
0
0
0
0
0
0
0
0
0
0
0
0
0
0
0
0
0
0
0
0
0
0
0
0
0
0
0
0
0
0
0
0
0
0
0
0
0
0
0
0
0
0
0
0
0
0
0
0
0
0
0
0
0
0
0
0
0
0
0
0
0
0
0
0
