3.59994e+07
580.333
1.93474
0.00770674
3.3633e-05
1.54453e-07
7.37708e-10
3.63787e-12
1.83092e-14
9.25285e-17
4.61341e-19
2.23487e-21
1.04004e-23
4.61539e-26
1.94481e-28
7.76507e-31
2.93506e-33
1.04418e-35
2.90641e-38
0
0
0
0
0
0
0
0
0
0
0
0
0
0
0
0
0
0
0
0
0
0
0
0
0
0
0
0
0
0
0
0
0
0
0
0
0
0
0
0
0
0
0
0
0
0
0
0
0
0
0
0
0
0
0
0
0
0
0
0
0
0
0
0
0
0
0
0
0
0
0
0
0
0
0
0
0
0
0
0
0
0
0
0
0
0
0
0
0
0
0
0
0
0
0
0
0
0
0
0
0
0
0
0
0
0
0
0
0
0
0
0
0
0
0
0
0
0
0
0
0
0
0
0
0
0
0
0
0
0
0
0
0
0
0
0
0
0
0
0
0
0
0
0
0
0
0
0
0
0
0
