3.59994e+07
659.957
2.48809
0.0113554
5.70685e-05
3.0262e-07
1.66105e-09
9.27347e-12
5.16407e-14
2.81464e-16
1.47861e-18
7.40633e-21
3.51398e-23
1.57376e-25
6.64435e-28
2.6446e-30
9.93074e-33
3.50675e-35
1.00822e-37
0
0
0
0
0
0
0
0
0
0
0
0
0
0
0
0
0
0
0
0
0
0
0
0
0
0
0
0
0
0
0
0
0
0
0
0
0
0
0
0
0
0
0
0
0
0
0
0
0
0
0
0
0
0
0
0
0
0
0
0
0
0
0
0
0
0
0
0
0
0
0
0
0
0
0
0
0
0
0
0
0
0
0
0
0
0
0
0
0
0
0
0
0
0
0
0
0
0
0
0
0
0
0
0
0
0
0
0
0
0
0
0
0
0
0
0
0
0
0
0
0
0
0
0
0
0
0
0
0
0
0
0
0
0
0
0
0
0
0
0
0
0
0
0
0
0
0
0
0
0
0
