3.59994e+07
618.59
2.19267
0.00934079
4.35045e-05
2.11449e-07
1.05162e-09
5.27699e-12
2.6343e-14
1.28987e-16
6.11606e-19
2.77981e-21
1.20236e-23
4.92672e-26
1.90778e-28
6.97527e-31
2.40745e-33
7.73123e-36
1.64173e-38
0
0
0
0
0
0
0
0
0
0
0
0
0
0
0
0
0
0
0
0
0
0
0
0
0
0
0
0
0
0
0
0
0
0
0
0
0
0
0
0
0
0
0
0
0
0
0
0
0
0
0
0
0
0
0
0
0
0
0
0
0
0
0
0
0
0
0
0
0
0
0
0
0
0
0
0
0
0
0
0
0
0
0
0
0
0
0
0
0
0
0
0
0
0
0
0
0
0
0
0
0
0
0
0
0
0
0
0
0
0
0
0
0
0
0
0
0
0
0
0
0
0
0
0
0
0
0
0
0
0
0
0
0
0
0
0
0
0
0
0
0
0
0
0
0
0
0
0
0
0
0
