3.59989e+07
1048.85
6.17579
0.0453044
0.000367579
3.13419e-06
2.72548e-08
2.36198e-10
2.0031e-12
1.63968e-14
1.28297e-16
9.53369e-19
6.7017e-21
4.44713e-23
2.78363e-25
1.64378e-27
9.16419e-30
4.82872e-32
2.40431e-34
1.09659e-36
0
0
0
0
0
0
0
0
0
0
0
0
0
0
0
0
0
0
0
0
0
0
0
0
0
0
0
0
0
0
0
0
0
0
0
0
0
0
0
0
0
0
0
0
0
0
0
0
0
0
0
0
0
0
0
0
0
0
0
0
0
0
0
0
0
0
0
0
0
0
0
0
0
0
0
0
0
0
0
0
0
0
0
0
0
0
0
0
0
0
0
0
0
0
0
0
0
0
0
0
0
0
0
0
0
0
0
0
0
0
0
0
0
0
0
0
0
0
0
0
0
0
0
0
0
0
0
0
0
0
0
0
0
0
0
0
0
0
0
0
0
0
0
0
0
0
0
0
0
0
