3.59993e+07
751.445
3.2086
0.0167091
9.56005e-05
5.73748e-07
3.52918e-09
2.18385e-11
1.33618e-13
7.96139e-16
4.56386e-18
2.49536e-20
1.29418e-22
6.3473e-25
2.94015e-27
1.28616e-29
5.31666e-32
2.07496e-34
7.33769e-37
0
0
0
0
0
0
0
0
0
0
0
0
0
0
0
0
0
0
0
0
0
0
0
0
0
0
0
0
0
0
0
0
0
0
0
0
0
0
0
0
0
0
0
0
0
0
0
0
0
0
0
0
0
0
0
0
0
0
0
0
0
0
0
0
0
0
0
0
0
0
0
0
0
0
0
0
0
0
0
0
0
0
0
0
0
0
0
0
0
0
0
0
0
0
0
0
0
0
0
0
0
0
0
0
0
0
0
0
0
0
0
0
0
0
0
0
0
0
0
0
0
0
0
0
0
0
0
0
0
0
0
0
0
0
0
0
0
0
0
0
0
0
0
0
0
0
0
0
0
0
0
