3.59994e+07
640.651
2.34714
0.0103883
5.06007e-05
2.59816e-07
1.38102e-09
7.48372e-12
4.06279e-14
2.17003e-16
1.12252e-18
5.55767e-21
2.61351e-23
1.16218e-25
4.87715e-28
1.9306e-30
7.21119e-33
2.53018e-35
7.54222e-38
0
0
0
0
0
0
0
0
0
0
0
0
0
0
0
0
0
0
0
0
0
0
0
0
0
0
0
0
0
0
0
0
0
0
0
0
0
0
0
0
0
0
0
0
0
0
0
0
0
0
0
0
0
0
0
0
0
0
0
0
0
0
0
0
0
0
0
0
0
0
0
0
0
0
0
0
0
0
0
0
0
0
0
0
0
0
0
0
0
0
0
0
0
0
0
0
0
0
0
0
0
0
0
0
0
0
0
0
0
0
0
0
0
0
0
0
0
0
0
0
0
0
0
0
0
0
0
0
0
0
0
0
0
0
0
0
0
0
0
0
0
0
0
0
0
0
0
0
0
0
0
