3.59991e+07
909.262
4.65094
0.0292812
0.000203144
1.49145e-06
1.1407e-08
8.97448e-11
7.15228e-13
5.67537e-15
4.41267e-17
3.31932e-19
2.39415e-21
1.64627e-23
1.07552e-25
6.66405e-28
3.91361e-30
2.17844e-32
1.14866e-34
5.58666e-37
0
0
0
0
0
0
0
0
0
0
0
0
0
0
0
0
0
0
0
0
0
0
0
0
0
0
0
0
0
0
0
0
0
0
0
0
0
0
0
0
0
0
0
0
0
0
0
0
0
0
0
0
0
0
0
0
0
0
0
0
0
0
0
0
0
0
0
0
0
0
0
0
0
0
0
0
0
0
0
0
0
0
0
0
0
0
0
0
0
0
0
0
0
0
0
0
0
0
0
0
0
0
0
0
0
0
0
0
0
0
0
0
0
0
0
0
0
0
0
0
0
0
0
0
0
0
0
0
0
0
0
0
0
0
0
0
0
0
0
0
0
0
0
0
0
0
0
0
0
0
