3.59994e+07
576.124
1.91181
0.00759819
3.31584e-05
1.52408e-07
7.26795e-10
3.5496e-12
1.74588e-14
8.49084e-17
4.0174e-19
1.82699e-21
7.92291e-24
3.26124e-26
1.27133e-28
4.69014e-31
1.63723e-33
5.34478e-36
1.06266e-38
0
0
0
0
0
0
0
0
0
0
0
0
0
0
0
0
0
0
0
0
0
0
0
0
0
0
0
0
0
0
0
0
0
0
0
0
0
0
0
0
0
0
0
0
0
0
0
0
0
0
0
0
0
0
0
0
0
0
0
0
0
0
0
0
0
0
0
0
0
0
0
0
0
0
0
0
0
0
0
0
0
0
0
0
0
0
0
0
0
0
0
0
0
0
0
0
0
0
0
0
0
0
0
0
0
0
0
0
0
0
0
0
0
0
0
0
0
0
0
0
0
0
0
0
0
0
0
0
0
0
0
0
0
0
0
0
0
0
0
0
0
0
0
0
0
0
0
0
0
0
0
