3.5999e+07
1001.54
5.62293
0.0391651
0.000302925
2.51149e-06
2.22051e-08
2.09894e-10
2.11048e-12
2.21188e-14
2.34435e-16
2.44113e-18
2.44493e-20
2.32502e-22
2.08521e-24
1.75879e-26
1.39443e-28
1.04001e-30
7.30712e-33
4.84287e-35
3.00452e-37
0
0
0
0
0
0
0
0
0
0
0
0
0
0
0
0
0
0
0
0
0
0
0
0
0
0
0
0
0
0
0
0
0
0
0
0
0
0
0
0
0
0
0
0
0
0
0
0
0
0
0
0
0
0
0
0
0
0
0
0
0
0
0
0
0
0
0
0
0
0
0
0
0
0
0
0
0
0
0
0
0
0
0
0
0
0
0
0
0
0
0
0
0
0
0
0
0
0
0
0
0
0
0
0
0
0
0
0
0
0
0
0
0
0
0
0
0
0
0
0
0
0
0
0
0
0
0
0
0
0
0
0
0
0
0
0
0
0
0
0
0
0
0
0
0
0
0
0
0
