3.59993e+07
666.385
2.53678
0.011693
5.91892e-05
3.14357e-07
1.71504e-09
9.44971e-12
5.17327e-14
2.77297e-16
1.43818e-18
7.15481e-21
3.39435e-23
1.5301e-25
6.54105e-28
2.64969e-30
1.01696e-32
3.68233e-35
1.09481e-37
0
0
0
0
0
0
0
0
0
0
0
0
0
0
0
0
0
0
0
0
0
0
0
0
0
0
0
0
0
0
0
0
0
0
0
0
0
0
0
0
0
0
0
0
0
0
0
0
0
0
0
0
0
0
0
0
0
0
0
0
0
0
0
0
0
0
0
0
0
0
0
0
0
0
0
0
0
0
0
0
0
0
0
0
0
0
0
0
0
0
0
0
0
0
0
0
0
0
0
0
0
0
0
0
0
0
0
0
0
0
0
0
0
0
0
0
0
0
0
0
0
0
0
0
0
0
0
0
0
0
0
0
0
0
0
0
0
0
0
0
0
0
0
0
0
0
0
0
0
0
0
