3.59994e+07
574.671
1.89905
0.0074905
3.23233e-05
1.46308e-07
6.84095e-10
3.26364e-12
1.56447e-14
7.41002e-17
3.41539e-19
1.51374e-21
6.39808e-24
2.56548e-26
9.731e-29
3.4871e-31
1.17979e-33
3.70002e-36
7.31804e-39
0
0
0
0
0
0
0
0
0
0
0
0
0
0
0
0
0
0
0
0
0
0
0
0
0
0
0
0
0
0
0
0
0
0
0
0
0
0
0
0
0
0
0
0
0
0
0
0
0
0
0
0
0
0
0
0
0
0
0
0
0
0
0
0
0
0
0
0
0
0
0
0
0
0
0
0
0
0
0
0
0
0
0
0
0
0
0
0
0
0
0
0
0
0
0
0
0
0
0
0
0
0
0
0
0
0
0
0
0
0
0
0
0
0
0
0
0
0
0
0
0
0
0
0
0
0
0
0
0
0
0
0
0
0
0
0
0
0
0
0
0
0
0
0
0
0
0
0
0
0
0
