3.59995e+07
560.436
1.81008
0.0069635
2.92033e-05
1.27395e-07
5.67062e-10
2.54008e-12
1.12877e-14
4.90656e-17
2.06083e-19
8.28526e-22
3.16766e-24
1.14704e-26
3.92538e-29
1.26846e-31
3.8656e-34
1.06179e-36
0
0
0
0
0
0
0
0
0
0
0
0
0
0
0
0
0
0
0
0
0
0
0
0
0
0
0
0
0
0
0
0
0
0
0
0
0
0
0
0
0
0
0
0
0
0
0
0
0
0
0
0
0
0
0
0
0
0
0
0
0
0
0
0
0
0
0
0
0
0
0
0
0
0
0
0
0
0
0
0
0
0
0
0
0
0
0
0
0
0
0
0
0
0
0
0
0
0
0
0
0
0
0
0
0
0
0
0
0
0
0
0
0
0
0
0
0
0
0
0
0
0
0
0
0
0
0
0
0
0
0
0
0
0
0
0
0
0
0
0
0
0
0
0
0
0
0
0
0
0
0
0
