3.59993e+07
682.151
2.65179
0.0124504
6.37304e-05
3.38643e-07
1.82509e-09
9.81159e-12
5.18681e-14
2.66324e-16
1.31495e-18
6.19616e-21
2.77202e-23
1.17368e-25
4.69559e-28
1.77424e-30
6.33237e-33
2.11577e-35
5.56404e-38
0
0
0
0
0
0
0
0
0
0
0
0
0
0
0
0
0
0
0
0
0
0
0
0
0
0
0
0
0
0
0
0
0
0
0
0
0
0
0
0
0
0
0
0
0
0
0
0
0
0
0
0
0
0
0
0
0
0
0
0
0
0
0
0
0
0
0
0
0
0
0
0
0
0
0
0
0
0
0
0
0
0
0
0
0
0
0
0
0
0
0
0
0
0
0
0
0
0
0
0
0
0
0
0
0
0
0
0
0
0
0
0
0
0
0
0
0
0
0
0
0
0
0
0
0
0
0
0
0
0
0
0
0
0
0
0
0
0
0
0
0
0
0
0
0
0
0
0
0
0
0
