3.59994e+07
568.5
1.86103
0.00726258
3.08161e-05
1.35138e-07
5.98739e-10
2.64149e-12
1.14709e-14
4.85702e-17
1.99004e-19
7.84313e-22
2.96002e-24
1.06624e-26
3.65784e-29
1.19349e-31
3.69577e-34
1.03308e-36
0
0
0
0
0
0
0
0
0
0
0
0
0
0
0
0
0
0
0
0
0
0
0
0
0
0
0
0
0
0
0
0
0
0
0
0
0
0
0
0
0
0
0
0
0
0
0
0
0
0
0
0
0
0
0
0
0
0
0
0
0
0
0
0
0
0
0
0
0
0
0
0
0
0
0
0
0
0
0
0
0
0
0
0
0
0
0
0
0
0
0
0
0
0
0
0
0
0
0
0
0
0
0
0
0
0
0
0
0
0
0
0
0
0
0
0
0
0
0
0
0
0
0
0
0
0
0
0
0
0
0
0
0
0
0
0
0
0
0
0
0
0
0
0
0
0
0
0
0
0
0
0
