3.59994e+07
653.398
2.43734
0.0109565
5.36989e-05
2.72817e-07
1.40145e-09
7.15215e-12
3.57587e-14
1.73259e-16
8.06924e-19
3.59098e-21
1.52065e-23
6.11074e-26
2.3266e-28
8.38727e-31
2.86174e-33
9.08129e-36
1.80159e-38
0
0
0
0
0
0
0
0
0
0
0
0
0
0
0
0
0
0
0
0
0
0
0
0
0
0
0
0
0
0
0
0
0
0
0
0
0
0
0
0
0
0
0
0
0
0
0
0
0
0
0
0
0
0
0
0
0
0
0
0
0
0
0
0
0
0
0
0
0
0
0
0
0
0
0
0
0
0
0
0
0
0
0
0
0
0
0
0
0
0
0
0
0
0
0
0
0
0
0
0
0
0
0
0
0
0
0
0
0
0
0
0
0
0
0
0
0
0
0
0
0
0
0
0
0
0
0
0
0
0
0
0
0
0
0
0
0
0
0
0
0
0
0
0
0
0
0
0
0
0
0
