3.59993e+07
672.507
2.57774
0.0119366
6.05477e-05
3.2257e-07
1.77934e-09
1.00623e-11
5.7589e-14
3.28309e-16
1.83463e-18
9.91338e-21
5.12808e-23
2.52291e-25
1.17606e-27
5.18513e-30
2.16116e-32
8.50128e-35
3.06575e-37
0
0
0
0
0
0
0
0
0
0
0
0
0
0
0
0
0
0
0
0
0
0
0
0
0
0
0
0
0
0
0
0
0
0
0
0
0
0
0
0
0
0
0
0
0
0
0
0
0
0
0
0
0
0
0
0
0
0
0
0
0
0
0
0
0
0
0
0
0
0
0
0
0
0
0
0
0
0
0
0
0
0
0
0
0
0
0
0
0
0
0
0
0
0
0
0
0
0
0
0
0
0
0
0
0
0
0
0
0
0
0
0
0
0
0
0
0
0
0
0
0
0
0
0
0
0
0
0
0
0
0
0
0
0
0
0
0
0
0
0
0
0
0
0
0
0
0
0
0
0
0
