3.59991e+07
913.943
4.70458
0.0298646
0.000208971
1.54217e-06
1.17874e-08
9.24288e-11
7.38148e-13
5.94698e-15
4.76939e-17
3.74943e-19
2.84862e-21
2.06871e-23
1.42564e-25
9.28521e-28
5.70519e-30
3.30609e-32
1.8065e-34
9.17382e-37
0
0
0
0
0
0
0
0
0
0
0
0
0
0
0
0
0
0
0
0
0
0
0
0
0
0
0
0
0
0
0
0
0
0
0
0
0
0
0
0
0
0
0
0
0
0
0
0
0
0
0
0
0
0
0
0
0
0
0
0
0
0
0
0
0
0
0
0
0
0
0
0
0
0
0
0
0
0
0
0
0
0
0
0
0
0
0
0
0
0
0
0
0
0
0
0
0
0
0
0
0
0
0
0
0
0
0
0
0
0
0
0
0
0
0
0
0
0
0
0
0
0
0
0
0
0
0
0
0
0
0
0
0
0
0
0
0
0
0
0
0
0
0
0
0
0
0
0
0
0
