3.5999e+07
999.164
5.60372
0.0389471
0.000298641
2.41102e-06
2.00085e-08
1.67541e-10
1.39154e-12
1.12866e-14
8.82452e-17
6.58741e-19
4.66579e-21
3.1247e-23
1.97572e-25
1.17932e-27
6.65036e-30
3.54715e-32
1.78978e-34
8.31338e-37
0
0
0
0
0
0
0
0
0
0
0
0
0
0
0
0
0
0
0
0
0
0
0
0
0
0
0
0
0
0
0
0
0
0
0
0
0
0
0
0
0
0
0
0
0
0
0
0
0
0
0
0
0
0
0
0
0
0
0
0
0
0
0
0
0
0
0
0
0
0
0
0
0
0
0
0
0
0
0
0
0
0
0
0
0
0
0
0
0
0
0
0
0
0
0
0
0
0
0
0
0
0
0
0
0
0
0
0
0
0
0
0
0
0
0
0
0
0
0
0
0
0
0
0
0
0
0
0
0
0
0
0
0
0
0
0
0
0
0
0
0
0
0
0
0
0
0
0
0
0
