3.59993e+07
706.415
2.84121
0.0138647
7.42553e-05
4.1829e-07
2.43796e-09
1.45272e-11
8.72989e-14
5.20854e-16
3.03815e-18
1.71028e-20
9.20444e-23
4.70709e-25
2.27955e-27
1.04382e-29
4.51789e-32
1.84656e-34
6.95965e-37
0
0
0
0
0
0
0
0
0
0
0
0
0
0
0
0
0
0
0
0
0
0
0
0
0
0
0
0
0
0
0
0
0
0
0
0
0
0
0
0
0
0
0
0
0
0
0
0
0
0
0
0
0
0
0
0
0
0
0
0
0
0
0
0
0
0
0
0
0
0
0
0
0
0
0
0
0
0
0
0
0
0
0
0
0
0
0
0
0
0
0
0
0
0
0
0
0
0
0
0
0
0
0
0
0
0
0
0
0
0
0
0
0
0
0
0
0
0
0
0
0
0
0
0
0
0
0
0
0
0
0
0
0
0
0
0
0
0
0
0
0
0
0
0
0
0
0
0
0
0
0
