3.59993e+07
673.509
2.58676
0.012014
6.10411e-05
3.2304e-07
1.7364e-09
9.29292e-12
4.86702e-14
2.46021e-16
1.18834e-18
5.44923e-21
2.36323e-23
9.675e-26
3.73724e-28
1.3626e-30
4.6924e-33
1.50917e-35
3.07028e-38
0
0
0
0
0
0
0
0
0
0
0
0
0
0
0
0
0
0
0
0
0
0
0
0
0
0
0
0
0
0
0
0
0
0
0
0
0
0
0
0
0
0
0
0
0
0
0
0
0
0
0
0
0
0
0
0
0
0
0
0
0
0
0
0
0
0
0
0
0
0
0
0
0
0
0
0
0
0
0
0
0
0
0
0
0
0
0
0
0
0
0
0
0
0
0
0
0
0
0
0
0
0
0
0
0
0
0
0
0
0
0
0
0
0
0
0
0
0
0
0
0
0
0
0
0
0
0
0
0
0
0
0
0
0
0
0
0
0
0
0
0
0
0
0
0
0
0
0
0
0
0
