3.59993e+07
705.023
2.82956
0.013744
7.29674e-05
4.04755e-07
2.29801e-09
1.31323e-11
7.4298e-14
4.09891e-16
2.17805e-18
1.10491e-20
5.32086e-23
2.42463e-25
1.04402e-27
4.24715e-30
1.63311e-32
5.91726e-35
1.80775e-37
0
0
0
0
0
0
0
0
0
0
0
0
0
0
0
0
0
0
0
0
0
0
0
0
0
0
0
0
0
0
0
0
0
0
0
0
0
0
0
0
0
0
0
0
0
0
0
0
0
0
0
0
0
0
0
0
0
0
0
0
0
0
0
0
0
0
0
0
0
0
0
0
0
0
0
0
0
0
0
0
0
0
0
0
0
0
0
0
0
0
0
0
0
0
0
0
0
0
0
0
0
0
0
0
0
0
0
0
0
0
0
0
0
0
0
0
0
0
0
0
0
0
0
0
0
0
0
0
0
0
0
0
0
0
0
0
0
0
0
0
0
0
0
0
0
0
0
0
0
0
0
