3.59994e+07
608.162
2.11966
0.0088465
4.02154e-05
1.90132e-07
9.20175e-10
4.53182e-12
2.26302e-14
1.13922e-16
5.72415e-19
2.83385e-21
1.36428e-23
6.31748e-26
2.79201e-28
1.172e-30
4.66019e-33
1.74277e-35
5.88132e-38
0
0
0
0
0
0
0
0
0
0
0
0
0
0
0
0
0
0
0
0
0
0
0
0
0
0
0
0
0
0
0
0
0
0
0
0
0
0
0
0
0
0
0
0
0
0
0
0
0
0
0
0
0
0
0
0
0
0
0
0
0
0
0
0
0
0
0
0
0
0
0
0
0
0
0
0
0
0
0
0
0
0
0
0
0
0
0
0
0
0
0
0
0
0
0
0
0
0
0
0
0
0
0
0
0
0
0
0
0
0
0
0
0
0
0
0
0
0
0
0
0
0
0
0
0
0
0
0
0
0
0
0
0
0
0
0
0
0
0
0
0
0
0
0
0
0
0
0
0
0
0
