3.59991e+07
930.478
4.87544
0.0315026
0.000224663
1.70669e-06
1.37933e-08
1.20002e-10
1.12995e-12
1.13142e-14
1.16107e-16
1.17565e-18
1.1431e-20
1.05093e-22
9.07075e-25
7.3331e-27
5.55408e-29
3.94692e-31
2.63691e-33
1.65784e-35
9.85271e-38
0
0
0
0
0
0
0
0
0
0
0
0
0
0
0
0
0
0
0
0
0
0
0
0
0
0
0
0
0
0
0
0
0
0
0
0
0
0
0
0
0
0
0
0
0
0
0
0
0
0
0
0
0
0
0
0
0
0
0
0
0
0
0
0
0
0
0
0
0
0
0
0
0
0
0
0
0
0
0
0
0
0
0
0
0
0
0
0
0
0
0
0
0
0
0
0
0
0
0
0
0
0
0
0
0
0
0
0
0
0
0
0
0
0
0
0
0
0
0
0
0
0
0
0
0
0
0
0
0
0
0
0
0
0
0
0
0
0
0
0
0
0
0
0
0
0
0
0
0
