3.59993e+07
698.04
2.77439
0.0133662
7.04041e-05
3.85462e-07
2.13759e-09
1.17847e-11
6.36456e-14
3.32956e-16
1.67343e-18
8.03418e-21
3.67062e-23
1.59216e-25
6.54857e-28
2.55291e-30
9.43309e-33
3.27938e-35
8.75765e-38
0
0
0
0
0
0
0
0
0
0
0
0
0
0
0
0
0
0
0
0
0
0
0
0
0
0
0
0
0
0
0
0
0
0
0
0
0
0
0
0
0
0
0
0
0
0
0
0
0
0
0
0
0
0
0
0
0
0
0
0
0
0
0
0
0
0
0
0
0
0
0
0
0
0
0
0
0
0
0
0
0
0
0
0
0
0
0
0
0
0
0
0
0
0
0
0
0
0
0
0
0
0
0
0
0
0
0
0
0
0
0
0
0
0
0
0
0
0
0
0
0
0
0
0
0
0
0
0
0
0
0
0
0
0
0
0
0
0
0
0
0
0
0
0
0
0
0
0
0
0
0
