3.59994e+07
629.338
2.26652
0.00980656
4.61813e-05
2.25222e-07
1.11465e-09
5.54117e-12
2.74898e-14
1.35316e-16
6.56481e-19
3.11409e-21
1.43236e-23
6.3399e-26
2.68414e-28
1.08242e-30
4.1461e-33
1.49391e-35
4.90695e-38
0
0
0
0
0
0
0
0
0
0
0
0
0
0
0
0
0
0
0
0
0
0
0
0
0
0
0
0
0
0
0
0
0
0
0
0
0
0
0
0
0
0
0
0
0
0
0
0
0
0
0
0
0
0
0
0
0
0
0
0
0
0
0
0
0
0
0
0
0
0
0
0
0
0
0
0
0
0
0
0
0
0
0
0
0
0
0
0
0
0
0
0
0
0
0
0
0
0
0
0
0
0
0
0
0
0
0
0
0
0
0
0
0
0
0
0
0
0
0
0
0
0
0
0
0
0
0
0
0
0
0
0
0
0
0
0
0
0
0
0
0
0
0
0
0
0
0
0
0
0
0
