3.59993e+07
750.176
3.18834
0.0164302
9.2369e-05
5.40611e-07
3.21927e-09
1.91654e-11
1.12319e-13
6.39556e-16
3.50239e-18
1.83119e-20
9.09731e-23
4.28247e-25
1.90769e-27
8.03953e-30
3.20628e-32
1.20748e-34
3.9768e-37
0
0
0
0
0
0
0
0
0
0
0
0
0
0
0
0
0
0
0
0
0
0
0
0
0
0
0
0
0
0
0
0
0
0
0
0
0
0
0
0
0
0
0
0
0
0
0
0
0
0
0
0
0
0
0
0
0
0
0
0
0
0
0
0
0
0
0
0
0
0
0
0
0
0
0
0
0
0
0
0
0
0
0
0
0
0
0
0
0
0
0
0
0
0
0
0
0
0
0
0
0
0
0
0
0
0
0
0
0
0
0
0
0
0
0
0
0
0
0
0
0
0
0
0
0
0
0
0
0
0
0
0
0
0
0
0
0
0
0
0
0
0
0
0
0
0
0
0
0
0
0
