3.59993e+07
734.615
3.06406
0.0155011
8.5589e-05
4.91919e-07
2.88005e-09
1.69203e-11
9.84446e-14
5.60377e-16
3.08761e-18
1.63251e-20
8.23044e-23
3.94022e-25
1.78705e-27
7.67097e-30
3.11628e-32
1.19535e-34
4.19192e-37
0
0
0
0
0
0
0
0
0
0
0
0
0
0
0
0
0
0
0
0
0
0
0
0
0
0
0
0
0
0
0
0
0
0
0
0
0
0
0
0
0
0
0
0
0
0
0
0
0
0
0
0
0
0
0
0
0
0
0
0
0
0
0
0
0
0
0
0
0
0
0
0
0
0
0
0
0
0
0
0
0
0
0
0
0
0
0
0
0
0
0
0
0
0
0
0
0
0
0
0
0
0
0
0
0
0
0
0
0
0
0
0
0
0
0
0
0
0
0
0
0
0
0
0
0
0
0
0
0
0
0
0
0
0
0
0
0
0
0
0
0
0
0
0
0
0
0
0
0
0
0
