3.59993e+07
736.884
3.08197
0.0156669
8.72736e-05
5.08493e-07
3.03046e-09
1.81808e-11
1.08341e-13
6.33978e-16
3.60755e-18
1.98006e-20
1.04155e-22
5.22546e-25
2.49225e-27
1.12778e-29
4.83715e-32
1.96286e-34
7.26176e-37
0
0
0
0
0
0
0
0
0
0
0
0
0
0
0
0
0
0
0
0
0
0
0
0
0
0
0
0
0
0
0
0
0
0
0
0
0
0
0
0
0
0
0
0
0
0
0
0
0
0
0
0
0
0
0
0
0
0
0
0
0
0
0
0
0
0
0
0
0
0
0
0
0
0
0
0
0
0
0
0
0
0
0
0
0
0
0
0
0
0
0
0
0
0
0
0
0
0
0
0
0
0
0
0
0
0
0
0
0
0
0
0
0
0
0
0
0
0
0
0
0
0
0
0
0
0
0
0
0
0
0
0
0
0
0
0
0
0
0
0
0
0
0
0
0
0
0
0
0
0
0
