3.59993e+07
682.264
2.65292
0.0124891
6.45456e-05
3.50247e-07
1.95432e-09
1.10254e-11
6.18677e-14
3.40206e-16
1.81099e-18
9.24751e-21
4.50164e-23
2.08109e-25
9.11802e-28
3.78327e-30
1.48658e-32
5.51468e-35
1.78156e-37
0
0
0
0
0
0
0
0
0
0
0
0
0
0
0
0
0
0
0
0
0
0
0
0
0
0
0
0
0
0
0
0
0
0
0
0
0
0
0
0
0
0
0
0
0
0
0
0
0
0
0
0
0
0
0
0
0
0
0
0
0
0
0
0
0
0
0
0
0
0
0
0
0
0
0
0
0
0
0
0
0
0
0
0
0
0
0
0
0
0
0
0
0
0
0
0
0
0
0
0
0
0
0
0
0
0
0
0
0
0
0
0
0
0
0
0
0
0
0
0
0
0
0
0
0
0
0
0
0
0
0
0
0
0
0
0
0
0
0
0
0
0
0
0
0
0
0
0
0
0
0
