3.59993e+07
719.052
2.93781
0.0145635
7.90291e-05
4.48448e-07
2.60925e-09
1.53559e-11
9.01993e-14
5.2152e-16
2.92915e-18
1.58063e-20
8.12897e-23
3.96378e-25
1.82736e-27
7.95602e-30
3.27124e-32
1.26824e-34
4.44294e-37
0
0
0
0
0
0
0
0
0
0
0
0
0
0
0
0
0
0
0
0
0
0
0
0
0
0
0
0
0
0
0
0
0
0
0
0
0
0
0
0
0
0
0
0
0
0
0
0
0
0
0
0
0
0
0
0
0
0
0
0
0
0
0
0
0
0
0
0
0
0
0
0
0
0
0
0
0
0
0
0
0
0
0
0
0
0
0
0
0
0
0
0
0
0
0
0
0
0
0
0
0
0
0
0
0
0
0
0
0
0
0
0
0
0
0
0
0
0
0
0
0
0
0
0
0
0
0
0
0
0
0
0
0
0
0
0
0
0
0
0
0
0
0
0
0
0
0
0
0
0
0
