3.59994e+07
579.547
1.93142
0.00769571
3.36328e-05
1.54997e-07
7.44093e-10
3.67994e-12
1.84269e-14
9.1518e-17
4.42433e-19
2.05299e-21
9.06184e-24
3.78567e-26
1.49337e-28
5.55953e-31
1.95355e-33
6.42399e-36
1.42856e-38
0
0
0
0
0
0
0
0
0
0
0
0
0
0
0
0
0
0
0
0
0
0
0
0
0
0
0
0
0
0
0
0
0
0
0
0
0
0
0
0
0
0
0
0
0
0
0
0
0
0
0
0
0
0
0
0
0
0
0
0
0
0
0
0
0
0
0
0
0
0
0
0
0
0
0
0
0
0
0
0
0
0
0
0
0
0
0
0
0
0
0
0
0
0
0
0
0
0
0
0
0
0
0
0
0
0
0
0
0
0
0
0
0
0
0
0
0
0
0
0
0
0
0
0
0
0
0
0
0
0
0
0
0
0
0
0
0
0
0
0
0
0
0
0
0
0
0
0
0
0
0
