3.59989e+07
1046.93
6.14648
0.0448628
0.000363056
3.12714e-06
2.82037e-08
2.63285e-10
2.50864e-12
2.39722e-14
2.25558e-16
2.05708e-18
1.7976e-20
1.49409e-22
1.17626e-24
8.75486e-27
6.15767e-29
4.09443e-31
2.57598e-33
1.53123e-35
8.01637e-38
0
0
0
0
0
0
0
0
0
0
0
0
0
0
0
0
0
0
0
0
0
0
0
0
0
0
0
0
0
0
0
0
0
0
0
0
0
0
0
0
0
0
0
0
0
0
0
0
0
0
0
0
0
0
0
0
0
0
0
0
0
0
0
0
0
0
0
0
0
0
0
0
0
0
0
0
0
0
0
0
0
0
0
0
0
0
0
0
0
0
0
0
0
0
0
0
0
0
0
0
0
0
0
0
0
0
0
0
0
0
0
0
0
0
0
0
0
0
0
0
0
0
0
0
0
0
0
0
0
0
0
0
0
0
0
0
0
0
0
0
0
0
0
0
0
0
0
0
0
