3.5999e+07
963.885
5.22386
0.0350656
0.000260437
2.04791e-06
1.66822e-08
1.38326e-10
1.1477e-12
9.37482e-15
7.43458e-17
5.66333e-19
4.11375e-21
2.83667e-23
1.85256e-25
1.14485e-27
6.69546e-30
3.7081e-32
1.94462e-34
9.50872e-37
0
0
0
0
0
0
0
0
0
0
0
0
0
0
0
0
0
0
0
0
0
0
0
0
0
0
0
0
0
0
0
0
0
0
0
0
0
0
0
0
0
0
0
0
0
0
0
0
0
0
0
0
0
0
0
0
0
0
0
0
0
0
0
0
0
0
0
0
0
0
0
0
0
0
0
0
0
0
0
0
0
0
0
0
0
0
0
0
0
0
0
0
0
0
0
0
0
0
0
0
0
0
0
0
0
0
0
0
0
0
0
0
0
0
0
0
0
0
0
0
0
0
0
0
0
0
0
0
0
0
0
0
0
0
0
0
0
0
0
0
0
0
0
0
0
0
0
0
0
0
