3.59993e+07
743.848
3.13858
0.0160988
9.08501e-05
5.44095e-07
3.42962e-09
2.26198e-11
1.53985e-13
1.05904e-15
7.19138e-18
4.73143e-20
2.97791e-22
1.77961e-24
1.00603e-26
5.37241e-29
2.71007e-31
1.29203e-33
5.80537e-36
2.05927e-38
0
0
0
0
0
0
0
0
0
0
0
0
0
0
0
0
0
0
0
0
0
0
0
0
0
0
0
0
0
0
0
0
0
0
0
0
0
0
0
0
0
0
0
0
0
0
0
0
0
0
0
0
0
0
0
0
0
0
0
0
0
0
0
0
0
0
0
0
0
0
0
0
0
0
0
0
0
0
0
0
0
0
0
0
0
0
0
0
0
0
0
0
0
0
0
0
0
0
0
0
0
0
0
0
0
0
0
0
0
0
0
0
0
0
0
0
0
0
0
0
0
0
0
0
0
0
0
0
0
0
0
0
0
0
0
0
0
0
0
0
0
0
0
0
0
0
0
0
0
0
