3.5999e+07
983.514
5.42043
0.0368505
0.000274901
2.14773e-06
1.72347e-08
1.40914e-10
1.17069e-12
9.85042e-15
8.32819e-17
6.98489e-19
5.72722e-21
4.53175e-23
3.42725e-25
2.46218e-27
1.6747e-29
1.07696e-31
6.54512e-34
3.74798e-36
2.00566e-38
0
0
0
0
0
0
0
0
0
0
0
0
0
0
0
0
0
0
0
0
0
0
0
0
0
0
0
0
0
0
0
0
0
0
0
0
0
0
0
0
0
0
0
0
0
0
0
0
0
0
0
0
0
0
0
0
0
0
0
0
0
0
0
0
0
0
0
0
0
0
0
0
0
0
0
0
0
0
0
0
0
0
0
0
0
0
0
0
0
0
0
0
0
0
0
0
0
0
0
0
0
0
0
0
0
0
0
0
0
0
0
0
0
0
0
0
0
0
0
0
0
0
0
0
0
0
0
0
0
0
0
0
0
0
0
0
0
0
0
0
0
0
0
0
0
0
0
0
0
