3.59991e+07
898.582
4.54514
0.028258
0.0001935
1.40187e-06
1.05752e-08
8.19699e-11
6.42249e-13
4.99394e-15
3.78833e-17
2.76652e-19
1.92755e-21
1.27459e-23
7.97817e-26
4.72323e-28
2.64533e-30
1.40272e-32
7.03801e-35
3.24691e-37
0
0
0
0
0
0
0
0
0
0
0
0
0
0
0
0
0
0
0
0
0
0
0
0
0
0
0
0
0
0
0
0
0
0
0
0
0
0
0
0
0
0
0
0
0
0
0
0
0
0
0
0
0
0
0
0
0
0
0
0
0
0
0
0
0
0
0
0
0
0
0
0
0
0
0
0
0
0
0
0
0
0
0
0
0
0
0
0
0
0
0
0
0
0
0
0
0
0
0
0
0
0
0
0
0
0
0
0
0
0
0
0
0
0
0
0
0
0
0
0
0
0
0
0
0
0
0
0
0
0
0
0
0
0
0
0
0
0
0
0
0
0
0
0
0
0
0
0
0
0
