3.59994e+07
584.799
1.96317
0.00785814
3.42786e-05
1.56287e-07
7.36246e-10
3.56444e-12
1.75893e-14
8.73426e-17
4.29836e-19
2.06623e-21
9.58872e-24
4.25994e-26
1.80202e-28
7.23544e-31
2.75271e-33
9.86003e-36
2.90641e-38
0
0
0
0
0
0
0
0
0
0
0
0
0
0
0
0
0
0
0
0
0
0
0
0
0
0
0
0
0
0
0
0
0
0
0
0
0
0
0
0
0
0
0
0
0
0
0
0
0
0
0
0
0
0
0
0
0
0
0
0
0
0
0
0
0
0
0
0
0
0
0
0
0
0
0
0
0
0
0
0
0
0
0
0
0
0
0
0
0
0
0
0
0
0
0
0
0
0
0
0
0
0
0
0
0
0
0
0
0
0
0
0
0
0
0
0
0
0
0
0
0
0
0
0
0
0
0
0
0
0
0
0
0
0
0
0
0
0
0
0
0
0
0
0
0
0
0
0
0
0
0
