3.59994e+07
662.541
2.50708
0.0114758
5.76499e-05
3.0351e-07
1.63816e-09
8.90562e-12
4.79543e-14
2.52047e-16
1.27837e-18
6.20629e-21
2.86909e-23
1.25907e-25
5.23677e-28
2.06329e-30
7.70073e-33
2.70951e-35
7.7483e-38
0
0
0
0
0
0
0
0
0
0
0
0
0
0
0
0
0
0
0
0
0
0
0
0
0
0
0
0
0
0
0
0
0
0
0
0
0
0
0
0
0
0
0
0
0
0
0
0
0
0
0
0
0
0
0
0
0
0
0
0
0
0
0
0
0
0
0
0
0
0
0
0
0
0
0
0
0
0
0
0
0
0
0
0
0
0
0
0
0
0
0
0
0
0
0
0
0
0
0
0
0
0
0
0
0
0
0
0
0
0
0
0
0
0
0
0
0
0
0
0
0
0
0
0
0
0
0
0
0
0
0
0
0
0
0
0
0
0
0
0
0
0
0
0
0
0
0
0
0
0
0
