3.5999e+07
1010.86
5.73113
0.0404441
0.000317787
2.6563e-06
2.29881e-08
2.01453e-10
1.75568e-12
1.50036e-14
1.24374e-16
9.91911e-19
7.56442e-21
5.49259e-23
3.78689e-25
2.47528e-27
1.53301e-29
8.99637e-32
5.00257e-34
2.5962e-36
1.13677e-38
0
0
0
0
0
0
0
0
0
0
0
0
0
0
0
0
0
0
0
0
0
0
0
0
0
0
0
0
0
0
0
0
0
0
0
0
0
0
0
0
0
0
0
0
0
0
0
0
0
0
0
0
0
0
0
0
0
0
0
0
0
0
0
0
0
0
0
0
0
0
0
0
0
0
0
0
0
0
0
0
0
0
0
0
0
0
0
0
0
0
0
0
0
0
0
0
0
0
0
0
0
0
0
0
0
0
0
0
0
0
0
0
0
0
0
0
0
0
0
0
0
0
0
0
0
0
0
0
0
0
0
0
0
0
0
0
0
0
0
0
0
0
0
0
0
0
0
0
0
