3.5999e+07
970.267
5.28456
0.0355616
0.000263824
2.05785e-06
1.64234e-08
1.31242e-10
1.032e-12
7.8811e-15
5.79083e-17
4.06808e-19
2.72117e-21
1.72883e-23
1.04183e-25
5.95184e-28
3.22351e-30
1.65571e-32
8.04823e-35
3.38586e-37
0
0
0
0
0
0
0
0
0
0
0
0
0
0
0
0
0
0
0
0
0
0
0
0
0
0
0
0
0
0
0
0
0
0
0
0
0
0
0
0
0
0
0
0
0
0
0
0
0
0
0
0
0
0
0
0
0
0
0
0
0
0
0
0
0
0
0
0
0
0
0
0
0
0
0
0
0
0
0
0
0
0
0
0
0
0
0
0
0
0
0
0
0
0
0
0
0
0
0
0
0
0
0
0
0
0
0
0
0
0
0
0
0
0
0
0
0
0
0
0
0
0
0
0
0
0
0
0
0
0
0
0
0
0
0
0
0
0
0
0
0
0
0
0
0
0
0
0
0
0
