3.59993e+07
726.664
3.00288
0.0150922
8.31168e-05
4.78301e-07
2.81516e-09
1.67118e-11
9.88879e-14
5.76736e-16
3.27975e-18
1.80114e-20
9.47785e-23
4.75187e-25
2.26162e-27
1.01977e-29
4.35265e-32
1.75587e-34
6.41551e-37
0
0
0
0
0
0
0
0
0
0
0
0
0
0
0
0
0
0
0
0
0
0
0
0
0
0
0
0
0
0
0
0
0
0
0
0
0
0
0
0
0
0
0
0
0
0
0
0
0
0
0
0
0
0
0
0
0
0
0
0
0
0
0
0
0
0
0
0
0
0
0
0
0
0
0
0
0
0
0
0
0
0
0
0
0
0
0
0
0
0
0
0
0
0
0
0
0
0
0
0
0
0
0
0
0
0
0
0
0
0
0
0
0
0
0
0
0
0
0
0
0
0
0
0
0
0
0
0
0
0
0
0
0
0
0
0
0
0
0
0
0
0
0
0
0
0
0
0
0
0
0
