3.59991e+07
901.87
4.58385
0.0287075
0.000197932
1.433e-06
1.06116e-08
7.86047e-11
5.71148e-13
4.00807e-15
2.68695e-17
1.70895e-19
1.02723e-21
5.82511e-24
3.1149e-26
1.57132e-28
7.48455e-31
3.36947e-33
1.42214e-35
4.35966e-38
0
0
0
0
0
0
0
0
0
0
0
0
0
0
0
0
0
0
0
0
0
0
0
0
0
0
0
0
0
0
0
0
0
0
0
0
0
0
0
0
0
0
0
0
0
0
0
0
0
0
0
0
0
0
0
0
0
0
0
0
0
0
0
0
0
0
0
0
0
0
0
0
0
0
0
0
0
0
0
0
0
0
0
0
0
0
0
0
0
0
0
0
0
0
0
0
0
0
0
0
0
0
0
0
0
0
0
0
0
0
0
0
0
0
0
0
0
0
0
0
0
0
0
0
0
0
0
0
0
0
0
0
0
0
0
0
0
0
0
0
0
0
0
0
0
0
0
0
0
0
