3.59993e+07
697.088
2.76639
0.0133105
7.02898e-05
3.89564e-07
2.21969e-09
1.27838e-11
7.31421e-14
4.08998e-16
2.20542e-18
1.1358e-20
5.55298e-23
2.56885e-25
1.12297e-27
4.63861e-30
1.81165e-32
6.67403e-35
2.12452e-37
0
0
0
0
0
0
0
0
0
0
0
0
0
0
0
0
0
0
0
0
0
0
0
0
0
0
0
0
0
0
0
0
0
0
0
0
0
0
0
0
0
0
0
0
0
0
0
0
0
0
0
0
0
0
0
0
0
0
0
0
0
0
0
0
0
0
0
0
0
0
0
0
0
0
0
0
0
0
0
0
0
0
0
0
0
0
0
0
0
0
0
0
0
0
0
0
0
0
0
0
0
0
0
0
0
0
0
0
0
0
0
0
0
0
0
0
0
0
0
0
0
0
0
0
0
0
0
0
0
0
0
0
0
0
0
0
0
0
0
0
0
0
0
0
0
0
0
0
0
0
0
