3.59994e+07
563.817
1.83272
0.00711375
3.02198e-05
1.34393e-07
6.14461e-10
2.84469e-12
1.31051e-14
5.90461e-17
2.56486e-19
1.06326e-21
4.18001e-24
1.55313e-26
5.44695e-29
1.80294e-31
5.63102e-34
1.61234e-36
0
0
0
0
0
0
0
0
0
0
0
0
0
0
0
0
0
0
0
0
0
0
0
0
0
0
0
0
0
0
0
0
0
0
0
0
0
0
0
0
0
0
0
0
0
0
0
0
0
0
0
0
0
0
0
0
0
0
0
0
0
0
0
0
0
0
0
0
0
0
0
0
0
0
0
0
0
0
0
0
0
0
0
0
0
0
0
0
0
0
0
0
0
0
0
0
0
0
0
0
0
0
0
0
0
0
0
0
0
0
0
0
0
0
0
0
0
0
0
0
0
0
0
0
0
0
0
0
0
0
0
0
0
0
0
0
0
0
0
0
0
0
0
0
0
0
0
0
0
0
0
0
