3.59993e+07
742.103
3.12112
0.0159113
8.85505e-05
5.13884e-07
3.04311e-09
1.80828e-11
1.0618e-13
6.07874e-16
3.35667e-18
1.77375e-20
8.92158e-23
4.25717e-25
1.92385e-27
8.22837e-30
3.33108e-32
1.27408e-34
4.34661e-37
0
0
0
0
0
0
0
0
0
0
0
0
0
0
0
0
0
0
0
0
0
0
0
0
0
0
0
0
0
0
0
0
0
0
0
0
0
0
0
0
0
0
0
0
0
0
0
0
0
0
0
0
0
0
0
0
0
0
0
0
0
0
0
0
0
0
0
0
0
0
0
0
0
0
0
0
0
0
0
0
0
0
0
0
0
0
0
0
0
0
0
0
0
0
0
0
0
0
0
0
0
0
0
0
0
0
0
0
0
0
0
0
0
0
0
0
0
0
0
0
0
0
0
0
0
0
0
0
0
0
0
0
0
0
0
0
0
0
0
0
0
0
0
0
0
0
0
0
0
0
0
