3.5999e+07
971.833
5.29796
0.0357109
0.000265585
2.079e-06
1.66783e-08
1.34057e-10
1.05802e-12
8.06451e-15
5.86545e-17
4.03912e-19
2.62206e-21
1.60147e-23
9.19963e-26
4.97361e-28
2.53365e-30
1.21793e-32
5.51404e-35
2.13899e-37
0
0
0
0
0
0
0
0
0
0
0
0
0
0
0
0
0
0
0
0
0
0
0
0
0
0
0
0
0
0
0
0
0
0
0
0
0
0
0
0
0
0
0
0
0
0
0
0
0
0
0
0
0
0
0
0
0
0
0
0
0
0
0
0
0
0
0
0
0
0
0
0
0
0
0
0
0
0
0
0
0
0
0
0
0
0
0
0
0
0
0
0
0
0
0
0
0
0
0
0
0
0
0
0
0
0
0
0
0
0
0
0
0
0
0
0
0
0
0
0
0
0
0
0
0
0
0
0
0
0
0
0
0
0
0
0
0
0
0
0
0
0
0
0
0
0
0
0
0
0
