3.5999e+07
1012.8
5.76903
0.040903
0.000321617
2.6768e-06
2.30172e-08
2.0074e-10
1.74673e-12
1.4943e-14
1.2415e-16
9.92474e-19
7.58543e-21
5.52054e-23
3.81723e-25
2.50518e-27
1.56017e-29
9.22336e-32
5.17656e-34
2.71341e-36
1.06655e-38
0
0
0
0
0
0
0
0
0
0
0
0
0
0
0
0
0
0
0
0
0
0
0
0
0
0
0
0
0
0
0
0
0
0
0
0
0
0
0
0
0
0
0
0
0
0
0
0
0
0
0
0
0
0
0
0
0
0
0
0
0
0
0
0
0
0
0
0
0
0
0
0
0
0
0
0
0
0
0
0
0
0
0
0
0
0
0
0
0
0
0
0
0
0
0
0
0
0
0
0
0
0
0
0
0
0
0
0
0
0
0
0
0
0
0
0
0
0
0
0
0
0
0
0
0
0
0
0
0
0
0
0
0
0
0
0
0
0
0
0
0
0
0
0
0
0
0
0
0
