3.59994e+07
664.926
2.52265
0.0115688
5.83022e-05
3.10775e-07
1.7371e-09
1.01385e-11
6.11435e-14
3.74157e-16
2.27445e-18
1.34788e-20
7.6809e-23
4.17189e-25
2.14907e-27
1.04742e-29
4.82589e-32
2.10079e-34
8.57292e-37
3.05767e-39
0
0
0
0
0
0
0
0
0
0
0
0
0
0
0
0
0
0
0
0
0
0
0
0
0
0
0
0
0
0
0
0
0
0
0
0
0
0
0
0
0
0
0
0
0
0
0
0
0
0
0
0
0
0
0
0
0
0
0
0
0
0
0
0
0
0
0
0
0
0
0
0
0
0
0
0
0
0
0
0
0
0
0
0
0
0
0
0
0
0
0
0
0
0
0
0
0
0
0
0
0
0
0
0
0
0
0
0
0
0
0
0
0
0
0
0
0
0
0
0
0
0
0
0
0
0
0
0
0
0
0
0
0
0
0
0
0
0
0
0
0
0
0
0
0
0
0
0
0
0
