3.59994e+07
581.569
1.94411
0.00774876
3.34939e-05
1.49193e-07
6.69361e-10
2.97956e-12
1.29972e-14
5.50007e-17
2.24066e-19
8.74073e-22
3.25379e-24
1.15353e-26
3.8909e-29
1.2483e-31
3.80367e-34
1.0318e-36
0
0
0
0
0
0
0
0
0
0
0
0
0
0
0
0
0
0
0
0
0
0
0
0
0
0
0
0
0
0
0
0
0
0
0
0
0
0
0
0
0
0
0
0
0
0
0
0
0
0
0
0
0
0
0
0
0
0
0
0
0
0
0
0
0
0
0
0
0
0
0
0
0
0
0
0
0
0
0
0
0
0
0
0
0
0
0
0
0
0
0
0
0
0
0
0
0
0
0
0
0
0
0
0
0
0
0
0
0
0
0
0
0
0
0
0
0
0
0
0
0
0
0
0
0
0
0
0
0
0
0
0
0
0
0
0
0
0
0
0
0
0
0
0
0
0
0
0
0
0
0
0
