3.5999e+07
977.591
5.37857
0.0368084
0.000280093
2.26693e-06
1.90618e-08
1.63304e-10
1.39931e-12
1.17943e-14
9.64502e-17
7.57509e-19
5.67478e-21
4.03815e-23
2.72361e-25
1.73974e-27
1.05251e-29
6.03436e-32
3.27913e-34
1.65869e-36
5.55457e-39
0
0
0
0
0
0
0
0
0
0
0
0
0
0
0
0
0
0
0
0
0
0
0
0
0
0
0
0
0
0
0
0
0
0
0
0
0
0
0
0
0
0
0
0
0
0
0
0
0
0
0
0
0
0
0
0
0
0
0
0
0
0
0
0
0
0
0
0
0
0
0
0
0
0
0
0
0
0
0
0
0
0
0
0
0
0
0
0
0
0
0
0
0
0
0
0
0
0
0
0
0
0
0
0
0
0
0
0
0
0
0
0
0
0
0
0
0
0
0
0
0
0
0
0
0
0
0
0
0
0
0
0
0
0
0
0
0
0
0
0
0
0
0
0
0
0
0
0
0
