3.59989e+07
1051.23
6.17999
0.0449372
0.000358839
3.01956e-06
2.66107e-08
2.48014e-10
2.4628e-12
2.5765e-14
2.75768e-16
2.92168e-18
2.98727e-20
2.90241e-22
2.65867e-24
2.28891e-26
1.85107e-28
1.40745e-30
1.0077e-32
6.80394e-35
4.29831e-37
0
0
0
0
0
0
0
0
0
0
0
0
0
0
0
0
0
0
0
0
0
0
0
0
0
0
0
0
0
0
0
0
0
0
0
0
0
0
0
0
0
0
0
0
0
0
0
0
0
0
0
0
0
0
0
0
0
0
0
0
0
0
0
0
0
0
0
0
0
0
0
0
0
0
0
0
0
0
0
0
0
0
0
0
0
0
0
0
0
0
0
0
0
0
0
0
0
0
0
0
0
0
0
0
0
0
0
0
0
0
0
0
0
0
0
0
0
0
0
0
0
0
0
0
0
0
0
0
0
0
0
0
0
0
0
0
0
0
0
0
0
0
0
0
0
0
0
0
0
