3.59995e+07
562.65
1.8236
0.00705162
2.98064e-05
1.31509e-07
5.94019e-10
2.70711e-12
1.22618e-14
5.43989e-17
2.3343e-19
9.59594e-22
3.75416e-24
1.39206e-26
4.88195e-29
1.61797e-31
5.06261e-34
1.44063e-36
0
0
0
0
0
0
0
0
0
0
0
0
0
0
0
0
0
0
0
0
0
0
0
0
0
0
0
0
0
0
0
0
0
0
0
0
0
0
0
0
0
0
0
0
0
0
0
0
0
0
0
0
0
0
0
0
0
0
0
0
0
0
0
0
0
0
0
0
0
0
0
0
0
0
0
0
0
0
0
0
0
0
0
0
0
0
0
0
0
0
0
0
0
0
0
0
0
0
0
0
0
0
0
0
0
0
0
0
0
0
0
0
0
0
0
0
0
0
0
0
0
0
0
0
0
0
0
0
0
0
0
0
0
0
0
0
0
0
0
0
0
0
0
0
0
0
0
0
0
0
0
0
