3.59994e+07
619.131
2.19628
0.00935606
4.35663e-05
2.11895e-07
1.05552e-09
5.3017e-12
2.6422e-14
1.2866e-16
6.04408e-19
2.714e-21
1.15793e-23
4.67785e-26
1.78651e-28
6.44757e-31
2.19898e-33
6.97953e-36
1.48186e-38
0
0
0
0
0
0
0
0
0
0
0
0
0
0
0
0
0
0
0
0
0
0
0
0
0
0
0
0
0
0
0
0
0
0
0
0
0
0
0
0
0
0
0
0
0
0
0
0
0
0
0
0
0
0
0
0
0
0
0
0
0
0
0
0
0
0
0
0
0
0
0
0
0
0
0
0
0
0
0
0
0
0
0
0
0
0
0
0
0
0
0
0
0
0
0
0
0
0
0
0
0
0
0
0
0
0
0
0
0
0
0
0
0
0
0
0
0
0
0
0
0
0
0
0
0
0
0
0
0
0
0
0
0
0
0
0
0
0
0
0
0
0
0
0
0
0
0
0
0
0
0
