3.59989e+07
1026.09
5.90654
0.0421672
0.000332089
2.75207e-06
2.34094e-08
2.00639e-10
1.70644e-12
1.42213e-14
1.14978e-16
8.95113e-19
6.67511e-21
4.7517e-23
3.22202e-25
2.07871e-27
1.27536e-29
7.44109e-32
4.12678e-34
2.13838e-36
8.60136e-39
0
0
0
0
0
0
0
0
0
0
0
0
0
0
0
0
0
0
0
0
0
0
0
0
0
0
0
0
0
0
0
0
0
0
0
0
0
0
0
0
0
0
0
0
0
0
0
0
0
0
0
0
0
0
0
0
0
0
0
0
0
0
0
0
0
0
0
0
0
0
0
0
0
0
0
0
0
0
0
0
0
0
0
0
0
0
0
0
0
0
0
0
0
0
0
0
0
0
0
0
0
0
0
0
0
0
0
0
0
0
0
0
0
0
0
0
0
0
0
0
0
0
0
0
0
0
0
0
0
0
0
0
0
0
0
0
0
0
0
0
0
0
0
0
0
0
0
0
0
