3.5999e+07
994.179
5.55441
0.0385621
0.000296437
2.40409e-06
2.00453e-08
1.68759e-10
1.41453e-12
1.16645e-14
9.36334e-17
7.25003e-19
5.37546e-21
3.79625e-23
2.54492e-25
1.61647e-27
9.72171e-30
5.53673e-32
2.98537e-34
1.49939e-36
4.44725e-39
0
0
0
0
0
0
0
0
0
0
0
0
0
0
0
0
0
0
0
0
0
0
0
0
0
0
0
0
0
0
0
0
0
0
0
0
0
0
0
0
0
0
0
0
0
0
0
0
0
0
0
0
0
0
0
0
0
0
0
0
0
0
0
0
0
0
0
0
0
0
0
0
0
0
0
0
0
0
0
0
0
0
0
0
0
0
0
0
0
0
0
0
0
0
0
0
0
0
0
0
0
0
0
0
0
0
0
0
0
0
0
0
0
0
0
0
0
0
0
0
0
0
0
0
0
0
0
0
0
0
0
0
0
0
0
0
0
0
0
0
0
0
0
0
0
0
0
0
0
