3.59994e+07
651.602
2.42411
0.0108695
5.33858e-05
2.75341e-07
1.46823e-09
8.00089e-12
4.39498e-14
2.39673e-16
1.2788e-18
6.59609e-21
3.25995e-23
1.53462e-25
6.85671e-28
2.90255e-30
1.16332e-32
4.40161e-35
1.50864e-37
0
0
0
0
0
0
0
0
0
0
0
0
0
0
0
0
0
0
0
0
0
0
0
0
0
0
0
0
0
0
0
0
0
0
0
0
0
0
0
0
0
0
0
0
0
0
0
0
0
0
0
0
0
0
0
0
0
0
0
0
0
0
0
0
0
0
0
0
0
0
0
0
0
0
0
0
0
0
0
0
0
0
0
0
0
0
0
0
0
0
0
0
0
0
0
0
0
0
0
0
0
0
0
0
0
0
0
0
0
0
0
0
0
0
0
0
0
0
0
0
0
0
0
0
0
0
0
0
0
0
0
0
0
0
0
0
0
0
0
0
0
0
0
0
0
0
0
0
0
0
0
