3.59994e+07
635.814
2.31372
0.0101543
4.89365e-05
2.47786e-07
1.29149e-09
6.8047e-12
3.55705e-14
1.81372e-16
8.9027e-19
4.16893e-21
1.85223e-23
7.78557e-26
3.09275e-28
1.16119e-30
4.12308e-33
1.37143e-35
2.8231e-38
0
0
0
0
0
0
0
0
0
0
0
0
0
0
0
0
0
0
0
0
0
0
0
0
0
0
0
0
0
0
0
0
0
0
0
0
0
0
0
0
0
0
0
0
0
0
0
0
0
0
0
0
0
0
0
0
0
0
0
0
0
0
0
0
0
0
0
0
0
0
0
0
0
0
0
0
0
0
0
0
0
0
0
0
0
0
0
0
0
0
0
0
0
0
0
0
0
0
0
0
0
0
0
0
0
0
0
0
0
0
0
0
0
0
0
0
0
0
0
0
0
0
0
0
0
0
0
0
0
0
0
0
0
0
0
0
0
0
0
0
0
0
0
0
0
0
0
0
0
0
0
