3.59994e+07
633.552
2.29831
0.0100452
4.8075e-05
2.40616e-07
1.23357e-09
6.37022e-12
3.25874e-14
1.62653e-16
7.8259e-19
3.59856e-21
1.57267e-23
6.51118e-26
2.54989e-28
9.44133e-31
3.30518e-33
1.08118e-35
2.70438e-38
0
0
0
0
0
0
0
0
0
0
0
0
0
0
0
0
0
0
0
0
0
0
0
0
0
0
0
0
0
0
0
0
0
0
0
0
0
0
0
0
0
0
0
0
0
0
0
0
0
0
0
0
0
0
0
0
0
0
0
0
0
0
0
0
0
0
0
0
0
0
0
0
0
0
0
0
0
0
0
0
0
0
0
0
0
0
0
0
0
0
0
0
0
0
0
0
0
0
0
0
0
0
0
0
0
0
0
0
0
0
0
0
0
0
0
0
0
0
0
0
0
0
0
0
0
0
0
0
0
0
0
0
0
0
0
0
0
0
0
0
0
0
0
0
0
0
0
0
0
0
0
