3.59994e+07
628.454
2.26039
0.00977397
4.62399e-05
2.29141e-07
1.16959e-09
6.07323e-12
3.16389e-14
1.62908e-16
8.17549e-19
3.95361e-21
1.82727e-23
8.02799e-26
3.34251e-28
1.317e-30
4.90839e-33
1.71898e-35
4.76784e-38
0
0
0
0
0
0
0
0
0
0
0
0
0
0
0
0
0
0
0
0
0
0
0
0
0
0
0
0
0
0
0
0
0
0
0
0
0
0
0
0
0
0
0
0
0
0
0
0
0
0
0
0
0
0
0
0
0
0
0
0
0
0
0
0
0
0
0
0
0
0
0
0
0
0
0
0
0
0
0
0
0
0
0
0
0
0
0
0
0
0
0
0
0
0
0
0
0
0
0
0
0
0
0
0
0
0
0
0
0
0
0
0
0
0
0
0
0
0
0
0
0
0
0
0
0
0
0
0
0
0
0
0
0
0
0
0
0
0
0
0
0
0
0
0
0
0
0
0
0
0
0
