3.59993e+07
703.553
2.81593
0.0136368
7.1973e-05
3.9383e-07
2.17917e-09
1.19705e-11
6.42985e-14
3.3373e-16
1.65935e-18
7.85758e-21
3.53072e-23
1.50237e-25
6.04844e-28
2.30373e-30
8.30353e-33
2.81129e-35
6.88698e-38
0
0
0
0
0
0
0
0
0
0
0
0
0
0
0
0
0
0
0
0
0
0
0
0
0
0
0
0
0
0
0
0
0
0
0
0
0
0
0
0
0
0
0
0
0
0
0
0
0
0
0
0
0
0
0
0
0
0
0
0
0
0
0
0
0
0
0
0
0
0
0
0
0
0
0
0
0
0
0
0
0
0
0
0
0
0
0
0
0
0
0
0
0
0
0
0
0
0
0
0
0
0
0
0
0
0
0
0
0
0
0
0
0
0
0
0
0
0
0
0
0
0
0
0
0
0
0
0
0
0
0
0
0
0
0
0
0
0
0
0
0
0
0
0
0
0
0
0
0
0
0
