3.59994e+07
585.904
1.9716
0.00791923
3.45678e-05
1.55847e-07
7.08775e-10
3.20029e-12
1.41624e-14
6.07874e-17
2.51048e-19
9.9194e-22
3.73547e-24
1.3376e-26
4.54889e-29
1.4686e-31
4.49518e-34
1.22758e-36
0
0
0
0
0
0
0
0
0
0
0
0
0
0
0
0
0
0
0
0
0
0
0
0
0
0
0
0
0
0
0
0
0
0
0
0
0
0
0
0
0
0
0
0
0
0
0
0
0
0
0
0
0
0
0
0
0
0
0
0
0
0
0
0
0
0
0
0
0
0
0
0
0
0
0
0
0
0
0
0
0
0
0
0
0
0
0
0
0
0
0
0
0
0
0
0
0
0
0
0
0
0
0
0
0
0
0
0
0
0
0
0
0
0
0
0
0
0
0
0
0
0
0
0
0
0
0
0
0
0
0
0
0
0
0
0
0
0
0
0
0
0
0
0
0
0
0
0
0
0
0
0
