3.59994e+07
649.799
2.41274
0.0108131
5.32466e-05
2.7829e-07
1.55278e-09
9.44923e-12
6.32709e-14
4.54818e-16
3.3495e-18
2.42075e-20
1.67032e-22
1.08505e-24
6.59861e-27
3.75218e-29
1.99685e-31
9.9638e-34
4.66085e-36
2.05927e-38
0
0
0
0
0
0
0
0
0
0
0
0
0
0
0
0
0
0
0
0
0
0
0
0
0
0
0
0
0
0
0
0
0
0
0
0
0
0
0
0
0
0
0
0
0
0
0
0
0
0
0
0
0
0
0
0
0
0
0
0
0
0
0
0
0
0
0
0
0
0
0
0
0
0
0
0
0
0
0
0
0
0
0
0
0
0
0
0
0
0
0
0
0
0
0
0
0
0
0
0
0
0
0
0
0
0
0
0
0
0
0
0
0
0
0
0
0
0
0
0
0
0
0
0
0
0
0
0
0
0
0
0
0
0
0
0
0
0
0
0
0
0
0
0
0
0
0
0
0
0
