3.59993e+07
740.693
3.11604
0.0159397
8.9526e-05
5.29676e-07
3.24644e-09
2.03393e-11
1.28336e-13
8.02964e-16
4.91138e-18
2.9033e-20
1.64493e-22
8.8833e-25
4.55754e-27
2.2176e-29
1.02273e-31
4.468e-34
1.82013e-36
5.37939e-39
0
0
0
0
0
0
0
0
0
0
0
0
0
0
0
0
0
0
0
0
0
0
0
0
0
0
0
0
0
0
0
0
0
0
0
0
0
0
0
0
0
0
0
0
0
0
0
0
0
0
0
0
0
0
0
0
0
0
0
0
0
0
0
0
0
0
0
0
0
0
0
0
0
0
0
0
0
0
0
0
0
0
0
0
0
0
0
0
0
0
0
0
0
0
0
0
0
0
0
0
0
0
0
0
0
0
0
0
0
0
0
0
0
0
0
0
0
0
0
0
0
0
0
0
0
0
0
0
0
0
0
0
0
0
0
0
0
0
0
0
0
0
0
0
0
0
0
0
0
0
