3.59993e+07
671.53
2.56968
0.0118674
5.99755e-05
3.18471e-07
1.75745e-09
1.00178e-11
5.8316e-14
3.40472e-16
1.95346e-18
1.08214e-20
5.71518e-23
2.8555e-25
1.34434e-27
5.95472e-30
2.4817e-32
9.72367e-35
3.49517e-37
0
0
0
0
0
0
0
0
0
0
0
0
0
0
0
0
0
0
0
0
0
0
0
0
0
0
0
0
0
0
0
0
0
0
0
0
0
0
0
0
0
0
0
0
0
0
0
0
0
0
0
0
0
0
0
0
0
0
0
0
0
0
0
0
0
0
0
0
0
0
0
0
0
0
0
0
0
0
0
0
0
0
0
0
0
0
0
0
0
0
0
0
0
0
0
0
0
0
0
0
0
0
0
0
0
0
0
0
0
0
0
0
0
0
0
0
0
0
0
0
0
0
0
0
0
0
0
0
0
0
0
0
0
0
0
0
0
0
0
0
0
0
0
0
0
0
0
0
0
0
0
