3.59993e+07
709.57
2.86147
0.0139914
7.50318e-05
4.22192e-07
2.44206e-09
1.42721e-11
8.27956e-14
4.68866e-16
2.55647e-18
1.32886e-20
6.54363e-23
3.04192e-25
1.333e-27
5.50566e-30
2.14467e-32
7.86325e-35
2.53007e-37
0
0
0
0
0
0
0
0
0
0
0
0
0
0
0
0
0
0
0
0
0
0
0
0
0
0
0
0
0
0
0
0
0
0
0
0
0
0
0
0
0
0
0
0
0
0
0
0
0
0
0
0
0
0
0
0
0
0
0
0
0
0
0
0
0
0
0
0
0
0
0
0
0
0
0
0
0
0
0
0
0
0
0
0
0
0
0
0
0
0
0
0
0
0
0
0
0
0
0
0
0
0
0
0
0
0
0
0
0
0
0
0
0
0
0
0
0
0
0
0
0
0
0
0
0
0
0
0
0
0
0
0
0
0
0
0
0
0
0
0
0
0
0
0
0
0
0
0
0
0
0
