3.59994e+07
575.978
1.90896
0.00756153
3.27522e-05
1.4822e-07
6.86859e-10
3.20543e-12
1.48077e-14
6.66529e-17
2.88746e-19
1.19373e-21
4.68565e-24
1.74164e-26
6.12408e-29
2.03718e-31
6.40922e-34
1.84837e-36
0
0
0
0
0
0
0
0
0
0
0
0
0
0
0
0
0
0
0
0
0
0
0
0
0
0
0
0
0
0
0
0
0
0
0
0
0
0
0
0
0
0
0
0
0
0
0
0
0
0
0
0
0
0
0
0
0
0
0
0
0
0
0
0
0
0
0
0
0
0
0
0
0
0
0
0
0
0
0
0
0
0
0
0
0
0
0
0
0
0
0
0
0
0
0
0
0
0
0
0
0
0
0
0
0
0
0
0
0
0
0
0
0
0
0
0
0
0
0
0
0
0
0
0
0
0
0
0
0
0
0
0
0
0
0
0
0
0
0
0
0
0
0
0
0
0
0
0
0
0
0
0
