3.59994e+07
597.23
2.04838
0.00841165
3.76786e-05
1.76208e-07
8.49602e-10
4.2004e-12
2.11191e-14
1.0655e-16
5.30766e-19
2.57092e-21
1.19656e-23
5.30818e-26
2.23395e-28
8.89841e-31
3.35164e-33
1.186e-35
3.63821e-38
0
0
0
0
0
0
0
0
0
0
0
0
0
0
0
0
0
0
0
0
0
0
0
0
0
0
0
0
0
0
0
0
0
0
0
0
0
0
0
0
0
0
0
0
0
0
0
0
0
0
0
0
0
0
0
0
0
0
0
0
0
0
0
0
0
0
0
0
0
0
0
0
0
0
0
0
0
0
0
0
0
0
0
0
0
0
0
0
0
0
0
0
0
0
0
0
0
0
0
0
0
0
0
0
0
0
0
0
0
0
0
0
0
0
0
0
0
0
0
0
0
0
0
0
0
0
0
0
0
0
0
0
0
0
0
0
0
0
0
0
0
0
0
0
0
0
0
0
0
0
0
