3.59995e+07
561.267
1.81477
0.00698706
2.93135e-05
1.28086e-07
5.74181e-10
2.61807e-12
1.2013e-14
5.46946e-17
2.43376e-19
1.04428e-21
4.27737e-24
1.6614e-26
6.09673e-29
2.11025e-31
6.88265e-34
2.06756e-36
0
0
0
0
0
0
0
0
0
0
0
0
0
0
0
0
0
0
0
0
0
0
0
0
0
0
0
0
0
0
0
0
0
0
0
0
0
0
0
0
0
0
0
0
0
0
0
0
0
0
0
0
0
0
0
0
0
0
0
0
0
0
0
0
0
0
0
0
0
0
0
0
0
0
0
0
0
0
0
0
0
0
0
0
0
0
0
0
0
0
0
0
0
0
0
0
0
0
0
0
0
0
0
0
0
0
0
0
0
0
0
0
0
0
0
0
0
0
0
0
0
0
0
0
0
0
0
0
0
0
0
0
0
0
0
0
0
0
0
0
0
0
0
0
0
0
0
0
0
0
0
0
