3.59991e+07
921.898
4.78392
0.0306791
0.000218177
1.65422e-06
1.31383e-08
1.07496e-10
8.88649e-13
7.27852e-15
5.80961e-17
4.46502e-19
3.27883e-21
2.2903e-23
1.51834e-25
9.54498e-28
5.68983e-30
3.21754e-32
1.72558e-34
8.62949e-37
3.55174e-39
0
0
0
0
0
0
0
0
0
0
0
0
0
0
0
0
0
0
0
0
0
0
0
0
0
0
0
0
0
0
0
0
0
0
0
0
0
0
0
0
0
0
0
0
0
0
0
0
0
0
0
0
0
0
0
0
0
0
0
0
0
0
0
0
0
0
0
0
0
0
0
0
0
0
0
0
0
0
0
0
0
0
0
0
0
0
0
0
0
0
0
0
0
0
0
0
0
0
0
0
0
0
0
0
0
0
0
0
0
0
0
0
0
0
0
0
0
0
0
0
0
0
0
0
0
0
0
0
0
0
0
0
0
0
0
0
0
0
0
0
0
0
0
0
0
0
0
0
0
