3.59994e+07
637.951
2.32488
0.010199
4.90101e-05
2.47323e-07
1.29111e-09
6.8908e-12
3.70269e-14
1.9675e-16
1.01649e-18
5.03834e-21
2.37436e-23
1.0582e-25
4.4486e-28
1.76274e-30
6.58518e-33
2.31023e-35
6.58055e-38
0
0
0
0
0
0
0
0
0
0
0
0
0
0
0
0
0
0
0
0
0
0
0
0
0
0
0
0
0
0
0
0
0
0
0
0
0
0
0
0
0
0
0
0
0
0
0
0
0
0
0
0
0
0
0
0
0
0
0
0
0
0
0
0
0
0
0
0
0
0
0
0
0
0
0
0
0
0
0
0
0
0
0
0
0
0
0
0
0
0
0
0
0
0
0
0
0
0
0
0
0
0
0
0
0
0
0
0
0
0
0
0
0
0
0
0
0
0
0
0
0
0
0
0
0
0
0
0
0
0
0
0
0
0
0
0
0
0
0
0
0
0
0
0
0
0
0
0
0
0
0
