3.59989e+07
1024.31
5.88109
0.0418632
0.000328326
2.70014e-06
2.26717e-08
1.90866e-10
1.59119e-12
1.3025e-14
1.04043e-16
8.06845e-19
6.04639e-21
4.35978e-23
3.01349e-25
1.99064e-27
1.25392e-29
7.5209e-32
4.28928e-34
2.29081e-36
1.06655e-38
0
0
0
0
0
0
0
0
0
0
0
0
0
0
0
0
0
0
0
0
0
0
0
0
0
0
0
0
0
0
0
0
0
0
0
0
0
0
0
0
0
0
0
0
0
0
0
0
0
0
0
0
0
0
0
0
0
0
0
0
0
0
0
0
0
0
0
0
0
0
0
0
0
0
0
0
0
0
0
0
0
0
0
0
0
0
0
0
0
0
0
0
0
0
0
0
0
0
0
0
0
0
0
0
0
0
0
0
0
0
0
0
0
0
0
0
0
0
0
0
0
0
0
0
0
0
0
0
0
0
0
0
0
0
0
0
0
0
0
0
0
0
0
0
0
0
0
0
0
