3.59993e+07
667.702
2.5398
0.0116498
5.84456e-05
3.06733e-07
1.65172e-09
8.98942e-12
4.86921e-14
2.58536e-16
1.32779e-18
6.52799e-21
3.05036e-23
1.34875e-25
5.63035e-28
2.21734e-30
8.23884e-33
2.87438e-35
8.43123e-38
0
0
0
0
0
0
0
0
0
0
0
0
0
0
0
0
0
0
0
0
0
0
0
0
0
0
0
0
0
0
0
0
0
0
0
0
0
0
0
0
0
0
0
0
0
0
0
0
0
0
0
0
0
0
0
0
0
0
0
0
0
0
0
0
0
0
0
0
0
0
0
0
0
0
0
0
0
0
0
0
0
0
0
0
0
0
0
0
0
0
0
0
0
0
0
0
0
0
0
0
0
0
0
0
0
0
0
0
0
0
0
0
0
0
0
0
0
0
0
0
0
0
0
0
0
0
0
0
0
0
0
0
0
0
0
0
0
0
0
0
0
0
0
0
0
0
0
0
0
0
0
