3.5999e+07
952.041
5.09209
0.0336106
0.000244131
1.86555e-06
1.46939e-08
1.17497e-10
9.39506e-13
7.39697e-15
5.65407e-17
4.14861e-19
2.89859e-21
1.91874e-23
1.20008e-25
7.08452e-28
3.9477e-30
2.0779e-32
1.03251e-34
4.72108e-37
0
0
0
0
0
0
0
0
0
0
0
0
0
0
0
0
0
0
0
0
0
0
0
0
0
0
0
0
0
0
0
0
0
0
0
0
0
0
0
0
0
0
0
0
0
0
0
0
0
0
0
0
0
0
0
0
0
0
0
0
0
0
0
0
0
0
0
0
0
0
0
0
0
0
0
0
0
0
0
0
0
0
0
0
0
0
0
0
0
0
0
0
0
0
0
0
0
0
0
0
0
0
0
0
0
0
0
0
0
0
0
0
0
0
0
0
0
0
0
0
0
0
0
0
0
0
0
0
0
0
0
0
0
0
0
0
0
0
0
0
0
0
0
0
0
0
0
0
0
0
