3.59994e+07
653.866
2.44045
0.0109831
5.41039e-05
2.7924e-07
1.48493e-09
8.0357e-12
4.36083e-14
2.33444e-16
1.21373e-18
6.0538e-21
2.8721e-23
1.28945e-25
5.46404e-28
2.18347e-30
8.22895e-33
2.91344e-35
8.88043e-38
0
0
0
0
0
0
0
0
0
0
0
0
0
0
0
0
0
0
0
0
0
0
0
0
0
0
0
0
0
0
0
0
0
0
0
0
0
0
0
0
0
0
0
0
0
0
0
0
0
0
0
0
0
0
0
0
0
0
0
0
0
0
0
0
0
0
0
0
0
0
0
0
0
0
0
0
0
0
0
0
0
0
0
0
0
0
0
0
0
0
0
0
0
0
0
0
0
0
0
0
0
0
0
0
0
0
0
0
0
0
0
0
0
0
0
0
0
0
0
0
0
0
0
0
0
0
0
0
0
0
0
0
0
0
0
0
0
0
0
0
0
0
0
0
0
0
0
0
0
0
0
