3.59991e+07
900.332
4.56265
0.0284183
0.000194525
1.4005e-06
1.03876e-08
7.80421e-11
5.84086e-13
4.28796e-15
3.04897e-17
2.08047e-19
1.354e-21
8.3742e-24
4.91254e-26
2.7315e-28
1.43966e-30
7.19556e-33
3.40219e-35
1.41596e-37
0
0
0
0
0
0
0
0
0
0
0
0
0
0
0
0
0
0
0
0
0
0
0
0
0
0
0
0
0
0
0
0
0
0
0
0
0
0
0
0
0
0
0
0
0
0
0
0
0
0
0
0
0
0
0
0
0
0
0
0
0
0
0
0
0
0
0
0
0
0
0
0
0
0
0
0
0
0
0
0
0
0
0
0
0
0
0
0
0
0
0
0
0
0
0
0
0
0
0
0
0
0
0
0
0
0
0
0
0
0
0
0
0
0
0
0
0
0
0
0
0
0
0
0
0
0
0
0
0
0
0
0
0
0
0
0
0
0
0
0
0
0
0
0
0
0
0
0
0
0
