3.59994e+07
624.82
2.23706
0.00965938
4.59254e-05
2.31351e-07
1.22422e-09
6.77784e-12
3.88635e-14
2.26532e-16
1.31234e-18
7.40199e-21
4.00291e-23
2.05534e-25
9.96655e-28
4.55326e-30
1.95882e-32
7.92802e-35
2.97394e-37
0
0
0
0
0
0
0
0
0
0
0
0
0
0
0
0
0
0
0
0
0
0
0
0
0
0
0
0
0
0
0
0
0
0
0
0
0
0
0
0
0
0
0
0
0
0
0
0
0
0
0
0
0
0
0
0
0
0
0
0
0
0
0
0
0
0
0
0
0
0
0
0
0
0
0
0
0
0
0
0
0
0
0
0
0
0
0
0
0
0
0
0
0
0
0
0
0
0
0
0
0
0
0
0
0
0
0
0
0
0
0
0
0
0
0
0
0
0
0
0
0
0
0
0
0
0
0
0
0
0
0
0
0
0
0
0
0
0
0
0
0
0
0
0
0
0
0
0
0
0
0
