3.59989e+07
1029.99
5.9508
0.0425673
0.000334131
2.73743e-06
2.28325e-08
1.90818e-10
1.57855e-12
1.27897e-14
1.00523e-16
7.602e-19
5.49655e-21
3.78298e-23
2.47167e-25
1.53103e-27
8.98809e-30
5.00232e-32
2.6384e-34
1.29151e-36
3.55174e-39
0
0
0
0
0
0
0
0
0
0
0
0
0
0
0
0
0
0
0
0
0
0
0
0
0
0
0
0
0
0
0
0
0
0
0
0
0
0
0
0
0
0
0
0
0
0
0
0
0
0
0
0
0
0
0
0
0
0
0
0
0
0
0
0
0
0
0
0
0
0
0
0
0
0
0
0
0
0
0
0
0
0
0
0
0
0
0
0
0
0
0
0
0
0
0
0
0
0
0
0
0
0
0
0
0
0
0
0
0
0
0
0
0
0
0
0
0
0
0
0
0
0
0
0
0
0
0
0
0
0
0
0
0
0
0
0
0
0
0
0
0
0
0
0
0
0
0
0
0
