3.59994e+07
570.08
1.87078
0.00732822
3.13697e-05
1.40461e-07
6.48331e-10
3.05747e-12
1.45703e-14
6.92008e-17
3.22856e-19
1.46092e-21
6.3492e-24
2.63266e-26
1.03727e-28
3.87515e-31
1.37112e-33
4.54391e-36
1.06266e-38
0
0
0
0
0
0
0
0
0
0
0
0
0
0
0
0
0
0
0
0
0
0
0
0
0
0
0
0
0
0
0
0
0
0
0
0
0
0
0
0
0
0
0
0
0
0
0
0
0
0
0
0
0
0
0
0
0
0
0
0
0
0
0
0
0
0
0
0
0
0
0
0
0
0
0
0
0
0
0
0
0
0
0
0
0
0
0
0
0
0
0
0
0
0
0
0
0
0
0
0
0
0
0
0
0
0
0
0
0
0
0
0
0
0
0
0
0
0
0
0
0
0
0
0
0
0
0
0
0
0
0
0
0
0
0
0
0
0
0
0
0
0
0
0
0
0
0
0
0
0
0
