3.59994e+07
633.373
2.29604
0.0100199
4.77925e-05
2.37622e-07
1.20502e-09
6.12935e-12
3.07811e-14
1.50488e-16
7.08296e-19
3.18384e-21
1.35982e-23
5.50219e-26
2.1064e-28
7.62775e-31
2.61315e-33
8.36054e-36
1.42856e-38
0
0
0
0
0
0
0
0
0
0
0
0
0
0
0
0
0
0
0
0
0
0
0
0
0
0
0
0
0
0
0
0
0
0
0
0
0
0
0
0
0
0
0
0
0
0
0
0
0
0
0
0
0
0
0
0
0
0
0
0
0
0
0
0
0
0
0
0
0
0
0
0
0
0
0
0
0
0
0
0
0
0
0
0
0
0
0
0
0
0
0
0
0
0
0
0
0
0
0
0
0
0
0
0
0
0
0
0
0
0
0
0
0
0
0
0
0
0
0
0
0
0
0
0
0
0
0
0
0
0
0
0
0
0
0
0
0
0
0
0
0
0
0
0
0
0
0
0
0
0
0
