3.59994e+07
652.344
2.42941
0.0109105
5.36936e-05
2.7759e-07
1.48424e-09
8.11081e-12
4.46711e-14
2.4417e-16
1.30532e-18
6.74323e-21
3.33645e-23
1.57179e-25
7.0254e-28
2.97403e-30
1.19165e-32
4.50699e-35
1.50976e-37
0
0
0
0
0
0
0
0
0
0
0
0
0
0
0
0
0
0
0
0
0
0
0
0
0
0
0
0
0
0
0
0
0
0
0
0
0
0
0
0
0
0
0
0
0
0
0
0
0
0
0
0
0
0
0
0
0
0
0
0
0
0
0
0
0
0
0
0
0
0
0
0
0
0
0
0
0
0
0
0
0
0
0
0
0
0
0
0
0
0
0
0
0
0
0
0
0
0
0
0
0
0
0
0
0
0
0
0
0
0
0
0
0
0
0
0
0
0
0
0
0
0
0
0
0
0
0
0
0
0
0
0
0
0
0
0
0
0
0
0
0
0
0
0
0
0
0
0
0
0
0
