3.59993e+07
662.701
2.50673
0.0114615
5.75179e-05
3.03355e-07
1.65297e-09
9.20097e-12
5.17657e-14
2.91166e-16
1.61907e-18
8.80452e-21
4.63724e-23
2.34696e-25
1.13479e-27
5.22147e-30
2.28089e-32
9.43201e-35
3.55245e-37
0
0
0
0
0
0
0
0
0
0
0
0
0
0
0
0
0
0
0
0
0
0
0
0
0
0
0
0
0
0
0
0
0
0
0
0
0
0
0
0
0
0
0
0
0
0
0
0
0
0
0
0
0
0
0
0
0
0
0
0
0
0
0
0
0
0
0
0
0
0
0
0
0
0
0
0
0
0
0
0
0
0
0
0
0
0
0
0
0
0
0
0
0
0
0
0
0
0
0
0
0
0
0
0
0
0
0
0
0
0
0
0
0
0
0
0
0
0
0
0
0
0
0
0
0
0
0
0
0
0
0
0
0
0
0
0
0
0
0
0
0
0
0
0
0
0
0
0
0
0
0
