3.59994e+07
646.282
2.38622
0.0106171
5.16191e-05
2.6174e-07
1.35849e-09
7.13104e-12
3.74013e-14
1.93353e-16
9.71829e-19
4.69292e-21
2.15803e-23
9.39563e-26
3.86079e-28
1.49543e-30
5.45917e-33
1.86516e-35
5.52445e-38
0
0
0
0
0
0
0
0
0
0
0
0
0
0
0
0
0
0
0
0
0
0
0
0
0
0
0
0
0
0
0
0
0
0
0
0
0
0
0
0
0
0
0
0
0
0
0
0
0
0
0
0
0
0
0
0
0
0
0
0
0
0
0
0
0
0
0
0
0
0
0
0
0
0
0
0
0
0
0
0
0
0
0
0
0
0
0
0
0
0
0
0
0
0
0
0
0
0
0
0
0
0
0
0
0
0
0
0
0
0
0
0
0
0
0
0
0
0
0
0
0
0
0
0
0
0
0
0
0
0
0
0
0
0
0
0
0
0
0
0
0
0
0
0
0
0
0
0
0
0
0
