3.59994e+07
565.93
1.84535
0.00717699
3.04892e-05
1.35403e-07
6.18318e-10
2.86461e-12
1.32462e-14
6.0091e-17
2.63509e-19
1.10508e-21
4.40219e-24
1.65966e-26
5.9124e-29
1.98972e-31
6.32353e-34
1.85935e-36
0
0
0
0
0
0
0
0
0
0
0
0
0
0
0
0
0
0
0
0
0
0
0
0
0
0
0
0
0
0
0
0
0
0
0
0
0
0
0
0
0
0
0
0
0
0
0
0
0
0
0
0
0
0
0
0
0
0
0
0
0
0
0
0
0
0
0
0
0
0
0
0
0
0
0
0
0
0
0
0
0
0
0
0
0
0
0
0
0
0
0
0
0
0
0
0
0
0
0
0
0
0
0
0
0
0
0
0
0
0
0
0
0
0
0
0
0
0
0
0
0
0
0
0
0
0
0
0
0
0
0
0
0
0
0
0
0
0
0
0
0
0
0
0
0
0
0
0
0
0
0
0
