3.59989e+07
1027.16
5.9123
0.0423008
0.000335345
2.80199e-06
2.38969e-08
2.02596e-10
1.67259e-12
1.32552e-14
9.99379e-17
7.13252e-19
4.80721e-21
3.05747e-23
1.83555e-25
1.04106e-27
5.58468e-30
2.83727e-32
1.36409e-34
5.74755e-37
0
0
0
0
0
0
0
0
0
0
0
0
0
0
0
0
0
0
0
0
0
0
0
0
0
0
0
0
0
0
0
0
0
0
0
0
0
0
0
0
0
0
0
0
0
0
0
0
0
0
0
0
0
0
0
0
0
0
0
0
0
0
0
0
0
0
0
0
0
0
0
0
0
0
0
0
0
0
0
0
0
0
0
0
0
0
0
0
0
0
0
0
0
0
0
0
0
0
0
0
0
0
0
0
0
0
0
0
0
0
0
0
0
0
0
0
0
0
0
0
0
0
0
0
0
0
0
0
0
0
0
0
0
0
0
0
0
0
0
0
0
0
0
0
0
0
0
0
0
0
