3.59993e+07
685.215
2.67327
0.0126118
6.51424e-05
3.51491e-07
1.93434e-09
1.06498e-11
5.76758e-14
3.03075e-16
1.52981e-18
7.36707e-21
3.37043e-23
1.46145e-25
5.99991e-28
2.33191e-30
8.58244e-33
2.97266e-35
7.97318e-38
0
0
0
0
0
0
0
0
0
0
0
0
0
0
0
0
0
0
0
0
0
0
0
0
0
0
0
0
0
0
0
0
0
0
0
0
0
0
0
0
0
0
0
0
0
0
0
0
0
0
0
0
0
0
0
0
0
0
0
0
0
0
0
0
0
0
0
0
0
0
0
0
0
0
0
0
0
0
0
0
0
0
0
0
0
0
0
0
0
0
0
0
0
0
0
0
0
0
0
0
0
0
0
0
0
0
0
0
0
0
0
0
0
0
0
0
0
0
0
0
0
0
0
0
0
0
0
0
0
0
0
0
0
0
0
0
0
0
0
0
0
0
0
0
0
0
0
0
0
0
0
