3.59994e+07
632.291
2.28845
0.00998933
4.79381e-05
2.42996e-07
1.2867e-09
7.06247e-12
3.96097e-14
2.22317e-16
1.22196e-18
6.46323e-21
3.25122e-23
1.54504e-25
6.9149e-28
2.91239e-30
1.15487e-32
4.30506e-35
1.46941e-37
0
0
0
0
0
0
0
0
0
0
0
0
0
0
0
0
0
0
0
0
0
0
0
0
0
0
0
0
0
0
0
0
0
0
0
0
0
0
0
0
0
0
0
0
0
0
0
0
0
0
0
0
0
0
0
0
0
0
0
0
0
0
0
0
0
0
0
0
0
0
0
0
0
0
0
0
0
0
0
0
0
0
0
0
0
0
0
0
0
0
0
0
0
0
0
0
0
0
0
0
0
0
0
0
0
0
0
0
0
0
0
0
0
0
0
0
0
0
0
0
0
0
0
0
0
0
0
0
0
0
0
0
0
0
0
0
0
0
0
0
0
0
0
0
0
0
0
0
0
0
0
