3.59993e+07
688.305
2.69946
0.0128164
6.66408e-05
3.62221e-07
2.0104e-09
1.11706e-11
6.101e-14
3.22631e-16
1.63422e-18
7.87607e-21
3.59907e-23
1.55734e-25
6.38153e-28
2.47845e-30
9.13324e-33
3.17748e-35
7.83564e-38
0
0
0
0
0
0
0
0
0
0
0
0
0
0
0
0
0
0
0
0
0
0
0
0
0
0
0
0
0
0
0
0
0
0
0
0
0
0
0
0
0
0
0
0
0
0
0
0
0
0
0
0
0
0
0
0
0
0
0
0
0
0
0
0
0
0
0
0
0
0
0
0
0
0
0
0
0
0
0
0
0
0
0
0
0
0
0
0
0
0
0
0
0
0
0
0
0
0
0
0
0
0
0
0
0
0
0
0
0
0
0
0
0
0
0
0
0
0
0
0
0
0
0
0
0
0
0
0
0
0
0
0
0
0
0
0
0
0
0
0
0
0
0
0
0
0
0
0
0
0
0
