3.5999e+07
976.697
5.35326
0.0363973
0.000275314
2.22767e-06
1.89471e-08
1.6693e-10
1.4988e-12
1.34757e-14
1.19332e-16
1.02649e-18
8.4884e-21
6.69966e-23
5.02415e-25
3.57058e-27
2.40201e-29
1.52931e-31
9.21715e-34
5.23124e-36
2.46478e-38
0
0
0
0
0
0
0
0
0
0
0
0
0
0
0
0
0
0
0
0
0
0
0
0
0
0
0
0
0
0
0
0
0
0
0
0
0
0
0
0
0
0
0
0
0
0
0
0
0
0
0
0
0
0
0
0
0
0
0
0
0
0
0
0
0
0
0
0
0
0
0
0
0
0
0
0
0
0
0
0
0
0
0
0
0
0
0
0
0
0
0
0
0
0
0
0
0
0
0
0
0
0
0
0
0
0
0
0
0
0
0
0
0
0
0
0
0
0
0
0
0
0
0
0
0
0
0
0
0
0
0
0
0
0
0
0
0
0
0
0
0
0
0
0
0
0
0
0
0
