3.59993e+07
753.851
3.2239
0.0167935
9.61803e-05
5.8045e-07
3.61478e-09
2.27736e-11
1.42213e-13
8.64567e-16
5.04854e-18
2.80694e-20
1.47848e-22
7.35964e-25
3.45958e-27
1.53612e-29
6.44783e-32
2.55778e-34
9.18102e-37
0
0
0
0
0
0
0
0
0
0
0
0
0
0
0
0
0
0
0
0
0
0
0
0
0
0
0
0
0
0
0
0
0
0
0
0
0
0
0
0
0
0
0
0
0
0
0
0
0
0
0
0
0
0
0
0
0
0
0
0
0
0
0
0
0
0
0
0
0
0
0
0
0
0
0
0
0
0
0
0
0
0
0
0
0
0
0
0
0
0
0
0
0
0
0
0
0
0
0
0
0
0
0
0
0
0
0
0
0
0
0
0
0
0
0
0
0
0
0
0
0
0
0
0
0
0
0
0
0
0
0
0
0
0
0
0
0
0
0
0
0
0
0
0
0
0
0
0
0
0
0
