3.59989e+07
1034.16
6.00078
0.0433161
0.000346642
2.93901e-06
2.57746e-08
2.29504e-10
2.04171e-12
1.78912e-14
1.52559e-16
1.25338e-18
9.84744e-21
7.36046e-23
5.21713e-25
3.50091e-27
2.2229e-29
1.33583e-31
7.60051e-34
4.05559e-36
1.75859e-38
0
0
0
0
0
0
0
0
0
0
0
0
0
0
0
0
0
0
0
0
0
0
0
0
0
0
0
0
0
0
0
0
0
0
0
0
0
0
0
0
0
0
0
0
0
0
0
0
0
0
0
0
0
0
0
0
0
0
0
0
0
0
0
0
0
0
0
0
0
0
0
0
0
0
0
0
0
0
0
0
0
0
0
0
0
0
0
0
0
0
0
0
0
0
0
0
0
0
0
0
0
0
0
0
0
0
0
0
0
0
0
0
0
0
0
0
0
0
0
0
0
0
0
0
0
0
0
0
0
0
0
0
0
0
0
0
0
0
0
0
0
0
0
0
0
0
0
0
0
