3.59993e+07
701.224
2.79629
0.0135136
7.19585e-05
4.08411e-07
2.4604e-09
1.56972e-11
1.04828e-13
7.17238e-16
4.90527e-18
3.28185e-20
2.11444e-22
1.29857e-24
7.557e-27
4.15464e-29
2.15535e-31
1.05496e-33
4.85809e-36
2.05927e-38
0
0
0
0
0
0
0
0
0
0
0
0
0
0
0
0
0
0
0
0
0
0
0
0
0
0
0
0
0
0
0
0
0
0
0
0
0
0
0
0
0
0
0
0
0
0
0
0
0
0
0
0
0
0
0
0
0
0
0
0
0
0
0
0
0
0
0
0
0
0
0
0
0
0
0
0
0
0
0
0
0
0
0
0
0
0
0
0
0
0
0
0
0
0
0
0
0
0
0
0
0
0
0
0
0
0
0
0
0
0
0
0
0
0
0
0
0
0
0
0
0
0
0
0
0
0
0
0
0
0
0
0
0
0
0
0
0
0
0
0
0
0
0
0
0
0
0
0
0
0
