3.59994e+07
593.978
2.02657
0.00827291
3.67799e-05
1.69755e-07
7.97836e-10
3.77221e-12
1.77438e-14
8.21534e-17
3.70782e-19
1.618e-21
6.78277e-24
2.71839e-26
1.0381e-28
3.76925e-31
1.29898e-33
4.15579e-36
1.11596e-38
0
0
0
0
0
0
0
0
0
0
0
0
0
0
0
0
0
0
0
0
0
0
0
0
0
0
0
0
0
0
0
0
0
0
0
0
0
0
0
0
0
0
0
0
0
0
0
0
0
0
0
0
0
0
0
0
0
0
0
0
0
0
0
0
0
0
0
0
0
0
0
0
0
0
0
0
0
0
0
0
0
0
0
0
0
0
0
0
0
0
0
0
0
0
0
0
0
0
0
0
0
0
0
0
0
0
0
0
0
0
0
0
0
0
0
0
0
0
0
0
0
0
0
0
0
0
0
0
0
0
0
0
0
0
0
0
0
0
0
0
0
0
0
0
0
0
0
0
0
0
0
