3.5999e+07
996.126
5.56919
0.0386276
0.000296534
2.40882e-06
2.02698e-08
1.74184e-10
1.51019e-12
1.30549e-14
1.11201e-16
9.23182e-19
7.40114e-21
5.68937e-23
4.1727e-25
2.91054e-27
1.92733e-29
1.21067e-31
7.21111e-34
4.04802e-36
2.00566e-38
0
0
0
0
0
0
0
0
0
0
0
0
0
0
0
0
0
0
0
0
0
0
0
0
0
0
0
0
0
0
0
0
0
0
0
0
0
0
0
0
0
0
0
0
0
0
0
0
0
0
0
0
0
0
0
0
0
0
0
0
0
0
0
0
0
0
0
0
0
0
0
0
0
0
0
0
0
0
0
0
0
0
0
0
0
0
0
0
0
0
0
0
0
0
0
0
0
0
0
0
0
0
0
0
0
0
0
0
0
0
0
0
0
0
0
0
0
0
0
0
0
0
0
0
0
0
0
0
0
0
0
0
0
0
0
0
0
0
0
0
0
0
0
0
0
0
0
0
0
