3.59994e+07
590.315
2.00248
0.00813385
3.61316e-05
1.67792e-07
7.98865e-10
3.83432e-12
1.8213e-14
8.41176e-17
3.72483e-19
1.56641e-21
6.22112e-24
2.32729e-26
8.19493e-29
2.71741e-31
8.48877e-34
2.42851e-36
0
0
0
0
0
0
0
0
0
0
0
0
0
0
0
0
0
0
0
0
0
0
0
0
0
0
0
0
0
0
0
0
0
0
0
0
0
0
0
0
0
0
0
0
0
0
0
0
0
0
0
0
0
0
0
0
0
0
0
0
0
0
0
0
0
0
0
0
0
0
0
0
0
0
0
0
0
0
0
0
0
0
0
0
0
0
0
0
0
0
0
0
0
0
0
0
0
0
0
0
0
0
0
0
0
0
0
0
0
0
0
0
0
0
0
0
0
0
0
0
0
0
0
0
0
0
0
0
0
0
0
0
0
0
0
0
0
0
0
0
0
0
0
0
0
0
0
0
0
0
0
0
