3.59994e+07
585.949
1.9729
0.00792984
3.46715e-05
1.57218e-07
7.25132e-10
3.35932e-12
1.54533e-14
6.98301e-17
3.07046e-19
1.3036e-21
5.31218e-24
2.06869e-26
7.67563e-29
2.70836e-31
9.07258e-34
2.80404e-36
5.25766e-39
0
0
0
0
0
0
0
0
0
0
0
0
0
0
0
0
0
0
0
0
0
0
0
0
0
0
0
0
0
0
0
0
0
0
0
0
0
0
0
0
0
0
0
0
0
0
0
0
0
0
0
0
0
0
0
0
0
0
0
0
0
0
0
0
0
0
0
0
0
0
0
0
0
0
0
0
0
0
0
0
0
0
0
0
0
0
0
0
0
0
0
0
0
0
0
0
0
0
0
0
0
0
0
0
0
0
0
0
0
0
0
0
0
0
0
0
0
0
0
0
0
0
0
0
0
0
0
0
0
0
0
0
0
0
0
0
0
0
0
0
0
0
0
0
0
0
0
0
0
0
0
