3.59993e+07
742.142
3.12536
0.016004
8.98503e-05
5.28375e-07
3.18426e-09
1.93399e-11
1.16588e-13
6.88087e-16
3.92998e-18
2.15275e-20
1.12382e-22
5.56848e-25
2.61307e-27
1.16028e-29
4.87506e-32
1.93622e-34
7.03022e-37
0
0
0
0
0
0
0
0
0
0
0
0
0
0
0
0
0
0
0
0
0
0
0
0
0
0
0
0
0
0
0
0
0
0
0
0
0
0
0
0
0
0
0
0
0
0
0
0
0
0
0
0
0
0
0
0
0
0
0
0
0
0
0
0
0
0
0
0
0
0
0
0
0
0
0
0
0
0
0
0
0
0
0
0
0
0
0
0
0
0
0
0
0
0
0
0
0
0
0
0
0
0
0
0
0
0
0
0
0
0
0
0
0
0
0
0
0
0
0
0
0
0
0
0
0
0
0
0
0
0
0
0
0
0
0
0
0
0
0
0
0
0
0
0
0
0
0
0
0
0
0
