3.59991e+07
928.896
4.85418
0.0313026
0.000222594
1.66658e-06
1.28296e-08
9.98091e-11
7.73734e-13
5.90487e-15
4.38886e-17
3.1475e-19
2.16165e-21
1.41383e-23
8.77432e-26
5.15631e-28
2.86684e-30
1.50799e-32
7.49156e-35
3.38995e-37
0
0
0
0
0
0
0
0
0
0
0
0
0
0
0
0
0
0
0
0
0
0
0
0
0
0
0
0
0
0
0
0
0
0
0
0
0
0
0
0
0
0
0
0
0
0
0
0
0
0
0
0
0
0
0
0
0
0
0
0
0
0
0
0
0
0
0
0
0
0
0
0
0
0
0
0
0
0
0
0
0
0
0
0
0
0
0
0
0
0
0
0
0
0
0
0
0
0
0
0
0
0
0
0
0
0
0
0
0
0
0
0
0
0
0
0
0
0
0
0
0
0
0
0
0
0
0
0
0
0
0
0
0
0
0
0
0
0
0
0
0
0
0
0
0
0
0
0
0
0
