3.59993e+07
674.469
2.59024
0.0120162
6.10188e-05
3.23947e-07
1.75937e-09
9.60402e-12
5.18062e-14
2.72006e-16
1.37362e-18
6.61609e-21
3.02329e-23
1.30681e-25
5.33629e-28
2.0582e-30
7.50094e-33
2.56686e-35
6.72711e-38
0
0
0
0
0
0
0
0
0
0
0
0
0
0
0
0
0
0
0
0
0
0
0
0
0
0
0
0
0
0
0
0
0
0
0
0
0
0
0
0
0
0
0
0
0
0
0
0
0
0
0
0
0
0
0
0
0
0
0
0
0
0
0
0
0
0
0
0
0
0
0
0
0
0
0
0
0
0
0
0
0
0
0
0
0
0
0
0
0
0
0
0
0
0
0
0
0
0
0
0
0
0
0
0
0
0
0
0
0
0
0
0
0
0
0
0
0
0
0
0
0
0
0
0
0
0
0
0
0
0
0
0
0
0
0
0
0
0
0
0
0
0
0
0
0
0
0
0
0
0
0
