3.59994e+07
597.027
2.04641
0.0084004
3.76508e-05
1.75878e-07
8.39516e-10
4.03714e-12
1.92946e-14
9.04737e-17
4.11611e-19
1.80086e-21
7.52793e-24
2.9933e-26
1.1291e-28
4.03471e-31
1.36448e-33
4.27159e-36
8.91668e-39
0
0
0
0
0
0
0
0
0
0
0
0
0
0
0
0
0
0
0
0
0
0
0
0
0
0
0
0
0
0
0
0
0
0
0
0
0
0
0
0
0
0
0
0
0
0
0
0
0
0
0
0
0
0
0
0
0
0
0
0
0
0
0
0
0
0
0
0
0
0
0
0
0
0
0
0
0
0
0
0
0
0
0
0
0
0
0
0
0
0
0
0
0
0
0
0
0
0
0
0
0
0
0
0
0
0
0
0
0
0
0
0
0
0
0
0
0
0
0
0
0
0
0
0
0
0
0
0
0
0
0
0
0
0
0
0
0
0
0
0
0
0
0
0
0
0
0
0
0
0
0
