3.5999e+07
968.967
5.28886
0.0358154
0.000267995
2.11262e-06
1.71181e-08
1.39866e-10
1.13245e-12
8.94757e-15
6.81446e-17
4.95905e-19
3.42926e-21
2.24658e-23
1.39255e-25
8.16632e-28
4.53346e-30
2.38479e-32
1.18797e-34
5.30548e-37
0
0
0
0
0
0
0
0
0
0
0
0
0
0
0
0
0
0
0
0
0
0
0
0
0
0
0
0
0
0
0
0
0
0
0
0
0
0
0
0
0
0
0
0
0
0
0
0
0
0
0
0
0
0
0
0
0
0
0
0
0
0
0
0
0
0
0
0
0
0
0
0
0
0
0
0
0
0
0
0
0
0
0
0
0
0
0
0
0
0
0
0
0
0
0
0
0
0
0
0
0
0
0
0
0
0
0
0
0
0
0
0
0
0
0
0
0
0
0
0
0
0
0
0
0
0
0
0
0
0
0
0
0
0
0
0
0
0
0
0
0
0
0
0
0
0
0
0
0
0
