3.59994e+07
598.579
2.05791
0.00848951
3.83321e-05
1.81031e-07
8.79355e-10
4.35523e-12
2.18444e-14
1.10134e-16
5.52895e-19
2.73257e-21
1.31414e-23
6.08714e-26
2.69472e-28
1.13423e-30
4.52509e-33
1.6995e-35
5.88132e-38
0
0
0
0
0
0
0
0
0
0
0
0
0
0
0
0
0
0
0
0
0
0
0
0
0
0
0
0
0
0
0
0
0
0
0
0
0
0
0
0
0
0
0
0
0
0
0
0
0
0
0
0
0
0
0
0
0
0
0
0
0
0
0
0
0
0
0
0
0
0
0
0
0
0
0
0
0
0
0
0
0
0
0
0
0
0
0
0
0
0
0
0
0
0
0
0
0
0
0
0
0
0
0
0
0
0
0
0
0
0
0
0
0
0
0
0
0
0
0
0
0
0
0
0
0
0
0
0
0
0
0
0
0
0
0
0
0
0
0
0
0
0
0
0
0
0
0
0
0
0
0
