3.59989e+07
1048.51
6.16647
0.0451308
0.00036662
3.18126e-06
2.91417e-08
2.79518e-10
2.76632e-12
2.76454e-14
2.72737e-16
2.60786e-18
2.38686e-20
2.0757e-22
1.70858e-24
1.32915e-26
9.77007e-29
6.78983e-31
4.46555e-33
2.77919e-35
1.54551e-37
0
0
0
0
0
0
0
0
0
0
0
0
0
0
0
0
0
0
0
0
0
0
0
0
0
0
0
0
0
0
0
0
0
0
0
0
0
0
0
0
0
0
0
0
0
0
0
0
0
0
0
0
0
0
0
0
0
0
0
0
0
0
0
0
0
0
0
0
0
0
0
0
0
0
0
0
0
0
0
0
0
0
0
0
0
0
0
0
0
0
0
0
0
0
0
0
0
0
0
0
0
0
0
0
0
0
0
0
0
0
0
0
0
0
0
0
0
0
0
0
0
0
0
0
0
0
0
0
0
0
0
0
0
0
0
0
0
0
0
0
0
0
0
0
0
0
0
0
0
