3.59993e+07
669.414
2.55542
0.0117823
5.9321e-05
3.10289e-07
1.64529e-09
8.688e-12
4.50254e-14
2.26342e-16
1.09388e-18
5.04978e-21
2.21696e-23
9.23022e-26
3.6389e-28
1.35759e-30
4.79223e-33
1.58437e-35
3.55387e-38
0
0
0
0
0
0
0
0
0
0
0
0
0
0
0
0
0
0
0
0
0
0
0
0
0
0
0
0
0
0
0
0
0
0
0
0
0
0
0
0
0
0
0
0
0
0
0
0
0
0
0
0
0
0
0
0
0
0
0
0
0
0
0
0
0
0
0
0
0
0
0
0
0
0
0
0
0
0
0
0
0
0
0
0
0
0
0
0
0
0
0
0
0
0
0
0
0
0
0
0
0
0
0
0
0
0
0
0
0
0
0
0
0
0
0
0
0
0
0
0
0
0
0
0
0
0
0
0
0
0
0
0
0
0
0
0
0
0
0
0
0
0
0
0
0
0
0
0
0
0
0
