3.59993e+07
668.856
2.55362
0.011802
5.9848e-05
3.17968e-07
1.73299e-09
9.53121e-12
5.20462e-14
2.77882e-16
1.43205e-18
7.05531e-21
3.30185e-23
1.46236e-25
6.11824e-28
2.41693e-30
9.01729e-33
3.16294e-35
8.67743e-38
0
0
0
0
0
0
0
0
0
0
0
0
0
0
0
0
0
0
0
0
0
0
0
0
0
0
0
0
0
0
0
0
0
0
0
0
0
0
0
0
0
0
0
0
0
0
0
0
0
0
0
0
0
0
0
0
0
0
0
0
0
0
0
0
0
0
0
0
0
0
0
0
0
0
0
0
0
0
0
0
0
0
0
0
0
0
0
0
0
0
0
0
0
0
0
0
0
0
0
0
0
0
0
0
0
0
0
0
0
0
0
0
0
0
0
0
0
0
0
0
0
0
0
0
0
0
0
0
0
0
0
0
0
0
0
0
0
0
0
0
0
0
0
0
0
0
0
0
0
0
0
