3.59994e+07
598.636
2.05533
0.00844796
3.79639e-05
1.79006e-07
8.76389e-10
4.43287e-12
2.29208e-14
1.19002e-16
6.07698e-19
2.99778e-21
1.41029e-23
6.27813e-26
2.63417e-28
1.04024e-30
3.8661e-33
1.34554e-35
4.10702e-38
0
0
0
0
0
0
0
0
0
0
0
0
0
0
0
0
0
0
0
0
0
0
0
0
0
0
0
0
0
0
0
0
0
0
0
0
0
0
0
0
0
0
0
0
0
0
0
0
0
0
0
0
0
0
0
0
0
0
0
0
0
0
0
0
0
0
0
0
0
0
0
0
0
0
0
0
0
0
0
0
0
0
0
0
0
0
0
0
0
0
0
0
0
0
0
0
0
0
0
0
0
0
0
0
0
0
0
0
0
0
0
0
0
0
0
0
0
0
0
0
0
0
0
0
0
0
0
0
0
0
0
0
0
0
0
0
0
0
0
0
0
0
0
0
0
0
0
0
0
0
0
