3.59991e+07
941.274
4.98247
0.0325258
0.000233675
1.76281e-06
1.36345e-08
1.06443e-10
8.30491e-13
6.43553e-15
4.92755e-17
3.70563e-19
2.71711e-21
1.92748e-23
1.31354e-25
8.55177e-28
5.29857e-30
3.11714e-32
1.73768e-34
8.96709e-37
4.44725e-39
0
0
0
0
0
0
0
0
0
0
0
0
0
0
0
0
0
0
0
0
0
0
0
0
0
0
0
0
0
0
0
0
0
0
0
0
0
0
0
0
0
0
0
0
0
0
0
0
0
0
0
0
0
0
0
0
0
0
0
0
0
0
0
0
0
0
0
0
0
0
0
0
0
0
0
0
0
0
0
0
0
0
0
0
0
0
0
0
0
0
0
0
0
0
0
0
0
0
0
0
0
0
0
0
0
0
0
0
0
0
0
0
0
0
0
0
0
0
0
0
0
0
0
0
0
0
0
0
0
0
0
0
0
0
0
0
0
0
0
0
0
0
0
0
0
0
0
0
0
