3.59993e+07
714.198
2.89916
0.014265
7.68203e-05
4.32876e-07
2.50313e-09
1.46441e-11
8.54943e-14
4.91508e-16
2.74993e-18
1.48329e-20
7.66127e-23
3.77219e-25
1.76583e-27
7.84852e-30
3.31052e-32
1.32274e-34
4.72079e-37
0
0
0
0
0
0
0
0
0
0
0
0
0
0
0
0
0
0
0
0
0
0
0
0
0
0
0
0
0
0
0
0
0
0
0
0
0
0
0
0
0
0
0
0
0
0
0
0
0
0
0
0
0
0
0
0
0
0
0
0
0
0
0
0
0
0
0
0
0
0
0
0
0
0
0
0
0
0
0
0
0
0
0
0
0
0
0
0
0
0
0
0
0
0
0
0
0
0
0
0
0
0
0
0
0
0
0
0
0
0
0
0
0
0
0
0
0
0
0
0
0
0
0
0
0
0
0
0
0
0
0
0
0
0
0
0
0
0
0
0
0
0
0
0
0
0
0
0
0
0
0
