3.59993e+07
720.901
2.95246
0.0146735
7.97227e-05
4.50597e-07
2.58584e-09
1.48364e-11
8.42716e-14
4.70908e-16
2.57636e-18
1.37335e-20
7.0948e-23
3.53275e-25
1.6872e-27
7.69877e-30
3.34706e-32
1.38116e-34
5.17598e-37
0
0
0
0
0
0
0
0
0
0
0
0
0
0
0
0
0
0
0
0
0
0
0
0
0
0
0
0
0
0
0
0
0
0
0
0
0
0
0
0
0
0
0
0
0
0
0
0
0
0
0
0
0
0
0
0
0
0
0
0
0
0
0
0
0
0
0
0
0
0
0
0
0
0
0
0
0
0
0
0
0
0
0
0
0
0
0
0
0
0
0
0
0
0
0
0
0
0
0
0
0
0
0
0
0
0
0
0
0
0
0
0
0
0
0
0
0
0
0
0
0
0
0
0
0
0
0
0
0
0
0
0
0
0
0
0
0
0
0
0
0
0
0
0
0
0
0
0
0
0
0
