3.59994e+07
587.973
1.98619
0.0080418
3.58078e-05
1.68841e-07
8.35076e-10
4.30082e-12
2.27405e-14
1.20976e-16
6.34001e-19
3.21633e-21
1.56005e-23
7.17957e-26
3.12221e-28
1.28084e-30
4.95521e-33
1.80147e-35
5.82799e-38
0
0
0
0
0
0
0
0
0
0
0
0
0
0
0
0
0
0
0
0
0
0
0
0
0
0
0
0
0
0
0
0
0
0
0
0
0
0
0
0
0
0
0
0
0
0
0
0
0
0
0
0
0
0
0
0
0
0
0
0
0
0
0
0
0
0
0
0
0
0
0
0
0
0
0
0
0
0
0
0
0
0
0
0
0
0
0
0
0
0
0
0
0
0
0
0
0
0
0
0
0
0
0
0
0
0
0
0
0
0
0
0
0
0
0
0
0
0
0
0
0
0
0
0
0
0
0
0
0
0
0
0
0
0
0
0
0
0
0
0
0
0
0
0
0
0
0
0
0
0
0
