3.59991e+07
897.57
4.54289
0.0283771
0.000196631
1.45739e-06
1.13873e-08
9.21962e-11
7.55001e-13
6.09519e-15
4.75063e-17
3.52509e-19
2.47068e-21
1.62967e-23
1.01058e-25
5.89452e-28
3.23808e-30
1.67805e-32
8.2074e-35
3.6445e-37
0
0
0
0
0
0
0
0
0
0
0
0
0
0
0
0
0
0
0
0
0
0
0
0
0
0
0
0
0
0
0
0
0
0
0
0
0
0
0
0
0
0
0
0
0
0
0
0
0
0
0
0
0
0
0
0
0
0
0
0
0
0
0
0
0
0
0
0
0
0
0
0
0
0
0
0
0
0
0
0
0
0
0
0
0
0
0
0
0
0
0
0
0
0
0
0
0
0
0
0
0
0
0
0
0
0
0
0
0
0
0
0
0
0
0
0
0
0
0
0
0
0
0
0
0
0
0
0
0
0
0
0
0
0
0
0
0
0
0
0
0
0
0
0
0
0
0
0
0
0
