3.5999e+07
957.515
5.15648
0.0343408
0.000252001
1.9464e-06
1.55182e-08
1.2635e-10
1.04186e-12
8.61715e-15
7.06457e-17
5.66822e-19
4.39983e-21
3.27443e-23
2.322e-25
1.56314e-27
9.97077e-30
6.0227e-32
3.44387e-34
1.85116e-36
8.60136e-39
0
0
0
0
0
0
0
0
0
0
0
0
0
0
0
0
0
0
0
0
0
0
0
0
0
0
0
0
0
0
0
0
0
0
0
0
0
0
0
0
0
0
0
0
0
0
0
0
0
0
0
0
0
0
0
0
0
0
0
0
0
0
0
0
0
0
0
0
0
0
0
0
0
0
0
0
0
0
0
0
0
0
0
0
0
0
0
0
0
0
0
0
0
0
0
0
0
0
0
0
0
0
0
0
0
0
0
0
0
0
0
0
0
0
0
0
0
0
0
0
0
0
0
0
0
0
0
0
0
0
0
0
0
0
0
0
0
0
0
0
0
0
0
0
0
0
0
0
0
