3.59991e+07
903.687
4.59654
0.0287585
0.000198009
1.43838e-06
1.08462e-08
8.39749e-11
6.58883e-13
5.15377e-15
3.95104e-17
2.92609e-19
2.0717e-21
1.39307e-23
8.86477e-26
5.33025e-28
3.02775e-30
1.62562e-32
8.24558e-35
3.80706e-37
0
0
0
0
0
0
0
0
0
0
0
0
0
0
0
0
0
0
0
0
0
0
0
0
0
0
0
0
0
0
0
0
0
0
0
0
0
0
0
0
0
0
0
0
0
0
0
0
0
0
0
0
0
0
0
0
0
0
0
0
0
0
0
0
0
0
0
0
0
0
0
0
0
0
0
0
0
0
0
0
0
0
0
0
0
0
0
0
0
0
0
0
0
0
0
0
0
0
0
0
0
0
0
0
0
0
0
0
0
0
0
0
0
0
0
0
0
0
0
0
0
0
0
0
0
0
0
0
0
0
0
0
0
0
0
0
0
0
0
0
0
0
0
0
0
0
0
0
0
0
