3.59994e+07
579.066
1.92792
0.00767277
3.3447e-05
1.53483e-07
7.35902e-10
3.68709e-12
1.9211e-14
1.0258e-16
5.49424e-19
2.88893e-21
1.46615e-23
7.10094e-26
3.26062e-28
1.41487e-30
5.79455e-33
2.23385e-35
7.5341e-38
0
0
0
0
0
0
0
0
0
0
0
0
0
0
0
0
0
0
0
0
0
0
0
0
0
0
0
0
0
0
0
0
0
0
0
0
0
0
0
0
0
0
0
0
0
0
0
0
0
0
0
0
0
0
0
0
0
0
0
0
0
0
0
0
0
0
0
0
0
0
0
0
0
0
0
0
0
0
0
0
0
0
0
0
0
0
0
0
0
0
0
0
0
0
0
0
0
0
0
0
0
0
0
0
0
0
0
0
0
0
0
0
0
0
0
0
0
0
0
0
0
0
0
0
0
0
0
0
0
0
0
0
0
0
0
0
0
0
0
0
0
0
0
0
0
0
0
0
0
0
0
