3.59989e+07
1025.93
5.90273
0.0421019
0.000329597
2.68296e-06
2.20183e-08
1.78266e-10
1.40232e-12
1.06095e-14
7.66974e-17
5.27628e-19
3.44568e-21
2.13314e-23
1.25107e-25
6.95066e-28
3.65913e-30
1.82626e-32
8.61752e-35
3.42982e-37
0
0
0
0
0
0
0
0
0
0
0
0
0
0
0
0
0
0
0
0
0
0
0
0
0
0
0
0
0
0
0
0
0
0
0
0
0
0
0
0
0
0
0
0
0
0
0
0
0
0
0
0
0
0
0
0
0
0
0
0
0
0
0
0
0
0
0
0
0
0
0
0
0
0
0
0
0
0
0
0
0
0
0
0
0
0
0
0
0
0
0
0
0
0
0
0
0
0
0
0
0
0
0
0
0
0
0
0
0
0
0
0
0
0
0
0
0
0
0
0
0
0
0
0
0
0
0
0
0
0
0
0
0
0
0
0
0
0
0
0
0
0
0
0
0
0
0
0
0
0
