3.59993e+07
672.291
2.57776
0.0119521
6.07944e-05
3.25419e-07
1.80678e-09
1.03018e-11
5.96105e-14
3.45232e-16
1.9731e-18
1.09895e-20
5.90509e-23
3.0388e-25
1.49021e-27
6.94312e-30
3.06832e-32
1.28386e-34
4.93927e-37
0
0
0
0
0
0
0
0
0
0
0
0
0
0
0
0
0
0
0
0
0
0
0
0
0
0
0
0
0
0
0
0
0
0
0
0
0
0
0
0
0
0
0
0
0
0
0
0
0
0
0
0
0
0
0
0
0
0
0
0
0
0
0
0
0
0
0
0
0
0
0
0
0
0
0
0
0
0
0
0
0
0
0
0
0
0
0
0
0
0
0
0
0
0
0
0
0
0
0
0
0
0
0
0
0
0
0
0
0
0
0
0
0
0
0
0
0
0
0
0
0
0
0
0
0
0
0
0
0
0
0
0
0
0
0
0
0
0
0
0
0
0
0
0
0
0
0
0
0
0
0
