3.59993e+07
712.231
2.88575
0.0141981
7.69509e-05
4.43038e-07
2.68791e-09
1.71162e-11
1.13307e-13
7.66414e-16
5.18474e-18
3.43771e-20
2.19916e-22
1.34295e-24
7.77867e-27
4.25942e-29
2.202e-31
1.07449e-33
4.93202e-36
2.05927e-38
0
0
0
0
0
0
0
0
0
0
0
0
0
0
0
0
0
0
0
0
0
0
0
0
0
0
0
0
0
0
0
0
0
0
0
0
0
0
0
0
0
0
0
0
0
0
0
0
0
0
0
0
0
0
0
0
0
0
0
0
0
0
0
0
0
0
0
0
0
0
0
0
0
0
0
0
0
0
0
0
0
0
0
0
0
0
0
0
0
0
0
0
0
0
0
0
0
0
0
0
0
0
0
0
0
0
0
0
0
0
0
0
0
0
0
0
0
0
0
0
0
0
0
0
0
0
0
0
0
0
0
0
0
0
0
0
0
0
0
0
0
0
0
0
0
0
0
0
0
0
