3.59994e+07
602.23
2.08287
0.00866246
3.96705e-05
1.9241e-07
9.75986e-10
5.11212e-12
2.71149e-14
1.42374e-16
7.25496e-19
3.53697e-21
1.6355e-23
7.14048e-26
2.93831e-28
1.1395e-30
4.16738e-33
1.4304e-35
3.88576e-38
0
0
0
0
0
0
0
0
0
0
0
0
0
0
0
0
0
0
0
0
0
0
0
0
0
0
0
0
0
0
0
0
0
0
0
0
0
0
0
0
0
0
0
0
0
0
0
0
0
0
0
0
0
0
0
0
0
0
0
0
0
0
0
0
0
0
0
0
0
0
0
0
0
0
0
0
0
0
0
0
0
0
0
0
0
0
0
0
0
0
0
0
0
0
0
0
0
0
0
0
0
0
0
0
0
0
0
0
0
0
0
0
0
0
0
0
0
0
0
0
0
0
0
0
0
0
0
0
0
0
0
0
0
0
0
0
0
0
0
0
0
0
0
0
0
0
0
0
0
0
0
