3.59989e+07
1039.53
6.06386
0.0440299
0.000354616
3.01879e-06
2.63528e-08
2.29832e-10
1.95938e-12
1.60652e-14
1.25316e-16
9.24015e-19
6.41909e-21
4.19634e-23
2.58183e-25
1.49639e-27
8.18119e-30
4.22592e-32
2.06248e-34
9.12794e-37
0
0
0
0
0
0
0
0
0
0
0
0
0
0
0
0
0
0
0
0
0
0
0
0
0
0
0
0
0
0
0
0
0
0
0
0
0
0
0
0
0
0
0
0
0
0
0
0
0
0
0
0
0
0
0
0
0
0
0
0
0
0
0
0
0
0
0
0
0
0
0
0
0
0
0
0
0
0
0
0
0
0
0
0
0
0
0
0
0
0
0
0
0
0
0
0
0
0
0
0
0
0
0
0
0
0
0
0
0
0
0
0
0
0
0
0
0
0
0
0
0
0
0
0
0
0
0
0
0
0
0
0
0
0
0
0
0
0
0
0
0
0
0
0
0
0
0
0
0
0
