3.59994e+07
627.432
2.25321
0.00971581
4.56005e-05
2.22039e-07
1.10106e-09
5.50528e-12
2.7523e-14
1.36339e-16
6.62544e-19
3.12709e-21
1.42102e-23
6.17507e-26
2.55423e-28
1.00291e-30
3.73229e-33
1.30249e-35
3.79808e-38
0
0
0
0
0
0
0
0
0
0
0
0
0
0
0
0
0
0
0
0
0
0
0
0
0
0
0
0
0
0
0
0
0
0
0
0
0
0
0
0
0
0
0
0
0
0
0
0
0
0
0
0
0
0
0
0
0
0
0
0
0
0
0
0
0
0
0
0
0
0
0
0
0
0
0
0
0
0
0
0
0
0
0
0
0
0
0
0
0
0
0
0
0
0
0
0
0
0
0
0
0
0
0
0
0
0
0
0
0
0
0
0
0
0
0
0
0
0
0
0
0
0
0
0
0
0
0
0
0
0
0
0
0
0
0
0
0
0
0
0
0
0
0
0
0
0
0
0
0
0
0
