3.5999e+07
951.97
5.09731
0.0338328
0.00024942
1.96202e-06
1.61598e-08
1.36782e-10
1.16425e-12
9.75435e-15
7.90567e-17
6.12434e-19
4.5022e-21
3.12902e-23
2.05295e-25
1.27146e-27
7.43875e-30
4.11603e-32
2.15501e-34
1.0495e-36
0
0
0
0
0
0
0
0
0
0
0
0
0
0
0
0
0
0
0
0
0
0
0
0
0
0
0
0
0
0
0
0
0
0
0
0
0
0
0
0
0
0
0
0
0
0
0
0
0
0
0
0
0
0
0
0
0
0
0
0
0
0
0
0
0
0
0
0
0
0
0
0
0
0
0
0
0
0
0
0
0
0
0
0
0
0
0
0
0
0
0
0
0
0
0
0
0
0
0
0
0
0
0
0
0
0
0
0
0
0
0
0
0
0
0
0
0
0
0
0
0
0
0
0
0
0
0
0
0
0
0
0
0
0
0
0
0
0
0
0
0
0
0
0
0
0
0
0
0
0
