3.59993e+07
715.715
2.91339
0.0144022
7.79131e-05
4.38325e-07
2.49358e-09
1.40368e-11
7.68356e-14
4.03753e-16
2.0192e-18
9.56081e-21
4.27451e-23
1.80267e-25
7.17174e-28
2.6937e-30
9.56151e-33
3.18382e-35
6.96971e-38
0
0
0
0
0
0
0
0
0
0
0
0
0
0
0
0
0
0
0
0
0
0
0
0
0
0
0
0
0
0
0
0
0
0
0
0
0
0
0
0
0
0
0
0
0
0
0
0
0
0
0
0
0
0
0
0
0
0
0
0
0
0
0
0
0
0
0
0
0
0
0
0
0
0
0
0
0
0
0
0
0
0
0
0
0
0
0
0
0
0
0
0
0
0
0
0
0
0
0
0
0
0
0
0
0
0
0
0
0
0
0
0
0
0
0
0
0
0
0
0
0
0
0
0
0
0
0
0
0
0
0
0
0
0
0
0
0
0
0
0
0
0
0
0
0
0
0
0
0
0
0
