3.59994e+07
621.482
2.21672
0.00953952
4.52018e-05
2.26916e-07
1.1979e-09
6.6347e-12
3.81978e-14
2.24349e-16
1.31358e-18
7.50925e-21
4.12793e-23
2.16119e-25
1.07193e-27
5.02437e-30
2.22379e-32
9.28384e-35
3.59391e-37
0
0
0
0
0
0
0
0
0
0
0
0
0
0
0
0
0
0
0
0
0
0
0
0
0
0
0
0
0
0
0
0
0
0
0
0
0
0
0
0
0
0
0
0
0
0
0
0
0
0
0
0
0
0
0
0
0
0
0
0
0
0
0
0
0
0
0
0
0
0
0
0
0
0
0
0
0
0
0
0
0
0
0
0
0
0
0
0
0
0
0
0
0
0
0
0
0
0
0
0
0
0
0
0
0
0
0
0
0
0
0
0
0
0
0
0
0
0
0
0
0
0
0
0
0
0
0
0
0
0
0
0
0
0
0
0
0
0
0
0
0
0
0
0
0
0
0
0
0
0
0
