3.59989e+07
1021.13
5.85158
0.0416829
0.000328735
2.73685e-06
2.34381e-08
2.02571e-10
1.74072e-12
1.46983e-14
1.2082e-16
9.59596e-19
7.32058e-21
5.34e-23
3.71251e-25
2.45476e-27
1.5419e-29
9.19634e-32
5.20581e-34
2.76173e-36
1.06655e-38
0
0
0
0
0
0
0
0
0
0
0
0
0
0
0
0
0
0
0
0
0
0
0
0
0
0
0
0
0
0
0
0
0
0
0
0
0
0
0
0
0
0
0
0
0
0
0
0
0
0
0
0
0
0
0
0
0
0
0
0
0
0
0
0
0
0
0
0
0
0
0
0
0
0
0
0
0
0
0
0
0
0
0
0
0
0
0
0
0
0
0
0
0
0
0
0
0
0
0
0
0
0
0
0
0
0
0
0
0
0
0
0
0
0
0
0
0
0
0
0
0
0
0
0
0
0
0
0
0
0
0
0
0
0
0
0
0
0
0
0
0
0
0
0
0
0
0
0
0
