3.59993e+07
668.325
2.54365
0.0116939
5.89742e-05
3.12224e-07
1.69926e-09
9.32963e-12
5.06931e-14
2.68002e-16
1.36103e-18
6.58371e-21
3.01882e-23
1.30905e-25
5.3646e-28
2.07848e-30
7.61967e-33
2.62996e-35
6.40706e-38
0
0
0
0
0
0
0
0
0
0
0
0
0
0
0
0
0
0
0
0
0
0
0
0
0
0
0
0
0
0
0
0
0
0
0
0
0
0
0
0
0
0
0
0
0
0
0
0
0
0
0
0
0
0
0
0
0
0
0
0
0
0
0
0
0
0
0
0
0
0
0
0
0
0
0
0
0
0
0
0
0
0
0
0
0
0
0
0
0
0
0
0
0
0
0
0
0
0
0
0
0
0
0
0
0
0
0
0
0
0
0
0
0
0
0
0
0
0
0
0
0
0
0
0
0
0
0
0
0
0
0
0
0
0
0
0
0
0
0
0
0
0
0
0
0
0
0
0
0
0
0
