3.59991e+07
922.451
4.78386
0.0305175
0.000213443
1.55964e-06
1.16264e-08
8.70018e-11
6.45273e-13
4.69319e-15
3.31751e-17
2.26265e-19
1.48073e-21
9.26124e-24
5.52179e-26
3.1337e-28
1.6916e-30
8.68352e-33
4.22342e-35
1.82868e-37
0
0
0
0
0
0
0
0
0
0
0
0
0
0
0
0
0
0
0
0
0
0
0
0
0
0
0
0
0
0
0
0
0
0
0
0
0
0
0
0
0
0
0
0
0
0
0
0
0
0
0
0
0
0
0
0
0
0
0
0
0
0
0
0
0
0
0
0
0
0
0
0
0
0
0
0
0
0
0
0
0
0
0
0
0
0
0
0
0
0
0
0
0
0
0
0
0
0
0
0
0
0
0
0
0
0
0
0
0
0
0
0
0
0
0
0
0
0
0
0
0
0
0
0
0
0
0
0
0
0
0
0
0
0
0
0
0
0
0
0
0
0
0
0
0
0
0
0
0
0
