3.59993e+07
677.339
2.6163
0.0122215
6.25461e-05
3.35149e-07
1.84166e-09
1.02093e-11
5.62098e-14
3.03028e-16
1.58091e-18
7.91078e-21
3.77337e-23
1.70894e-25
7.33254e-28
2.97788e-30
1.14448e-32
4.14486e-35
1.24061e-37
0
0
0
0
0
0
0
0
0
0
0
0
0
0
0
0
0
0
0
0
0
0
0
0
0
0
0
0
0
0
0
0
0
0
0
0
0
0
0
0
0
0
0
0
0
0
0
0
0
0
0
0
0
0
0
0
0
0
0
0
0
0
0
0
0
0
0
0
0
0
0
0
0
0
0
0
0
0
0
0
0
0
0
0
0
0
0
0
0
0
0
0
0
0
0
0
0
0
0
0
0
0
0
0
0
0
0
0
0
0
0
0
0
0
0
0
0
0
0
0
0
0
0
0
0
0
0
0
0
0
0
0
0
0
0
0
0
0
0
0
0
0
0
0
0
0
0
0
0
0
0
