3.59993e+07
713.837
2.89473
0.0142137
7.62967e-05
4.28796e-07
2.48467e-09
1.472e-11
8.84025e-14
5.32063e-16
3.16449e-18
1.83356e-20
1.02258e-22
5.44128e-25
2.74721e-27
1.31213e-29
5.92148e-32
2.52223e-34
1.00063e-36
0
0
0
0
0
0
0
0
0
0
0
0
0
0
0
0
0
0
0
0
0
0
0
0
0
0
0
0
0
0
0
0
0
0
0
0
0
0
0
0
0
0
0
0
0
0
0
0
0
0
0
0
0
0
0
0
0
0
0
0
0
0
0
0
0
0
0
0
0
0
0
0
0
0
0
0
0
0
0
0
0
0
0
0
0
0
0
0
0
0
0
0
0
0
0
0
0
0
0
0
0
0
0
0
0
0
0
0
0
0
0
0
0
0
0
0
0
0
0
0
0
0
0
0
0
0
0
0
0
0
0
0
0
0
0
0
0
0
0
0
0
0
0
0
0
0
0
0
0
0
0
