3.59993e+07
667.474
2.53919
0.0116441
5.81526e-05
3.00938e-07
1.57639e-09
8.22572e-12
4.22076e-14
2.10725e-16
1.01502e-18
4.68646e-21
2.06418e-23
8.64496e-26
3.43577e-28
1.29452e-30
4.62185e-33
1.54845e-35
4.09893e-38
0
0
0
0
0
0
0
0
0
0
0
0
0
0
0
0
0
0
0
0
0
0
0
0
0
0
0
0
0
0
0
0
0
0
0
0
0
0
0
0
0
0
0
0
0
0
0
0
0
0
0
0
0
0
0
0
0
0
0
0
0
0
0
0
0
0
0
0
0
0
0
0
0
0
0
0
0
0
0
0
0
0
0
0
0
0
0
0
0
0
0
0
0
0
0
0
0
0
0
0
0
0
0
0
0
0
0
0
0
0
0
0
0
0
0
0
0
0
0
0
0
0
0
0
0
0
0
0
0
0
0
0
0
0
0
0
0
0
0
0
0
0
0
0
0
0
0
0
0
0
0
