3.59994e+07
572.609
1.88805
0.00742912
3.18551e-05
1.41984e-07
6.45078e-10
2.94493e-12
1.33114e-14
5.87234e-17
2.49781e-19
1.01527e-21
3.92068e-24
1.43376e-26
4.95805e-29
1.62093e-31
5.00673e-34
1.40629e-36
0
0
0
0
0
0
0
0
0
0
0
0
0
0
0
0
0
0
0
0
0
0
0
0
0
0
0
0
0
0
0
0
0
0
0
0
0
0
0
0
0
0
0
0
0
0
0
0
0
0
0
0
0
0
0
0
0
0
0
0
0
0
0
0
0
0
0
0
0
0
0
0
0
0
0
0
0
0
0
0
0
0
0
0
0
0
0
0
0
0
0
0
0
0
0
0
0
0
0
0
0
0
0
0
0
0
0
0
0
0
0
0
0
0
0
0
0
0
0
0
0
0
0
0
0
0
0
0
0
0
0
0
0
0
0
0
0
0
0
0
0
0
0
0
0
0
0
0
0
0
0
0
