3.59989e+07
1029.47
5.93191
0.0421996
0.000328599
2.67226e-06
2.22299e-08
1.86776e-10
1.56882e-12
1.30444e-14
1.06332e-16
8.42119e-19
6.42994e-21
4.70475e-23
3.28463e-25
2.18193e-27
1.37697e-29
8.25019e-32
4.69044e-34
2.49978e-36
1.06655e-38
0
0
0
0
0
0
0
0
0
0
0
0
0
0
0
0
0
0
0
0
0
0
0
0
0
0
0
0
0
0
0
0
0
0
0
0
0
0
0
0
0
0
0
0
0
0
0
0
0
0
0
0
0
0
0
0
0
0
0
0
0
0
0
0
0
0
0
0
0
0
0
0
0
0
0
0
0
0
0
0
0
0
0
0
0
0
0
0
0
0
0
0
0
0
0
0
0
0
0
0
0
0
0
0
0
0
0
0
0
0
0
0
0
0
0
0
0
0
0
0
0
0
0
0
0
0
0
0
0
0
0
0
0
0
0
0
0
0
0
0
0
0
0
0
0
0
0
0
0
