3.59994e+07
645.402
2.37987
0.010581
5.16038e-05
2.65075e-07
1.41667e-09
7.81136e-12
4.38428e-14
2.45861e-16
1.35094e-18
7.15659e-21
3.61427e-23
1.72852e-25
7.80268e-28
3.32102e-30
1.3331e-32
5.03765e-35
1.71908e-37
0
0
0
0
0
0
0
0
0
0
0
0
0
0
0
0
0
0
0
0
0
0
0
0
0
0
0
0
0
0
0
0
0
0
0
0
0
0
0
0
0
0
0
0
0
0
0
0
0
0
0
0
0
0
0
0
0
0
0
0
0
0
0
0
0
0
0
0
0
0
0
0
0
0
0
0
0
0
0
0
0
0
0
0
0
0
0
0
0
0
0
0
0
0
0
0
0
0
0
0
0
0
0
0
0
0
0
0
0
0
0
0
0
0
0
0
0
0
0
0
0
0
0
0
0
0
0
0
0
0
0
0
0
0
0
0
0
0
0
0
0
0
0
0
0
0
0
0
0
0
0
