3.59994e+07
619.826
2.20136
0.0094095
4.42779e-05
2.22034e-07
1.18745e-09
6.78617e-12
4.08649e-14
2.51891e-16
1.54041e-18
9.12434e-21
5.15754e-23
2.76013e-25
1.3936e-27
6.63184e-30
2.97539e-32
1.25873e-34
4.98283e-37
0
0
0
0
0
0
0
0
0
0
0
0
0
0
0
0
0
0
0
0
0
0
0
0
0
0
0
0
0
0
0
0
0
0
0
0
0
0
0
0
0
0
0
0
0
0
0
0
0
0
0
0
0
0
0
0
0
0
0
0
0
0
0
0
0
0
0
0
0
0
0
0
0
0
0
0
0
0
0
0
0
0
0
0
0
0
0
0
0
0
0
0
0
0
0
0
0
0
0
0
0
0
0
0
0
0
0
0
0
0
0
0
0
0
0
0
0
0
0
0
0
0
0
0
0
0
0
0
0
0
0
0
0
0
0
0
0
0
0
0
0
0
0
0
0
0
0
0
0
0
0
