3.59991e+07
935.765
4.93438
0.0322108
0.000232176
1.76111e-06
1.37135e-08
1.07669e-10
8.39675e-13
6.42169e-15
4.76501e-17
3.40174e-19
2.32206e-21
1.50922e-23
9.31534e-26
5.45273e-28
3.02539e-30
1.59123e-32
7.92084e-35
3.53534e-37
0
0
0
0
0
0
0
0
0
0
0
0
0
0
0
0
0
0
0
0
0
0
0
0
0
0
0
0
0
0
0
0
0
0
0
0
0
0
0
0
0
0
0
0
0
0
0
0
0
0
0
0
0
0
0
0
0
0
0
0
0
0
0
0
0
0
0
0
0
0
0
0
0
0
0
0
0
0
0
0
0
0
0
0
0
0
0
0
0
0
0
0
0
0
0
0
0
0
0
0
0
0
0
0
0
0
0
0
0
0
0
0
0
0
0
0
0
0
0
0
0
0
0
0
0
0
0
0
0
0
0
0
0
0
0
0
0
0
0
0
0
0
0
0
0
0
0
0
0
0
