3.5999e+07
1007.56
5.68782
0.0396982
0.000304737
2.45509e-06
2.0281e-08
1.68903e-10
1.3973e-12
1.13313e-14
8.90514e-17
6.72096e-19
4.83927e-21
3.30956e-23
2.14428e-25
1.31457e-27
7.62384e-30
4.18434e-32
2.17276e-34
1.03733e-36
0
0
0
0
0
0
0
0
0
0
0
0
0
0
0
0
0
0
0
0
0
0
0
0
0
0
0
0
0
0
0
0
0
0
0
0
0
0
0
0
0
0
0
0
0
0
0
0
0
0
0
0
0
0
0
0
0
0
0
0
0
0
0
0
0
0
0
0
0
0
0
0
0
0
0
0
0
0
0
0
0
0
0
0
0
0
0
0
0
0
0
0
0
0
0
0
0
0
0
0
0
0
0
0
0
0
0
0
0
0
0
0
0
0
0
0
0
0
0
0
0
0
0
0
0
0
0
0
0
0
0
0
0
0
0
0
0
0
0
0
0
0
0
0
0
0
0
0
0
0
