3.5999e+07
995.522
5.56236
0.0384712
0.000292597
2.32436e-06
1.87376e-08
1.50175e-10
1.17924e-12
8.98465e-15
6.60207e-17
4.66233e-19
3.15766e-21
2.04818e-23
1.27102e-25
7.53939e-28
4.27159e-30
2.31016e-32
1.18987e-34
5.55043e-37
0
0
0
0
0
0
0
0
0
0
0
0
0
0
0
0
0
0
0
0
0
0
0
0
0
0
0
0
0
0
0
0
0
0
0
0
0
0
0
0
0
0
0
0
0
0
0
0
0
0
0
0
0
0
0
0
0
0
0
0
0
0
0
0
0
0
0
0
0
0
0
0
0
0
0
0
0
0
0
0
0
0
0
0
0
0
0
0
0
0
0
0
0
0
0
0
0
0
0
0
0
0
0
0
0
0
0
0
0
0
0
0
0
0
0
0
0
0
0
0
0
0
0
0
0
0
0
0
0
0
0
0
0
0
0
0
0
0
0
0
0
0
0
0
0
0
0
0
0
0
