3.59994e+07
633.159
2.29346
0.00999724
4.76123e-05
2.3623e-07
1.19467e-09
6.05646e-12
3.0295e-14
1.47389e-16
6.89358e-19
3.07348e-21
1.29905e-23
5.18856e-26
1.9555e-28
6.95247e-31
2.33198e-33
7.25288e-36
1.09771e-38
0
0
0
0
0
0
0
0
0
0
0
0
0
0
0
0
0
0
0
0
0
0
0
0
0
0
0
0
0
0
0
0
0
0
0
0
0
0
0
0
0
0
0
0
0
0
0
0
0
0
0
0
0
0
0
0
0
0
0
0
0
0
0
0
0
0
0
0
0
0
0
0
0
0
0
0
0
0
0
0
0
0
0
0
0
0
0
0
0
0
0
0
0
0
0
0
0
0
0
0
0
0
0
0
0
0
0
0
0
0
0
0
0
0
0
0
0
0
0
0
0
0
0
0
0
0
0
0
0
0
0
0
0
0
0
0
0
0
0
0
0
0
0
0
0
0
0
0
0
0
0
