3.5999e+07
977.457
5.36889
0.0365458
0.000274412
2.16501e-06
1.75083e-08
1.42753e-10
1.15952e-12
9.29476e-15
7.29372e-17
5.56166e-19
4.09388e-21
2.89279e-23
1.95376e-25
1.25741e-27
7.69669e-30
4.47643e-32
2.47093e-34
1.27188e-36
5.55457e-39
0
0
0
0
0
0
0
0
0
0
0
0
0
0
0
0
0
0
0
0
0
0
0
0
0
0
0
0
0
0
0
0
0
0
0
0
0
0
0
0
0
0
0
0
0
0
0
0
0
0
0
0
0
0
0
0
0
0
0
0
0
0
0
0
0
0
0
0
0
0
0
0
0
0
0
0
0
0
0
0
0
0
0
0
0
0
0
0
0
0
0
0
0
0
0
0
0
0
0
0
0
0
0
0
0
0
0
0
0
0
0
0
0
0
0
0
0
0
0
0
0
0
0
0
0
0
0
0
0
0
0
0
0
0
0
0
0
0
0
0
0
0
0
0
0
0
0
0
0
