3.59993e+07
749.623
3.19209
0.0165422
9.39363e-05
5.59412e-07
3.43443e-09
2.14764e-11
1.34908e-13
8.3787e-16
5.06627e-18
2.94533e-20
1.6319e-22
8.57059e-25
4.2545e-27
1.9941e-29
8.82505e-32
3.68721e-34
1.428e-36
0
0
0
0
0
0
0
0
0
0
0
0
0
0
0
0
0
0
0
0
0
0
0
0
0
0
0
0
0
0
0
0
0
0
0
0
0
0
0
0
0
0
0
0
0
0
0
0
0
0
0
0
0
0
0
0
0
0
0
0
0
0
0
0
0
0
0
0
0
0
0
0
0
0
0
0
0
0
0
0
0
0
0
0
0
0
0
0
0
0
0
0
0
0
0
0
0
0
0
0
0
0
0
0
0
0
0
0
0
0
0
0
0
0
0
0
0
0
0
0
0
0
0
0
0
0
0
0
0
0
0
0
0
0
0
0
0
0
0
0
0
0
0
0
0
0
0
0
0
0
0
