3.59993e+07
737.823
3.08943
0.0157036
8.75177e-05
5.14315e-07
3.15305e-09
2.00427e-11
1.30716e-13
8.60144e-16
5.60004e-18
3.54368e-20
2.15048e-22
1.24063e-24
6.7708e-27
3.48779e-29
1.69488e-31
7.7704e-34
3.33788e-36
1.23674e-38
0
0
0
0
0
0
0
0
0
0
0
0
0
0
0
0
0
0
0
0
0
0
0
0
0
0
0
0
0
0
0
0
0
0
0
0
0
0
0
0
0
0
0
0
0
0
0
0
0
0
0
0
0
0
0
0
0
0
0
0
0
0
0
0
0
0
0
0
0
0
0
0
0
0
0
0
0
0
0
0
0
0
0
0
0
0
0
0
0
0
0
0
0
0
0
0
0
0
0
0
0
0
0
0
0
0
0
0
0
0
0
0
0
0
0
0
0
0
0
0
0
0
0
0
0
0
0
0
0
0
0
0
0
0
0
0
0
0
0
0
0
0
0
0
0
0
0
0
0
0
