3.59993e+07
728.052
3.01112
0.0150854
8.23307e-05
4.66161e-07
2.67463e-09
1.52908e-11
8.58926e-14
4.68676e-16
2.46253e-18
1.23821e-20
5.93452e-23
2.70496e-25
1.17131e-27
4.81772e-30
1.88273e-32
6.96477e-35
2.17701e-37
0
0
0
0
0
0
0
0
0
0
0
0
0
0
0
0
0
0
0
0
0
0
0
0
0
0
0
0
0
0
0
0
0
0
0
0
0
0
0
0
0
0
0
0
0
0
0
0
0
0
0
0
0
0
0
0
0
0
0
0
0
0
0
0
0
0
0
0
0
0
0
0
0
0
0
0
0
0
0
0
0
0
0
0
0
0
0
0
0
0
0
0
0
0
0
0
0
0
0
0
0
0
0
0
0
0
0
0
0
0
0
0
0
0
0
0
0
0
0
0
0
0
0
0
0
0
0
0
0
0
0
0
0
0
0
0
0
0
0
0
0
0
0
0
0
0
0
0
0
0
0
