3.5999e+07
983.059
5.42974
0.0371543
0.000280745
2.23454e-06
1.82591e-08
1.50059e-10
1.21835e-12
9.62841e-15
7.3226e-17
5.31654e-19
3.66621e-21
2.39414e-23
1.47855e-25
8.633e-28
4.76775e-30
2.49263e-32
1.23291e-34
5.49084e-37
0
0
0
0
0
0
0
0
0
0
0
0
0
0
0
0
0
0
0
0
0
0
0
0
0
0
0
0
0
0
0
0
0
0
0
0
0
0
0
0
0
0
0
0
0
0
0
0
0
0
0
0
0
0
0
0
0
0
0
0
0
0
0
0
0
0
0
0
0
0
0
0
0
0
0
0
0
0
0
0
0
0
0
0
0
0
0
0
0
0
0
0
0
0
0
0
0
0
0
0
0
0
0
0
0
0
0
0
0
0
0
0
0
0
0
0
0
0
0
0
0
0
0
0
0
0
0
0
0
0
0
0
0
0
0
0
0
0
0
0
0
0
0
0
0
0
0
0
0
0
