3.59994e+07
648.401
2.40222
0.0107372
5.26019e-05
2.7063e-07
1.44135e-09
7.87683e-12
4.36774e-14
2.42116e-16
1.32009e-18
6.97724e-21
3.53579e-23
1.70552e-25
7.79819e-28
3.37353e-30
1.38011e-32
5.32588e-35
1.90703e-37
0
0
0
0
0
0
0
0
0
0
0
0
0
0
0
0
0
0
0
0
0
0
0
0
0
0
0
0
0
0
0
0
0
0
0
0
0
0
0
0
0
0
0
0
0
0
0
0
0
0
0
0
0
0
0
0
0
0
0
0
0
0
0
0
0
0
0
0
0
0
0
0
0
0
0
0
0
0
0
0
0
0
0
0
0
0
0
0
0
0
0
0
0
0
0
0
0
0
0
0
0
0
0
0
0
0
0
0
0
0
0
0
0
0
0
0
0
0
0
0
0
0
0
0
0
0
0
0
0
0
0
0
0
0
0
0
0
0
0
0
0
0
0
0
0
0
0
0
0
0
0
