3.59991e+07
915.002
4.71698
0.0299999
0.000210222
1.55099e-06
1.18039e-08
9.14131e-11
7.11784e-13
5.50586e-15
4.18179e-17
3.08647e-19
2.19547e-21
1.49594e-23
9.72378e-26
6.01412e-28
3.53438e-30
1.97236e-32
1.04363e-34
5.05315e-37
0
0
0
0
0
0
0
0
0
0
0
0
0
0
0
0
0
0
0
0
0
0
0
0
0
0
0
0
0
0
0
0
0
0
0
0
0
0
0
0
0
0
0
0
0
0
0
0
0
0
0
0
0
0
0
0
0
0
0
0
0
0
0
0
0
0
0
0
0
0
0
0
0
0
0
0
0
0
0
0
0
0
0
0
0
0
0
0
0
0
0
0
0
0
0
0
0
0
0
0
0
0
0
0
0
0
0
0
0
0
0
0
0
0
0
0
0
0
0
0
0
0
0
0
0
0
0
0
0
0
0
0
0
0
0
0
0
0
0
0
0
0
0
0
0
0
0
0
0
0
