3.59991e+07
919.871
4.75969
0.0302922
0.000211994
1.57106e-06
1.22661e-08
1.01427e-10
8.88452e-13
8.11863e-15
7.52416e-17
6.86641e-19
6.03276e-21
5.03258e-23
3.95786e-25
2.9261e-27
2.03292e-29
1.32852e-31
8.1782e-34
4.73599e-36
2.46478e-38
0
0
0
0
0
0
0
0
0
0
0
0
0
0
0
0
0
0
0
0
0
0
0
0
0
0
0
0
0
0
0
0
0
0
0
0
0
0
0
0
0
0
0
0
0
0
0
0
0
0
0
0
0
0
0
0
0
0
0
0
0
0
0
0
0
0
0
0
0
0
0
0
0
0
0
0
0
0
0
0
0
0
0
0
0
0
0
0
0
0
0
0
0
0
0
0
0
0
0
0
0
0
0
0
0
0
0
0
0
0
0
0
0
0
0
0
0
0
0
0
0
0
0
0
0
0
0
0
0
0
0
0
0
0
0
0
0
0
0
0
0
0
0
0
0
0
0
0
0
