3.59991e+07
916.625
4.73028
0.0300251
0.000208719
1.51216e-06
1.11433e-08
8.22448e-11
6.01355e-13
4.31863e-15
3.02372e-17
2.05062e-19
1.33952e-21
8.39042e-24
5.02256e-26
2.86668e-28
1.55787e-30
8.05449e-33
3.94652e-35
1.70662e-37
0
0
0
0
0
0
0
0
0
0
0
0
0
0
0
0
0
0
0
0
0
0
0
0
0
0
0
0
0
0
0
0
0
0
0
0
0
0
0
0
0
0
0
0
0
0
0
0
0
0
0
0
0
0
0
0
0
0
0
0
0
0
0
0
0
0
0
0
0
0
0
0
0
0
0
0
0
0
0
0
0
0
0
0
0
0
0
0
0
0
0
0
0
0
0
0
0
0
0
0
0
0
0
0
0
0
0
0
0
0
0
0
0
0
0
0
0
0
0
0
0
0
0
0
0
0
0
0
0
0
0
0
0
0
0
0
0
0
0
0
0
0
0
0
0
0
0
0
0
0
