3.59994e+07
643.898
2.37032
0.0105239
5.11362e-05
2.59855e-07
1.35866e-09
7.24339e-12
3.89787e-14
2.0886e-16
1.09718e-18
5.56964e-21
2.70178e-23
1.24313e-25
5.4026e-28
2.21366e-30
8.54801e-33
3.09745e-35
9.83518e-38
0
0
0
0
0
0
0
0
0
0
0
0
0
0
0
0
0
0
0
0
0
0
0
0
0
0
0
0
0
0
0
0
0
0
0
0
0
0
0
0
0
0
0
0
0
0
0
0
0
0
0
0
0
0
0
0
0
0
0
0
0
0
0
0
0
0
0
0
0
0
0
0
0
0
0
0
0
0
0
0
0
0
0
0
0
0
0
0
0
0
0
0
0
0
0
0
0
0
0
0
0
0
0
0
0
0
0
0
0
0
0
0
0
0
0
0
0
0
0
0
0
0
0
0
0
0
0
0
0
0
0
0
0
0
0
0
0
0
0
0
0
0
0
0
0
0
0
0
0
0
0
