3.59994e+07
583.787
1.95885
0.00785715
3.44798e-05
1.58984e-07
7.62992e-10
3.79901e-12
1.9479e-14
1.01382e-16
5.25846e-19
2.67007e-21
1.30865e-23
6.13098e-26
2.72928e-28
1.15074e-30
4.58838e-33
1.72401e-35
5.51541e-38
0
0
0
0
0
0
0
0
0
0
0
0
0
0
0
0
0
0
0
0
0
0
0
0
0
0
0
0
0
0
0
0
0
0
0
0
0
0
0
0
0
0
0
0
0
0
0
0
0
0
0
0
0
0
0
0
0
0
0
0
0
0
0
0
0
0
0
0
0
0
0
0
0
0
0
0
0
0
0
0
0
0
0
0
0
0
0
0
0
0
0
0
0
0
0
0
0
0
0
0
0
0
0
0
0
0
0
0
0
0
0
0
0
0
0
0
0
0
0
0
0
0
0
0
0
0
0
0
0
0
0
0
0
0
0
0
0
0
0
0
0
0
0
0
0
0
0
0
0
0
0
