3.59994e+07
613.683
2.16018
0.00913813
4.23386e-05
2.06015e-07
1.03995e-09
5.40604e-12
2.85968e-14
1.51291e-16
7.85585e-19
3.93937e-21
1.88561e-23
8.55298e-26
3.66235e-28
1.4782e-30
5.62282e-33
2.00617e-35
6.47957e-38
0
0
0
0
0
0
0
0
0
0
0
0
0
0
0
0
0
0
0
0
0
0
0
0
0
0
0
0
0
0
0
0
0
0
0
0
0
0
0
0
0
0
0
0
0
0
0
0
0
0
0
0
0
0
0
0
0
0
0
0
0
0
0
0
0
0
0
0
0
0
0
0
0
0
0
0
0
0
0
0
0
0
0
0
0
0
0
0
0
0
0
0
0
0
0
0
0
0
0
0
0
0
0
0
0
0
0
0
0
0
0
0
0
0
0
0
0
0
0
0
0
0
0
0
0
0
0
0
0
0
0
0
0
0
0
0
0
0
0
0
0
0
0
0
0
0
0
0
0
0
0
