3.59993e+07
708.804
2.85723
0.0139482
7.4445e-05
4.15199e-07
2.37406e-09
1.37349e-11
7.94141e-14
4.53353e-16
2.5268e-18
1.36203e-20
7.04871e-23
3.48411e-25
1.63937e-27
7.32879e-30
3.10997e-32
1.25018e-34
4.51114e-37
0
0
0
0
0
0
0
0
0
0
0
0
0
0
0
0
0
0
0
0
0
0
0
0
0
0
0
0
0
0
0
0
0
0
0
0
0
0
0
0
0
0
0
0
0
0
0
0
0
0
0
0
0
0
0
0
0
0
0
0
0
0
0
0
0
0
0
0
0
0
0
0
0
0
0
0
0
0
0
0
0
0
0
0
0
0
0
0
0
0
0
0
0
0
0
0
0
0
0
0
0
0
0
0
0
0
0
0
0
0
0
0
0
0
0
0
0
0
0
0
0
0
0
0
0
0
0
0
0
0
0
0
0
0
0
0
0
0
0
0
0
0
0
0
0
0
0
0
0
0
0
