3.59994e+07
580.119
1.93795
0.00774435
3.3777e-05
1.53142e-07
7.06093e-10
3.2589e-12
1.48428e-14
6.58786e-17
2.82089e-19
1.15674e-21
4.51986e-24
1.67765e-26
5.90526e-29
1.96982e-31
6.22073e-34
1.78462e-36
0
0
0
0
0
0
0
0
0
0
0
0
0
0
0
0
0
0
0
0
0
0
0
0
0
0
0
0
0
0
0
0
0
0
0
0
0
0
0
0
0
0
0
0
0
0
0
0
0
0
0
0
0
0
0
0
0
0
0
0
0
0
0
0
0
0
0
0
0
0
0
0
0
0
0
0
0
0
0
0
0
0
0
0
0
0
0
0
0
0
0
0
0
0
0
0
0
0
0
0
0
0
0
0
0
0
0
0
0
0
0
0
0
0
0
0
0
0
0
0
0
0
0
0
0
0
0
0
0
0
0
0
0
0
0
0
0
0
0
0
0
0
0
0
0
0
0
0
0
0
0
0
