3.59994e+07
627.546
2.25528
0.00975406
4.60922e-05
2.26803e-07
1.13705e-09
5.71418e-12
2.83512e-14
1.37002e-16
6.37754e-19
2.83703e-21
1.19963e-23
4.80636e-26
1.82175e-28
6.52929e-31
2.21262e-33
6.96649e-36
1.11596e-38
0
0
0
0
0
0
0
0
0
0
0
0
0
0
0
0
0
0
0
0
0
0
0
0
0
0
0
0
0
0
0
0
0
0
0
0
0
0
0
0
0
0
0
0
0
0
0
0
0
0
0
0
0
0
0
0
0
0
0
0
0
0
0
0
0
0
0
0
0
0
0
0
0
0
0
0
0
0
0
0
0
0
0
0
0
0
0
0
0
0
0
0
0
0
0
0
0
0
0
0
0
0
0
0
0
0
0
0
0
0
0
0
0
0
0
0
0
0
0
0
0
0
0
0
0
0
0
0
0
0
0
0
0
0
0
0
0
0
0
0
0
0
0
0
0
0
0
0
0
0
0
