3.59994e+07
608.356
2.11967
0.00884005
4.02407e-05
1.91598e-07
9.40485e-10
4.7114e-12
2.37712e-14
1.18872e-16
5.79856e-19
2.72319e-21
1.21984e-23
5.18168e-26
2.08085e-28
7.89016e-31
2.8242e-33
9.44561e-36
2.49122e-38
0
0
0
0
0
0
0
0
0
0
0
0
0
0
0
0
0
0
0
0
0
0
0
0
0
0
0
0
0
0
0
0
0
0
0
0
0
0
0
0
0
0
0
0
0
0
0
0
0
0
0
0
0
0
0
0
0
0
0
0
0
0
0
0
0
0
0
0
0
0
0
0
0
0
0
0
0
0
0
0
0
0
0
0
0
0
0
0
0
0
0
0
0
0
0
0
0
0
0
0
0
0
0
0
0
0
0
0
0
0
0
0
0
0
0
0
0
0
0
0
0
0
0
0
0
0
0
0
0
0
0
0
0
0
0
0
0
0
0
0
0
0
0
0
0
0
0
0
0
0
0
