3.5999e+07
1010.13
5.73075
0.0403498
0.000314436
2.59597e-06
2.22176e-08
1.93572e-10
1.68576e-12
1.44197e-14
1.1937e-16
9.4589e-19
7.12281e-21
5.07586e-23
3.41636e-25
2.17071e-27
1.30262e-29
7.39e-32
3.96591e-34
1.98786e-36
4.44725e-39
0
0
0
0
0
0
0
0
0
0
0
0
0
0
0
0
0
0
0
0
0
0
0
0
0
0
0
0
0
0
0
0
0
0
0
0
0
0
0
0
0
0
0
0
0
0
0
0
0
0
0
0
0
0
0
0
0
0
0
0
0
0
0
0
0
0
0
0
0
0
0
0
0
0
0
0
0
0
0
0
0
0
0
0
0
0
0
0
0
0
0
0
0
0
0
0
0
0
0
0
0
0
0
0
0
0
0
0
0
0
0
0
0
0
0
0
0
0
0
0
0
0
0
0
0
0
0
0
0
0
0
0
0
0
0
0
0
0
0
0
0
0
0
0
0
0
0
0
0
