3.59991e+07
927.916
4.85851
0.031565
0.000229098
1.79643e-06
1.51126e-08
1.36191e-10
1.30443e-12
1.30056e-14
1.3105e-16
1.29691e-18
1.23397e-20
1.11409e-22
9.47937e-25
7.57993e-27
5.6937e-29
4.02108e-31
2.674e-33
1.6749e-35
9.85271e-38
0
0
0
0
0
0
0
0
0
0
0
0
0
0
0
0
0
0
0
0
0
0
0
0
0
0
0
0
0
0
0
0
0
0
0
0
0
0
0
0
0
0
0
0
0
0
0
0
0
0
0
0
0
0
0
0
0
0
0
0
0
0
0
0
0
0
0
0
0
0
0
0
0
0
0
0
0
0
0
0
0
0
0
0
0
0
0
0
0
0
0
0
0
0
0
0
0
0
0
0
0
0
0
0
0
0
0
0
0
0
0
0
0
0
0
0
0
0
0
0
0
0
0
0
0
0
0
0
0
0
0
0
0
0
0
0
0
0
0
0
0
0
0
0
0
0
0
0
0
