3.59993e+07
693.717
2.73612
0.0130319
6.75682e-05
3.62725e-07
1.96715e-09
1.05886e-11
5.5747e-14
2.83705e-16
1.38333e-18
6.42298e-21
2.82904e-23
1.17959e-25
4.65229e-28
1.73573e-30
6.12851e-33
2.02869e-35
4.41152e-38
0
0
0
0
0
0
0
0
0
0
0
0
0
0
0
0
0
0
0
0
0
0
0
0
0
0
0
0
0
0
0
0
0
0
0
0
0
0
0
0
0
0
0
0
0
0
0
0
0
0
0
0
0
0
0
0
0
0
0
0
0
0
0
0
0
0
0
0
0
0
0
0
0
0
0
0
0
0
0
0
0
0
0
0
0
0
0
0
0
0
0
0
0
0
0
0
0
0
0
0
0
0
0
0
0
0
0
0
0
0
0
0
0
0
0
0
0
0
0
0
0
0
0
0
0
0
0
0
0
0
0
0
0
0
0
0
0
0
0
0
0
0
0
0
0
0
0
0
0
0
0
