3.59989e+07
1041.43
6.07167
0.0439273
0.000350734
2.94503e-06
2.53289e-08
2.18691e-10
1.8644e-12
1.54879e-14
1.24141e-16
9.53567e-19
6.98916e-21
4.87583e-23
3.23364e-25
2.03795e-27
1.22076e-29
6.95372e-32
3.76629e-34
1.90269e-36
6.92042e-39
0
0
0
0
0
0
0
0
0
0
0
0
0
0
0
0
0
0
0
0
0
0
0
0
0
0
0
0
0
0
0
0
0
0
0
0
0
0
0
0
0
0
0
0
0
0
0
0
0
0
0
0
0
0
0
0
0
0
0
0
0
0
0
0
0
0
0
0
0
0
0
0
0
0
0
0
0
0
0
0
0
0
0
0
0
0
0
0
0
0
0
0
0
0
0
0
0
0
0
0
0
0
0
0
0
0
0
0
0
0
0
0
0
0
0
0
0
0
0
0
0
0
0
0
0
0
0
0
0
0
0
0
0
0
0
0
0
0
0
0
0
0
0
0
0
0
0
0
0
