3.59993e+07
726.486
2.99821
0.0150492
8.31384e-05
4.83971e-07
2.90746e-09
1.77173e-11
1.07706e-13
6.43383e-16
3.72968e-18
2.0788e-20
1.10702e-22
5.61063e-25
2.70074e-27
1.23371e-29
5.34774e-32
2.19772e-34
8.3093e-37
0
0
0
0
0
0
0
0
0
0
0
0
0
0
0
0
0
0
0
0
0
0
0
0
0
0
0
0
0
0
0
0
0
0
0
0
0
0
0
0
0
0
0
0
0
0
0
0
0
0
0
0
0
0
0
0
0
0
0
0
0
0
0
0
0
0
0
0
0
0
0
0
0
0
0
0
0
0
0
0
0
0
0
0
0
0
0
0
0
0
0
0
0
0
0
0
0
0
0
0
0
0
0
0
0
0
0
0
0
0
0
0
0
0
0
0
0
0
0
0
0
0
0
0
0
0
0
0
0
0
0
0
0
0
0
0
0
0
0
0
0
0
0
0
0
0
0
0
0
0
0
