3.59994e+07
618.37
2.19324
0.00936326
4.3924e-05
2.1726e-07
1.11462e-09
5.83985e-12
3.06581e-14
1.58188e-16
7.89465e-19
3.76807e-21
1.70801e-23
7.32491e-26
2.96731e-28
1.13523e-30
4.1034e-33
1.39162e-35
3.73302e-38
0
0
0
0
0
0
0
0
0
0
0
0
0
0
0
0
0
0
0
0
0
0
0
0
0
0
0
0
0
0
0
0
0
0
0
0
0
0
0
0
0
0
0
0
0
0
0
0
0
0
0
0
0
0
0
0
0
0
0
0
0
0
0
0
0
0
0
0
0
0
0
0
0
0
0
0
0
0
0
0
0
0
0
0
0
0
0
0
0
0
0
0
0
0
0
0
0
0
0
0
0
0
0
0
0
0
0
0
0
0
0
0
0
0
0
0
0
0
0
0
0
0
0
0
0
0
0
0
0
0
0
0
0
0
0
0
0
0
0
0
0
0
0
0
0
0
0
0
0
0
0
