3.59995e+07
561.514
1.81828
0.00702811
2.96987e-05
1.3116e-07
5.95933e-10
2.76096e-12
1.29223e-14
6.04224e-17
2.78825e-19
1.2549e-21
5.45313e-24
2.27026e-26
9.00739e-29
3.39466e-31
1.21273e-33
4.05217e-36
1.06266e-38
0
0
0
0
0
0
0
0
0
0
0
0
0
0
0
0
0
0
0
0
0
0
0
0
0
0
0
0
0
0
0
0
0
0
0
0
0
0
0
0
0
0
0
0
0
0
0
0
0
0
0
0
0
0
0
0
0
0
0
0
0
0
0
0
0
0
0
0
0
0
0
0
0
0
0
0
0
0
0
0
0
0
0
0
0
0
0
0
0
0
0
0
0
0
0
0
0
0
0
0
0
0
0
0
0
0
0
0
0
0
0
0
0
0
0
0
0
0
0
0
0
0
0
0
0
0
0
0
0
0
0
0
0
0
0
0
0
0
0
0
0
0
0
0
0
0
0
0
0
0
0
