3.59993e+07
676.346
2.60849
0.0121664
6.21219e-05
3.31218e-07
1.80243e-09
9.83533e-12
5.29606e-14
2.776e-16
1.4016e-18
6.76717e-21
3.11033e-23
1.35759e-25
5.62183e-28
2.20863e-30
8.23529e-33
2.89799e-35
7.46974e-38
0
0
0
0
0
0
0
0
0
0
0
0
0
0
0
0
0
0
0
0
0
0
0
0
0
0
0
0
0
0
0
0
0
0
0
0
0
0
0
0
0
0
0
0
0
0
0
0
0
0
0
0
0
0
0
0
0
0
0
0
0
0
0
0
0
0
0
0
0
0
0
0
0
0
0
0
0
0
0
0
0
0
0
0
0
0
0
0
0
0
0
0
0
0
0
0
0
0
0
0
0
0
0
0
0
0
0
0
0
0
0
0
0
0
0
0
0
0
0
0
0
0
0
0
0
0
0
0
0
0
0
0
0
0
0
0
0
0
0
0
0
0
0
0
0
0
0
0
0
0
0
