3.59991e+07
887.28
4.43998
0.0273778
0.000186015
1.33083e-06
9.82216e-09
7.37391e-11
5.56259e-13
4.16837e-15
3.0704e-17
2.20277e-19
1.52746e-21
1.01756e-23
6.48262e-26
3.93666e-28
2.27392e-30
1.24783e-32
6.49132e-35
3.06515e-37
0
0
0
0
0
0
0
0
0
0
0
0
0
0
0
0
0
0
0
0
0
0
0
0
0
0
0
0
0
0
0
0
0
0
0
0
0
0
0
0
0
0
0
0
0
0
0
0
0
0
0
0
0
0
0
0
0
0
0
0
0
0
0
0
0
0
0
0
0
0
0
0
0
0
0
0
0
0
0
0
0
0
0
0
0
0
0
0
0
0
0
0
0
0
0
0
0
0
0
0
0
0
0
0
0
0
0
0
0
0
0
0
0
0
0
0
0
0
0
0
0
0
0
0
0
0
0
0
0
0
0
0
0
0
0
0
0
0
0
0
0
0
0
0
0
0
0
0
0
0
