3.5999e+07
996.217
5.57275
0.0386671
0.000295967
2.37485e-06
1.93875e-08
1.57297e-10
1.2449e-12
9.47891e-15
6.8786e-17
4.72954e-19
3.07133e-21
1.88116e-23
1.08656e-25
5.92224e-28
3.04931e-30
1.48512e-32
6.82513e-35
2.68503e-37
0
0
0
0
0
0
0
0
0
0
0
0
0
0
0
0
0
0
0
0
0
0
0
0
0
0
0
0
0
0
0
0
0
0
0
0
0
0
0
0
0
0
0
0
0
0
0
0
0
0
0
0
0
0
0
0
0
0
0
0
0
0
0
0
0
0
0
0
0
0
0
0
0
0
0
0
0
0
0
0
0
0
0
0
0
0
0
0
0
0
0
0
0
0
0
0
0
0
0
0
0
0
0
0
0
0
0
0
0
0
0
0
0
0
0
0
0
0
0
0
0
0
0
0
0
0
0
0
0
0
0
0
0
0
0
0
0
0
0
0
0
0
0
0
0
0
0
0
0
0
