3.59991e+07
889.028
4.45269
0.0274236
0.000185678
1.31944e-06
9.61013e-09
7.04448e-11
5.11742e-13
3.63873e-15
2.50892e-17
1.66626e-19
1.06093e-21
6.45571e-24
3.74648e-26
2.07106e-28
1.08987e-30
5.45787e-33
2.58803e-35
1.01174e-37
0
0
0
0
0
0
0
0
0
0
0
0
0
0
0
0
0
0
0
0
0
0
0
0
0
0
0
0
0
0
0
0
0
0
0
0
0
0
0
0
0
0
0
0
0
0
0
0
0
0
0
0
0
0
0
0
0
0
0
0
0
0
0
0
0
0
0
0
0
0
0
0
0
0
0
0
0
0
0
0
0
0
0
0
0
0
0
0
0
0
0
0
0
0
0
0
0
0
0
0
0
0
0
0
0
0
0
0
0
0
0
0
0
0
0
0
0
0
0
0
0
0
0
0
0
0
0
0
0
0
0
0
0
0
0
0
0
0
0
0
0
0
0
0
0
0
0
0
0
0
