3.5999e+07
973.326
5.30986
0.0357587
0.000266295
2.11738e-06
1.78024e-08
1.56649e-10
1.41383e-12
1.27441e-14
1.11915e-16
9.40437e-19
7.48069e-21
5.60218e-23
3.94177e-25
2.60564e-27
1.61983e-29
9.48471e-32
5.23833e-34
2.71905e-36
8.8945e-39
0
0
0
0
0
0
0
0
0
0
0
0
0
0
0
0
0
0
0
0
0
0
0
0
0
0
0
0
0
0
0
0
0
0
0
0
0
0
0
0
0
0
0
0
0
0
0
0
0
0
0
0
0
0
0
0
0
0
0
0
0
0
0
0
0
0
0
0
0
0
0
0
0
0
0
0
0
0
0
0
0
0
0
0
0
0
0
0
0
0
0
0
0
0
0
0
0
0
0
0
0
0
0
0
0
0
0
0
0
0
0
0
0
0
0
0
0
0
0
0
0
0
0
0
0
0
0
0
0
0
0
0
0
0
0
0
0
0
0
0
0
0
0
0
0
0
0
0
0
