3.59993e+07
676.587
2.61049
0.0121734
6.20957e-05
3.30774e-07
1.80073e-09
9.8527e-12
5.33442e-14
2.81853e-16
1.43705e-18
7.0114e-21
3.25521e-23
1.43319e-25
5.97321e-28
2.35529e-30
8.78691e-33
3.08532e-35
8.81096e-38
0
0
0
0
0
0
0
0
0
0
0
0
0
0
0
0
0
0
0
0
0
0
0
0
0
0
0
0
0
0
0
0
0
0
0
0
0
0
0
0
0
0
0
0
0
0
0
0
0
0
0
0
0
0
0
0
0
0
0
0
0
0
0
0
0
0
0
0
0
0
0
0
0
0
0
0
0
0
0
0
0
0
0
0
0
0
0
0
0
0
0
0
0
0
0
0
0
0
0
0
0
0
0
0
0
0
0
0
0
0
0
0
0
0
0
0
0
0
0
0
0
0
0
0
0
0
0
0
0
0
0
0
0
0
0
0
0
0
0
0
0
0
0
0
0
0
0
0
0
0
0
