3.59989e+07
1037.44
6.03183
0.0435745
0.000349065
2.97462e-06
2.64517e-08
2.41461e-10
2.22146e-12
2.02038e-14
1.78508e-16
1.51168e-18
1.21586e-20
9.23822e-23
6.61341e-25
4.45705e-27
2.82885e-29
1.69264e-31
9.55841e-34
5.0598e-36
2.10476e-38
0
0
0
0
0
0
0
0
0
0
0
0
0
0
0
0
0
0
0
0
0
0
0
0
0
0
0
0
0
0
0
0
0
0
0
0
0
0
0
0
0
0
0
0
0
0
0
0
0
0
0
0
0
0
0
0
0
0
0
0
0
0
0
0
0
0
0
0
0
0
0
0
0
0
0
0
0
0
0
0
0
0
0
0
0
0
0
0
0
0
0
0
0
0
0
0
0
0
0
0
0
0
0
0
0
0
0
0
0
0
0
0
0
0
0
0
0
0
0
0
0
0
0
0
0
0
0
0
0
0
0
0
0
0
0
0
0
0
0
0
0
0
0
0
0
0
0
0
0
