3.59989e+07
1041.52
6.08482
0.0440883
0.000352075
2.96495e-06
2.58156e-08
2.28906e-10
2.03467e-12
1.784e-14
1.52119e-16
1.24786e-18
9.77745e-21
7.28661e-23
5.15401e-25
3.45745e-27
2.19984e-29
1.32827e-31
7.61396e-34
4.12054e-36
1.62856e-38
0
0
0
0
0
0
0
0
0
0
0
0
0
0
0
0
0
0
0
0
0
0
0
0
0
0
0
0
0
0
0
0
0
0
0
0
0
0
0
0
0
0
0
0
0
0
0
0
0
0
0
0
0
0
0
0
0
0
0
0
0
0
0
0
0
0
0
0
0
0
0
0
0
0
0
0
0
0
0
0
0
0
0
0
0
0
0
0
0
0
0
0
0
0
0
0
0
0
0
0
0
0
0
0
0
0
0
0
0
0
0
0
0
0
0
0
0
0
0
0
0
0
0
0
0
0
0
0
0
0
0
0
0
0
0
0
0
0
0
0
0
0
0
0
0
0
0
0
0
