3.59994e+07
596.866
2.04444
0.0083906
3.77167e-05
1.77966e-07
8.68411e-10
4.33632e-12
2.18668e-14
1.0962e-16
5.37869e-19
2.54979e-21
1.15682e-23
4.99221e-26
2.0421e-28
7.90545e-31
2.89455e-33
9.93896e-36
2.8231e-38
0
0
0
0
0
0
0
0
0
0
0
0
0
0
0
0
0
0
0
0
0
0
0
0
0
0
0
0
0
0
0
0
0
0
0
0
0
0
0
0
0
0
0
0
0
0
0
0
0
0
0
0
0
0
0
0
0
0
0
0
0
0
0
0
0
0
0
0
0
0
0
0
0
0
0
0
0
0
0
0
0
0
0
0
0
0
0
0
0
0
0
0
0
0
0
0
0
0
0
0
0
0
0
0
0
0
0
0
0
0
0
0
0
0
0
0
0
0
0
0
0
0
0
0
0
0
0
0
0
0
0
0
0
0
0
0
0
0
0
0
0
0
0
0
0
0
0
0
0
0
0
