3.59993e+07
709.013
2.85574
0.0139163
7.41378e-05
4.13153e-07
2.36406e-09
1.3698e-11
7.92401e-14
4.51074e-16
2.49377e-18
1.32492e-20
6.71407e-23
3.22986e-25
1.47119e-27
6.33878e-30
2.58341e-32
9.94013e-35
3.46398e-37
0
0
0
0
0
0
0
0
0
0
0
0
0
0
0
0
0
0
0
0
0
0
0
0
0
0
0
0
0
0
0
0
0
0
0
0
0
0
0
0
0
0
0
0
0
0
0
0
0
0
0
0
0
0
0
0
0
0
0
0
0
0
0
0
0
0
0
0
0
0
0
0
0
0
0
0
0
0
0
0
0
0
0
0
0
0
0
0
0
0
0
0
0
0
0
0
0
0
0
0
0
0
0
0
0
0
0
0
0
0
0
0
0
0
0
0
0
0
0
0
0
0
0
0
0
0
0
0
0
0
0
0
0
0
0
0
0
0
0
0
0
0
0
0
0
0
0
0
0
0
0
