3.59994e+07
581.397
1.94661
0.00781436
3.44011e-05
1.58664e-07
7.51754e-10
3.60443e-12
1.72322e-14
8.10419e-17
3.70817e-19
1.63728e-21
6.93571e-24
2.80779e-26
1.08354e-28
3.97977e-31
1.38951e-33
4.53341e-36
1.06266e-38
0
0
0
0
0
0
0
0
0
0
0
0
0
0
0
0
0
0
0
0
0
0
0
0
0
0
0
0
0
0
0
0
0
0
0
0
0
0
0
0
0
0
0
0
0
0
0
0
0
0
0
0
0
0
0
0
0
0
0
0
0
0
0
0
0
0
0
0
0
0
0
0
0
0
0
0
0
0
0
0
0
0
0
0
0
0
0
0
0
0
0
0
0
0
0
0
0
0
0
0
0
0
0
0
0
0
0
0
0
0
0
0
0
0
0
0
0
0
0
0
0
0
0
0
0
0
0
0
0
0
0
0
0
0
0
0
0
0
0
0
0
0
0
0
0
0
0
0
0
0
0
