3.59991e+07
888.214
4.45093
0.0275401
0.000188772
1.37318e-06
1.03725e-08
7.97747e-11
6.12227e-13
4.60208e-15
3.33839e-17
2.31267e-19
1.51994e-21
9.44253e-24
5.53615e-26
3.06242e-28
1.5992e-30
7.89114e-33
3.67356e-35
1.50413e-37
0
0
0
0
0
0
0
0
0
0
0
0
0
0
0
0
0
0
0
0
0
0
0
0
0
0
0
0
0
0
0
0
0
0
0
0
0
0
0
0
0
0
0
0
0
0
0
0
0
0
0
0
0
0
0
0
0
0
0
0
0
0
0
0
0
0
0
0
0
0
0
0
0
0
0
0
0
0
0
0
0
0
0
0
0
0
0
0
0
0
0
0
0
0
0
0
0
0
0
0
0
0
0
0
0
0
0
0
0
0
0
0
0
0
0
0
0
0
0
0
0
0
0
0
0
0
0
0
0
0
0
0
0
0
0
0
0
0
0
0
0
0
0
0
0
0
0
0
0
0
