3.59993e+07
670.482
2.56504
0.0118906
6.0704e-05
3.27733e-07
1.84499e-09
1.07078e-11
6.30562e-14
3.69452e-16
2.11292e-18
1.16167e-20
6.07696e-23
3.00677e-25
1.40313e-27
6.17097e-30
2.55894e-32
9.99942e-35
3.62454e-37
0
0
0
0
0
0
0
0
0
0
0
0
0
0
0
0
0
0
0
0
0
0
0
0
0
0
0
0
0
0
0
0
0
0
0
0
0
0
0
0
0
0
0
0
0
0
0
0
0
0
0
0
0
0
0
0
0
0
0
0
0
0
0
0
0
0
0
0
0
0
0
0
0
0
0
0
0
0
0
0
0
0
0
0
0
0
0
0
0
0
0
0
0
0
0
0
0
0
0
0
0
0
0
0
0
0
0
0
0
0
0
0
0
0
0
0
0
0
0
0
0
0
0
0
0
0
0
0
0
0
0
0
0
0
0
0
0
0
0
0
0
0
0
0
0
0
0
0
0
0
0
