3.59994e+07
623.226
2.22407
0.00955056
4.48894e-05
2.20544e-07
1.11233e-09
5.69519e-12
2.9282e-14
1.49377e-16
7.46767e-19
3.61769e-21
1.68325e-23
7.47453e-26
3.15504e-28
1.26323e-30
4.7926e-33
1.71122e-35
5.13124e-38
0
0
0
0
0
0
0
0
0
0
0
0
0
0
0
0
0
0
0
0
0
0
0
0
0
0
0
0
0
0
0
0
0
0
0
0
0
0
0
0
0
0
0
0
0
0
0
0
0
0
0
0
0
0
0
0
0
0
0
0
0
0
0
0
0
0
0
0
0
0
0
0
0
0
0
0
0
0
0
0
0
0
0
0
0
0
0
0
0
0
0
0
0
0
0
0
0
0
0
0
0
0
0
0
0
0
0
0
0
0
0
0
0
0
0
0
0
0
0
0
0
0
0
0
0
0
0
0
0
0
0
0
0
0
0
0
0
0
0
0
0
0
0
0
0
0
0
0
0
0
0
