3.59993e+07
703.826
2.81425
0.0135941
7.15489e-05
3.91532e-07
2.18332e-09
1.22436e-11
6.82427e-14
3.73852e-16
1.99236e-18
1.02389e-20
5.03968e-23
2.36436e-25
1.05402e-27
4.45749e-30
1.78703e-32
6.77206e-35
2.2576e-37
0
0
0
0
0
0
0
0
0
0
0
0
0
0
0
0
0
0
0
0
0
0
0
0
0
0
0
0
0
0
0
0
0
0
0
0
0
0
0
0
0
0
0
0
0
0
0
0
0
0
0
0
0
0
0
0
0
0
0
0
0
0
0
0
0
0
0
0
0
0
0
0
0
0
0
0
0
0
0
0
0
0
0
0
0
0
0
0
0
0
0
0
0
0
0
0
0
0
0
0
0
0
0
0
0
0
0
0
0
0
0
0
0
0
0
0
0
0
0
0
0
0
0
0
0
0
0
0
0
0
0
0
0
0
0
0
0
0
0
0
0
0
0
0
0
0
0
0
0
0
0
