3.59993e+07
744.926
3.15153
0.0162258
9.18653e-05
5.50229e-07
3.4476e-09
2.24304e-11
1.49678e-13
1.00659e-15
6.69505e-18
4.33366e-20
2.69795e-22
1.60302e-24
9.04868e-27
4.84097e-29
2.45217e-31
1.17572e-33
5.31241e-36
2.05927e-38
0
0
0
0
0
0
0
0
0
0
0
0
0
0
0
0
0
0
0
0
0
0
0
0
0
0
0
0
0
0
0
0
0
0
0
0
0
0
0
0
0
0
0
0
0
0
0
0
0
0
0
0
0
0
0
0
0
0
0
0
0
0
0
0
0
0
0
0
0
0
0
0
0
0
0
0
0
0
0
0
0
0
0
0
0
0
0
0
0
0
0
0
0
0
0
0
0
0
0
0
0
0
0
0
0
0
0
0
0
0
0
0
0
0
0
0
0
0
0
0
0
0
0
0
0
0
0
0
0
0
0
0
0
0
0
0
0
0
0
0
0
0
0
0
0
0
0
0
0
0
