3.59994e+07
569.388
1.86948
0.00733131
3.1401e-05
1.4069e-07
6.51997e-10
3.11151e-12
1.51622e-14
7.43302e-17
3.60055e-19
1.69499e-21
7.65761e-24
3.293e-26
1.34167e-28
5.16813e-31
1.88059e-33
6.41689e-36
1.49553e-38
0
0
0
0
0
0
0
0
0
0
0
0
0
0
0
0
0
0
0
0
0
0
0
0
0
0
0
0
0
0
0
0
0
0
0
0
0
0
0
0
0
0
0
0
0
0
0
0
0
0
0
0
0
0
0
0
0
0
0
0
0
0
0
0
0
0
0
0
0
0
0
0
0
0
0
0
0
0
0
0
0
0
0
0
0
0
0
0
0
0
0
0
0
0
0
0
0
0
0
0
0
0
0
0
0
0
0
0
0
0
0
0
0
0
0
0
0
0
0
0
0
0
0
0
0
0
0
0
0
0
0
0
0
0
0
0
0
0
0
0
0
0
0
0
0
0
0
0
0
0
0
