3.59994e+07
569.258
1.86693
0.00729566
3.09958e-05
1.36354e-07
6.08426e-10
2.7162e-12
1.19821e-14
5.16348e-17
2.15249e-19
8.61405e-22
3.2913e-24
1.19639e-26
4.12891e-29
1.35161e-31
4.19081e-34
1.18495e-36
0
0
0
0
0
0
0
0
0
0
0
0
0
0
0
0
0
0
0
0
0
0
0
0
0
0
0
0
0
0
0
0
0
0
0
0
0
0
0
0
0
0
0
0
0
0
0
0
0
0
0
0
0
0
0
0
0
0
0
0
0
0
0
0
0
0
0
0
0
0
0
0
0
0
0
0
0
0
0
0
0
0
0
0
0
0
0
0
0
0
0
0
0
0
0
0
0
0
0
0
0
0
0
0
0
0
0
0
0
0
0
0
0
0
0
0
0
0
0
0
0
0
0
0
0
0
0
0
0
0
0
0
0
0
0
0
0
0
0
0
0
0
0
0
0
0
0
0
0
0
0
0
