3.59994e+07
625.932
2.24441
0.00969381
4.58392e-05
2.26701e-07
1.15305e-09
5.96999e-12
3.1097e-14
1.60602e-16
8.09898e-19
3.93547e-21
1.82471e-23
8.02213e-26
3.33268e-28
1.30647e-30
4.83159e-33
1.67516e-35
4.70279e-38
0
0
0
0
0
0
0
0
0
0
0
0
0
0
0
0
0
0
0
0
0
0
0
0
0
0
0
0
0
0
0
0
0
0
0
0
0
0
0
0
0
0
0
0
0
0
0
0
0
0
0
0
0
0
0
0
0
0
0
0
0
0
0
0
0
0
0
0
0
0
0
0
0
0
0
0
0
0
0
0
0
0
0
0
0
0
0
0
0
0
0
0
0
0
0
0
0
0
0
0
0
0
0
0
0
0
0
0
0
0
0
0
0
0
0
0
0
0
0
0
0
0
0
0
0
0
0
0
0
0
0
0
0
0
0
0
0
0
0
0
0
0
0
0
0
0
0
0
0
0
0
