3.59989e+07
1044.02
6.10766
0.0442851
0.000353998
2.99694e-06
2.65707e-08
2.45771e-10
2.35445e-12
2.29993e-14
2.24298e-16
2.13916e-18
1.96334e-20
1.71598e-22
1.41975e-24
1.10891e-26
8.17005e-29
5.68056e-31
3.73094e-33
2.3145e-35
1.32366e-37
0
0
0
0
0
0
0
0
0
0
0
0
0
0
0
0
0
0
0
0
0
0
0
0
0
0
0
0
0
0
0
0
0
0
0
0
0
0
0
0
0
0
0
0
0
0
0
0
0
0
0
0
0
0
0
0
0
0
0
0
0
0
0
0
0
0
0
0
0
0
0
0
0
0
0
0
0
0
0
0
0
0
0
0
0
0
0
0
0
0
0
0
0
0
0
0
0
0
0
0
0
0
0
0
0
0
0
0
0
0
0
0
0
0
0
0
0
0
0
0
0
0
0
0
0
0
0
0
0
0
0
0
0
0
0
0
0
0
0
0
0
0
0
0
0
0
0
0
0
