3.59994e+07
631.277
2.28139
0.00995066
4.79111e-05
2.46523e-07
1.35701e-09
8.02738e-12
5.0508e-14
3.28752e-16
2.1401e-18
1.35495e-20
8.19238e-23
4.68312e-25
2.51947e-27
1.27388e-29
6.05553e-32
2.70856e-34
1.13548e-36
4.06424e-39
0
0
0
0
0
0
0
0
0
0
0
0
0
0
0
0
0
0
0
0
0
0
0
0
0
0
0
0
0
0
0
0
0
0
0
0
0
0
0
0
0
0
0
0
0
0
0
0
0
0
0
0
0
0
0
0
0
0
0
0
0
0
0
0
0
0
0
0
0
0
0
0
0
0
0
0
0
0
0
0
0
0
0
0
0
0
0
0
0
0
0
0
0
0
0
0
0
0
0
0
0
0
0
0
0
0
0
0
0
0
0
0
0
0
0
0
0
0
0
0
0
0
0
0
0
0
0
0
0
0
0
0
0
0
0
0
0
0
0
0
0
0
0
0
0
0
0
0
0
0
