3.59993e+07
680.855
2.6425
0.0124119
6.39034e-05
3.44277e-07
1.89698e-09
1.04953e-11
5.73255e-14
3.04607e-16
1.55633e-18
7.58127e-21
3.50116e-23
1.52775e-25
6.2886e-28
2.4409e-30
8.93642e-33
3.06872e-35
8.78243e-38
0
0
0
0
0
0
0
0
0
0
0
0
0
0
0
0
0
0
0
0
0
0
0
0
0
0
0
0
0
0
0
0
0
0
0
0
0
0
0
0
0
0
0
0
0
0
0
0
0
0
0
0
0
0
0
0
0
0
0
0
0
0
0
0
0
0
0
0
0
0
0
0
0
0
0
0
0
0
0
0
0
0
0
0
0
0
0
0
0
0
0
0
0
0
0
0
0
0
0
0
0
0
0
0
0
0
0
0
0
0
0
0
0
0
0
0
0
0
0
0
0
0
0
0
0
0
0
0
0
0
0
0
0
0
0
0
0
0
0
0
0
0
0
0
0
0
0
0
0
0
0
