3.59993e+07
665.061
2.52335
0.0115729
5.83276e-05
3.11061e-07
1.74228e-09
1.02091e-11
6.17895e-14
3.77827e-16
2.27805e-18
1.32777e-20
7.38345e-23
3.88829e-25
1.9325e-27
9.05511e-30
4.00136e-32
1.66768e-34
6.5333e-37
0
0
0
0
0
0
0
0
0
0
0
0
0
0
0
0
0
0
0
0
0
0
0
0
0
0
0
0
0
0
0
0
0
0
0
0
0
0
0
0
0
0
0
0
0
0
0
0
0
0
0
0
0
0
0
0
0
0
0
0
0
0
0
0
0
0
0
0
0
0
0
0
0
0
0
0
0
0
0
0
0
0
0
0
0
0
0
0
0
0
0
0
0
0
0
0
0
0
0
0
0
0
0
0
0
0
0
0
0
0
0
0
0
0
0
0
0
0
0
0
0
0
0
0
0
0
0
0
0
0
0
0
0
0
0
0
0
0
0
0
0
0
0
0
0
0
0
0
0
0
0
