3.59993e+07
715.487
2.91333
0.0144282
7.87422e-05
4.55477e-07
2.76053e-09
1.73945e-11
1.12466e-13
7.31848e-16
4.69331e-18
2.91358e-20
1.72894e-22
9.7318e-25
5.17517e-27
2.5959e-29
1.22809e-31
5.48103e-34
2.29562e-36
8.43705e-39
0
0
0
0
0
0
0
0
0
0
0
0
0
0
0
0
0
0
0
0
0
0
0
0
0
0
0
0
0
0
0
0
0
0
0
0
0
0
0
0
0
0
0
0
0
0
0
0
0
0
0
0
0
0
0
0
0
0
0
0
0
0
0
0
0
0
0
0
0
0
0
0
0
0
0
0
0
0
0
0
0
0
0
0
0
0
0
0
0
0
0
0
0
0
0
0
0
0
0
0
0
0
0
0
0
0
0
0
0
0
0
0
0
0
0
0
0
0
0
0
0
0
0
0
0
0
0
0
0
0
0
0
0
0
0
0
0
0
0
0
0
0
0
0
0
0
0
0
0
0
