3.59994e+07
665.865
2.5293
0.0116008
5.81658e-05
3.04339e-07
1.62909e-09
8.79399e-12
4.71846e-14
2.4802e-16
1.26075e-18
6.13502e-21
2.83787e-23
1.24245e-25
5.13695e-28
2.00421e-30
7.37946e-33
2.55065e-35
7.19655e-38
0
0
0
0
0
0
0
0
0
0
0
0
0
0
0
0
0
0
0
0
0
0
0
0
0
0
0
0
0
0
0
0
0
0
0
0
0
0
0
0
0
0
0
0
0
0
0
0
0
0
0
0
0
0
0
0
0
0
0
0
0
0
0
0
0
0
0
0
0
0
0
0
0
0
0
0
0
0
0
0
0
0
0
0
0
0
0
0
0
0
0
0
0
0
0
0
0
0
0
0
0
0
0
0
0
0
0
0
0
0
0
0
0
0
0
0
0
0
0
0
0
0
0
0
0
0
0
0
0
0
0
0
0
0
0
0
0
0
0
0
0
0
0
0
0
0
0
0
0
0
0
