3.59993e+07
701.677
2.80324
0.0135704
7.2222e-05
4.09451e-07
2.48461e-09
1.6303e-11
1.14922e-13
8.4586e-16
6.26535e-18
4.52945e-20
3.13339e-22
2.05184e-24
1.26542e-26
7.33708e-29
3.99977e-31
2.052e-33
9.91049e-36
4.41114e-38
0
0
0
0
0
0
0
0
0
0
0
0
0
0
0
0
0
0
0
0
0
0
0
0
0
0
0
0
0
0
0
0
0
0
0
0
0
0
0
0
0
0
0
0
0
0
0
0
0
0
0
0
0
0
0
0
0
0
0
0
0
0
0
0
0
0
0
0
0
0
0
0
0
0
0
0
0
0
0
0
0
0
0
0
0
0
0
0
0
0
0
0
0
0
0
0
0
0
0
0
0
0
0
0
0
0
0
0
0
0
0
0
0
0
0
0
0
0
0
0
0
0
0
0
0
0
0
0
0
0
0
0
0
0
0
0
0
0
0
0
0
0
0
0
0
0
0
0
0
0
