3.59994e+07
624.369
2.23102
0.00958447
4.5065e-05
2.2219e-07
1.13334e-09
5.93438e-12
3.15537e-14
1.67752e-16
8.76506e-19
4.4328e-21
2.1454e-23
9.86471e-26
4.29224e-28
1.76434e-30
6.84927e-33
2.50178e-35
8.42584e-38
0
0
0
0
0
0
0
0
0
0
0
0
0
0
0
0
0
0
0
0
0
0
0
0
0
0
0
0
0
0
0
0
0
0
0
0
0
0
0
0
0
0
0
0
0
0
0
0
0
0
0
0
0
0
0
0
0
0
0
0
0
0
0
0
0
0
0
0
0
0
0
0
0
0
0
0
0
0
0
0
0
0
0
0
0
0
0
0
0
0
0
0
0
0
0
0
0
0
0
0
0
0
0
0
0
0
0
0
0
0
0
0
0
0
0
0
0
0
0
0
0
0
0
0
0
0
0
0
0
0
0
0
0
0
0
0
0
0
0
0
0
0
0
0
0
0
0
0
0
0
0
