3.59994e+07
597.513
2.04824
0.00840153
3.757e-05
1.74614e-07
8.25596e-10
3.90778e-12
1.82399e-14
8.28509e-17
3.62493e-19
1.51693e-21
6.04496e-24
2.28839e-26
8.22044e-29
2.80132e-31
9.05107e-34
2.69997e-36
3.65902e-39
0
0
0
0
0
0
0
0
0
0
0
0
0
0
0
0
0
0
0
0
0
0
0
0
0
0
0
0
0
0
0
0
0
0
0
0
0
0
0
0
0
0
0
0
0
0
0
0
0
0
0
0
0
0
0
0
0
0
0
0
0
0
0
0
0
0
0
0
0
0
0
0
0
0
0
0
0
0
0
0
0
0
0
0
0
0
0
0
0
0
0
0
0
0
0
0
0
0
0
0
0
0
0
0
0
0
0
0
0
0
0
0
0
0
0
0
0
0
0
0
0
0
0
0
0
0
0
0
0
0
0
0
0
0
0
0
0
0
0
0
0
0
0
0
0
0
0
0
0
0
0
