3.59991e+07
886.219
4.43286
0.0274165
0.000188638
1.38615e-06
1.06606e-08
8.42972e-11
6.72852e-13
5.32513e-15
4.11416e-17
3.06572e-19
2.18492e-21
1.48148e-23
9.52927e-26
5.8073e-28
3.35239e-30
1.83393e-32
9.5016e-35
4.57231e-37
0
0
0
0
0
0
0
0
0
0
0
0
0
0
0
0
0
0
0
0
0
0
0
0
0
0
0
0
0
0
0
0
0
0
0
0
0
0
0
0
0
0
0
0
0
0
0
0
0
0
0
0
0
0
0
0
0
0
0
0
0
0
0
0
0
0
0
0
0
0
0
0
0
0
0
0
0
0
0
0
0
0
0
0
0
0
0
0
0
0
0
0
0
0
0
0
0
0
0
0
0
0
0
0
0
0
0
0
0
0
0
0
0
0
0
0
0
0
0
0
0
0
0
0
0
0
0
0
0
0
0
0
0
0
0
0
0
0
0
0
0
0
0
0
0
0
0
0
0
0
