3.59994e+07
618.805
2.19394
0.00935241
4.36344e-05
2.12783e-07
1.06375e-09
5.37563e-12
2.70638e-14
1.33727e-16
6.39692e-19
2.93015e-21
1.27534e-23
5.24941e-26
2.03834e-28
7.46069e-31
2.57394e-33
8.25842e-36
1.48186e-38
0
0
0
0
0
0
0
0
0
0
0
0
0
0
0
0
0
0
0
0
0
0
0
0
0
0
0
0
0
0
0
0
0
0
0
0
0
0
0
0
0
0
0
0
0
0
0
0
0
0
0
0
0
0
0
0
0
0
0
0
0
0
0
0
0
0
0
0
0
0
0
0
0
0
0
0
0
0
0
0
0
0
0
0
0
0
0
0
0
0
0
0
0
0
0
0
0
0
0
0
0
0
0
0
0
0
0
0
0
0
0
0
0
0
0
0
0
0
0
0
0
0
0
0
0
0
0
0
0
0
0
0
0
0
0
0
0
0
0
0
0
0
0
0
0
0
0
0
0
0
0
