3.59993e+07
673.988
2.58725
0.0120063
6.14355e-05
3.36431e-07
1.97016e-09
1.22727e-11
7.95357e-14
5.19189e-16
3.31385e-18
2.02586e-20
1.17216e-22
6.38203e-25
3.26307e-27
1.56675e-29
7.07209e-32
3.0045e-34
1.189e-36
0
0
0
0
0
0
0
0
0
0
0
0
0
0
0
0
0
0
0
0
0
0
0
0
0
0
0
0
0
0
0
0
0
0
0
0
0
0
0
0
0
0
0
0
0
0
0
0
0
0
0
0
0
0
0
0
0
0
0
0
0
0
0
0
0
0
0
0
0
0
0
0
0
0
0
0
0
0
0
0
0
0
0
0
0
0
0
0
0
0
0
0
0
0
0
0
0
0
0
0
0
0
0
0
0
0
0
0
0
0
0
0
0
0
0
0
0
0
0
0
0
0
0
0
0
0
0
0
0
0
0
0
0
0
0
0
0
0
0
0
0
0
0
0
0
0
0
0
0
0
0
