3.59993e+07
720.615
2.95027
0.0146723
8.02193e-05
4.61857e-07
2.74522e-09
1.65723e-11
9.99366e-14
5.92469e-16
3.40594e-18
1.8788e-20
9.87402e-23
4.92265e-25
2.32299e-27
1.03687e-29
4.37828e-32
1.74737e-34
6.38514e-37
0
0
0
0
0
0
0
0
0
0
0
0
0
0
0
0
0
0
0
0
0
0
0
0
0
0
0
0
0
0
0
0
0
0
0
0
0
0
0
0
0
0
0
0
0
0
0
0
0
0
0
0
0
0
0
0
0
0
0
0
0
0
0
0
0
0
0
0
0
0
0
0
0
0
0
0
0
0
0
0
0
0
0
0
0
0
0
0
0
0
0
0
0
0
0
0
0
0
0
0
0
0
0
0
0
0
0
0
0
0
0
0
0
0
0
0
0
0
0
0
0
0
0
0
0
0
0
0
0
0
0
0
0
0
0
0
0
0
0
0
0
0
0
0
0
0
0
0
0
0
0
