3.59994e+07
610.148
2.13636
0.00900248
4.18247e-05
2.06795e-07
1.08129e-09
5.94046e-12
3.36741e-14
1.91745e-16
1.06822e-18
5.70856e-21
2.89062e-23
1.37803e-25
6.16863e-28
2.59198e-30
1.02314e-32
3.78991e-35
1.25791e-37
0
0
0
0
0
0
0
0
0
0
0
0
0
0
0
0
0
0
0
0
0
0
0
0
0
0
0
0
0
0
0
0
0
0
0
0
0
0
0
0
0
0
0
0
0
0
0
0
0
0
0
0
0
0
0
0
0
0
0
0
0
0
0
0
0
0
0
0
0
0
0
0
0
0
0
0
0
0
0
0
0
0
0
0
0
0
0
0
0
0
0
0
0
0
0
0
0
0
0
0
0
0
0
0
0
0
0
0
0
0
0
0
0
0
0
0
0
0
0
0
0
0
0
0
0
0
0
0
0
0
0
0
0
0
0
0
0
0
0
0
0
0
0
0
0
0
0
0
0
0
0
