3.59994e+07
588.1
1.98798
0.00804544
3.57032e-05
1.67189e-07
8.18483e-10
4.15676e-12
2.15601e-14
1.11765e-16
5.66826e-19
2.7661e-21
1.28477e-23
5.64476e-26
2.33925e-28
9.13627e-31
3.36367e-33
1.16159e-35
2.99106e-38
0
0
0
0
0
0
0
0
0
0
0
0
0
0
0
0
0
0
0
0
0
0
0
0
0
0
0
0
0
0
0
0
0
0
0
0
0
0
0
0
0
0
0
0
0
0
0
0
0
0
0
0
0
0
0
0
0
0
0
0
0
0
0
0
0
0
0
0
0
0
0
0
0
0
0
0
0
0
0
0
0
0
0
0
0
0
0
0
0
0
0
0
0
0
0
0
0
0
0
0
0
0
0
0
0
0
0
0
0
0
0
0
0
0
0
0
0
0
0
0
0
0
0
0
0
0
0
0
0
0
0
0
0
0
0
0
0
0
0
0
0
0
0
0
0
0
0
0
0
0
0
