3.59991e+07
905.621
4.62461
0.0291861
0.000203734
1.50155e-06
1.13893e-08
8.7076e-11
6.59186e-13
4.87141e-15
3.47779e-17
2.38164e-19
1.55757e-21
9.70314e-24
5.75074e-26
3.24116e-28
1.7373e-30
8.85884e-33
4.28324e-35
1.78394e-37
0
0
0
0
0
0
0
0
0
0
0
0
0
0
0
0
0
0
0
0
0
0
0
0
0
0
0
0
0
0
0
0
0
0
0
0
0
0
0
0
0
0
0
0
0
0
0
0
0
0
0
0
0
0
0
0
0
0
0
0
0
0
0
0
0
0
0
0
0
0
0
0
0
0
0
0
0
0
0
0
0
0
0
0
0
0
0
0
0
0
0
0
0
0
0
0
0
0
0
0
0
0
0
0
0
0
0
0
0
0
0
0
0
0
0
0
0
0
0
0
0
0
0
0
0
0
0
0
0
0
0
0
0
0
0
0
0
0
0
0
0
0
0
0
0
0
0
0
0
0
