3.59993e+07
702.909
2.81141
0.0135898
7.14254e-05
3.88614e-07
2.14352e-09
1.18382e-11
6.48265e-14
3.48839e-16
1.8289e-18
9.27022e-21
4.51376e-23
2.101e-25
9.3176e-28
3.92922e-30
1.57387e-32
5.96364e-35
1.99711e-37
0
0
0
0
0
0
0
0
0
0
0
0
0
0
0
0
0
0
0
0
0
0
0
0
0
0
0
0
0
0
0
0
0
0
0
0
0
0
0
0
0
0
0
0
0
0
0
0
0
0
0
0
0
0
0
0
0
0
0
0
0
0
0
0
0
0
0
0
0
0
0
0
0
0
0
0
0
0
0
0
0
0
0
0
0
0
0
0
0
0
0
0
0
0
0
0
0
0
0
0
0
0
0
0
0
0
0
0
0
0
0
0
0
0
0
0
0
0
0
0
0
0
0
0
0
0
0
0
0
0
0
0
0
0
0
0
0
0
0
0
0
0
0
0
0
0
0
0
0
0
0
