3.59994e+07
663.477
2.51081
0.0114684
5.73089e-05
2.99442e-07
1.60482e-09
8.69143e-12
4.68162e-14
2.46812e-16
1.25582e-18
6.10254e-21
2.81269e-23
1.22481e-25
5.03046e-28
1.9482e-30
7.11804e-33
2.43954e-35
6.28566e-38
0
0
0
0
0
0
0
0
0
0
0
0
0
0
0
0
0
0
0
0
0
0
0
0
0
0
0
0
0
0
0
0
0
0
0
0
0
0
0
0
0
0
0
0
0
0
0
0
0
0
0
0
0
0
0
0
0
0
0
0
0
0
0
0
0
0
0
0
0
0
0
0
0
0
0
0
0
0
0
0
0
0
0
0
0
0
0
0
0
0
0
0
0
0
0
0
0
0
0
0
0
0
0
0
0
0
0
0
0
0
0
0
0
0
0
0
0
0
0
0
0
0
0
0
0
0
0
0
0
0
0
0
0
0
0
0
0
0
0
0
0
0
0
0
0
0
0
0
0
0
0
