3.59991e+07
926.224
4.83744
0.0312592
0.00022326
1.68233e-06
1.30666e-08
1.02762e-10
8.0482e-13
6.17895e-15
4.58715e-17
3.25825e-19
2.19822e-21
1.40241e-23
8.44158e-26
4.79081e-28
2.56425e-30
1.29555e-32
6.16877e-35
2.65302e-37
0
0
0
0
0
0
0
0
0
0
0
0
0
0
0
0
0
0
0
0
0
0
0
0
0
0
0
0
0
0
0
0
0
0
0
0
0
0
0
0
0
0
0
0
0
0
0
0
0
0
0
0
0
0
0
0
0
0
0
0
0
0
0
0
0
0
0
0
0
0
0
0
0
0
0
0
0
0
0
0
0
0
0
0
0
0
0
0
0
0
0
0
0
0
0
0
0
0
0
0
0
0
0
0
0
0
0
0
0
0
0
0
0
0
0
0
0
0
0
0
0
0
0
0
0
0
0
0
0
0
0
0
0
0
0
0
0
0
0
0
0
0
0
0
0
0
0
0
0
0
