3.59995e+07
563.272
1.82823
0.00707631
2.98978e-05
1.31653e-07
5.92917e-10
2.69323e-12
1.21585e-14
5.37632e-17
2.29988e-19
9.43046e-22
3.68391e-24
1.36603e-26
4.79948e-29
1.59675e-31
5.02557e-34
1.44678e-36
0
0
0
0
0
0
0
0
0
0
0
0
0
0
0
0
0
0
0
0
0
0
0
0
0
0
0
0
0
0
0
0
0
0
0
0
0
0
0
0
0
0
0
0
0
0
0
0
0
0
0
0
0
0
0
0
0
0
0
0
0
0
0
0
0
0
0
0
0
0
0
0
0
0
0
0
0
0
0
0
0
0
0
0
0
0
0
0
0
0
0
0
0
0
0
0
0
0
0
0
0
0
0
0
0
0
0
0
0
0
0
0
0
0
0
0
0
0
0
0
0
0
0
0
0
0
0
0
0
0
0
0
0
0
0
0
0
0
0
0
0
0
0
0
0
0
0
0
0
0
0
0
