3.59994e+07
650.354
2.41768
0.0108763
5.38342e-05
2.80259e-07
1.50321e-09
8.16694e-12
4.41716e-14
2.33984e-16
1.19773e-18
5.86705e-21
2.73288e-23
1.20608e-25
5.03437e-28
1.98676e-30
7.41465e-33
2.6043e-35
7.3124e-38
0
0
0
0
0
0
0
0
0
0
0
0
0
0
0
0
0
0
0
0
0
0
0
0
0
0
0
0
0
0
0
0
0
0
0
0
0
0
0
0
0
0
0
0
0
0
0
0
0
0
0
0
0
0
0
0
0
0
0
0
0
0
0
0
0
0
0
0
0
0
0
0
0
0
0
0
0
0
0
0
0
0
0
0
0
0
0
0
0
0
0
0
0
0
0
0
0
0
0
0
0
0
0
0
0
0
0
0
0
0
0
0
0
0
0
0
0
0
0
0
0
0
0
0
0
0
0
0
0
0
0
0
0
0
0
0
0
0
0
0
0
0
0
0
0
0
0
0
0
0
0
