3.59991e+07
885.156
4.41413
0.0270287
0.000181213
1.26631e-06
9.00182e-09
6.40768e-11
4.51625e-13
3.12576e-15
2.11067e-17
1.38307e-19
8.75451e-22
5.33157e-24
3.11359e-26
1.73894e-28
9.26939e-31
4.70856e-33
2.26584e-35
9.17305e-38
0
0
0
0
0
0
0
0
0
0
0
0
0
0
0
0
0
0
0
0
0
0
0
0
0
0
0
0
0
0
0
0
0
0
0
0
0
0
0
0
0
0
0
0
0
0
0
0
0
0
0
0
0
0
0
0
0
0
0
0
0
0
0
0
0
0
0
0
0
0
0
0
0
0
0
0
0
0
0
0
0
0
0
0
0
0
0
0
0
0
0
0
0
0
0
0
0
0
0
0
0
0
0
0
0
0
0
0
0
0
0
0
0
0
0
0
0
0
0
0
0
0
0
0
0
0
0
0
0
0
0
0
0
0
0
0
0
0
0
0
0
0
0
0
0
0
0
0
0
0
