3.5999e+07
943.618
5.01108
0.0328892
0.000238229
1.81781e-06
1.42414e-08
1.12129e-10
8.70607e-13
6.56236e-15
4.7452e-17
3.26438e-19
2.1253e-21
1.30573e-23
7.56084e-26
4.1262e-28
2.12368e-30
1.03194e-32
4.7216e-35
1.89907e-37
0
0
0
0
0
0
0
0
0
0
0
0
0
0
0
0
0
0
0
0
0
0
0
0
0
0
0
0
0
0
0
0
0
0
0
0
0
0
0
0
0
0
0
0
0
0
0
0
0
0
0
0
0
0
0
0
0
0
0
0
0
0
0
0
0
0
0
0
0
0
0
0
0
0
0
0
0
0
0
0
0
0
0
0
0
0
0
0
0
0
0
0
0
0
0
0
0
0
0
0
0
0
0
0
0
0
0
0
0
0
0
0
0
0
0
0
0
0
0
0
0
0
0
0
0
0
0
0
0
0
0
0
0
0
0
0
0
0
0
0
0
0
0
0
0
0
0
0
0
0
