3.5999e+07
955.197
5.13039
0.0340682
0.000248657
1.89224e-06
1.457e-08
1.11143e-10
8.27671e-13
5.95975e-15
4.12516e-17
2.73506e-19
1.73328e-21
1.04839e-23
6.04628e-26
3.32231e-28
1.73848e-30
8.65982e-33
4.08717e-35
1.63741e-37
0
0
0
0
0
0
0
0
0
0
0
0
0
0
0
0
0
0
0
0
0
0
0
0
0
0
0
0
0
0
0
0
0
0
0
0
0
0
0
0
0
0
0
0
0
0
0
0
0
0
0
0
0
0
0
0
0
0
0
0
0
0
0
0
0
0
0
0
0
0
0
0
0
0
0
0
0
0
0
0
0
0
0
0
0
0
0
0
0
0
0
0
0
0
0
0
0
0
0
0
0
0
0
0
0
0
0
0
0
0
0
0
0
0
0
0
0
0
0
0
0
0
0
0
0
0
0
0
0
0
0
0
0
0
0
0
0
0
0
0
0
0
0
0
0
0
0
0
0
0
