3.59989e+07
1030.04
5.95901
0.0428153
0.000340966
2.88768e-06
2.54785e-08
2.2979e-10
2.07657e-12
1.84588e-14
1.59048e-16
1.31479e-18
1.03593e-20
7.74952e-23
5.49313e-25
3.68651e-27
2.34234e-29
1.40969e-31
8.03931e-34
4.30698e-36
1.92668e-38
0
0
0
0
0
0
0
0
0
0
0
0
0
0
0
0
0
0
0
0
0
0
0
0
0
0
0
0
0
0
0
0
0
0
0
0
0
0
0
0
0
0
0
0
0
0
0
0
0
0
0
0
0
0
0
0
0
0
0
0
0
0
0
0
0
0
0
0
0
0
0
0
0
0
0
0
0
0
0
0
0
0
0
0
0
0
0
0
0
0
0
0
0
0
0
0
0
0
0
0
0
0
0
0
0
0
0
0
0
0
0
0
0
0
0
0
0
0
0
0
0
0
0
0
0
0
0
0
0
0
0
0
0
0
0
0
0
0
0
0
0
0
0
0
0
0
0
0
0
