3.59993e+07
689.315
2.70831
0.0128959
6.73118e-05
3.67796e-07
2.06148e-09
1.16907e-11
6.63091e-14
3.72275e-16
2.04917e-18
1.09648e-20
5.66179e-23
2.80477e-25
1.32731e-27
5.98325e-30
2.56462e-32
1.04218e-34
3.89744e-37
0
0
0
0
0
0
0
0
0
0
0
0
0
0
0
0
0
0
0
0
0
0
0
0
0
0
0
0
0
0
0
0
0
0
0
0
0
0
0
0
0
0
0
0
0
0
0
0
0
0
0
0
0
0
0
0
0
0
0
0
0
0
0
0
0
0
0
0
0
0
0
0
0
0
0
0
0
0
0
0
0
0
0
0
0
0
0
0
0
0
0
0
0
0
0
0
0
0
0
0
0
0
0
0
0
0
0
0
0
0
0
0
0
0
0
0
0
0
0
0
0
0
0
0
0
0
0
0
0
0
0
0
0
0
0
0
0
0
0
0
0
0
0
0
0
0
0
0
0
0
0
