3.59993e+07
744.297
3.14178
0.0161209
9.08026e-05
5.3765e-07
3.27773e-09
2.02238e-11
1.24301e-13
7.5088e-16
4.41187e-18
2.50219e-20
1.36245e-22
7.09547e-25
3.52534e-27
1.66828e-29
7.51209e-32
3.21392e-34
1.27627e-36
4.06424e-39
0
0
0
0
0
0
0
0
0
0
0
0
0
0
0
0
0
0
0
0
0
0
0
0
0
0
0
0
0
0
0
0
0
0
0
0
0
0
0
0
0
0
0
0
0
0
0
0
0
0
0
0
0
0
0
0
0
0
0
0
0
0
0
0
0
0
0
0
0
0
0
0
0
0
0
0
0
0
0
0
0
0
0
0
0
0
0
0
0
0
0
0
0
0
0
0
0
0
0
0
0
0
0
0
0
0
0
0
0
0
0
0
0
0
0
0
0
0
0
0
0
0
0
0
0
0
0
0
0
0
0
0
0
0
0
0
0
0
0
0
0
0
0
0
0
0
0
0
0
0
