3.5999e+07
968.179
5.25931
0.0353205
0.000261275
2.02727e-06
1.60654e-08
1.27466e-10
9.9658e-13
7.58215e-15
5.55982e-17
3.90192e-19
2.60843e-21
1.65608e-23
9.97061e-26
5.6895e-28
3.07765e-30
1.57911e-32
7.67084e-35
3.27877e-37
0
0
0
0
0
0
0
0
0
0
0
0
0
0
0
0
0
0
0
0
0
0
0
0
0
0
0
0
0
0
0
0
0
0
0
0
0
0
0
0
0
0
0
0
0
0
0
0
0
0
0
0
0
0
0
0
0
0
0
0
0
0
0
0
0
0
0
0
0
0
0
0
0
0
0
0
0
0
0
0
0
0
0
0
0
0
0
0
0
0
0
0
0
0
0
0
0
0
0
0
0
0
0
0
0
0
0
0
0
0
0
0
0
0
0
0
0
0
0
0
0
0
0
0
0
0
0
0
0
0
0
0
0
0
0
0
0
0
0
0
0
0
0
0
0
0
0
0
0
0
