3.59994e+07
599.66
2.06477
0.00853395
3.86687e-05
1.8385e-07
9.01882e-10
4.50603e-12
2.25811e-14
1.11631e-16
5.36305e-19
2.47547e-21
1.08945e-23
4.55108e-26
1.80065e-28
6.74294e-31
2.38975e-33
7.93612e-36
1.86143e-38
0
0
0
0
0
0
0
0
0
0
0
0
0
0
0
0
0
0
0
0
0
0
0
0
0
0
0
0
0
0
0
0
0
0
0
0
0
0
0
0
0
0
0
0
0
0
0
0
0
0
0
0
0
0
0
0
0
0
0
0
0
0
0
0
0
0
0
0
0
0
0
0
0
0
0
0
0
0
0
0
0
0
0
0
0
0
0
0
0
0
0
0
0
0
0
0
0
0
0
0
0
0
0
0
0
0
0
0
0
0
0
0
0
0
0
0
0
0
0
0
0
0
0
0
0
0
0
0
0
0
0
0
0
0
0
0
0
0
0
0
0
0
0
0
0
0
0
0
0
0
0
