3.59994e+07
586.92
1.98154
0.00801099
3.54903e-05
1.65717e-07
8.09315e-10
4.11948e-12
2.16158e-14
1.14696e-16
6.0221e-19
3.07147e-21
1.50216e-23
6.98918e-26
3.08082e-28
1.28428e-30
5.0607e-33
1.87899e-35
5.88132e-38
0
0
0
0
0
0
0
0
0
0
0
0
0
0
0
0
0
0
0
0
0
0
0
0
0
0
0
0
0
0
0
0
0
0
0
0
0
0
0
0
0
0
0
0
0
0
0
0
0
0
0
0
0
0
0
0
0
0
0
0
0
0
0
0
0
0
0
0
0
0
0
0
0
0
0
0
0
0
0
0
0
0
0
0
0
0
0
0
0
0
0
0
0
0
0
0
0
0
0
0
0
0
0
0
0
0
0
0
0
0
0
0
0
0
0
0
0
0
0
0
0
0
0
0
0
0
0
0
0
0
0
0
0
0
0
0
0
0
0
0
0
0
0
0
0
0
0
0
0
0
0
