3.59994e+07
587.571
1.98239
0.00799233
3.51589e-05
1.61296e-07
7.58186e-10
3.60903e-12
1.71963e-14
8.1058e-17
3.73785e-19
1.66985e-21
7.17065e-24
2.94258e-26
1.14941e-28
4.26346e-31
1.49936e-33
4.91442e-36
1.06266e-38
0
0
0
0
0
0
0
0
0
0
0
0
0
0
0
0
0
0
0
0
0
0
0
0
0
0
0
0
0
0
0
0
0
0
0
0
0
0
0
0
0
0
0
0
0
0
0
0
0
0
0
0
0
0
0
0
0
0
0
0
0
0
0
0
0
0
0
0
0
0
0
0
0
0
0
0
0
0
0
0
0
0
0
0
0
0
0
0
0
0
0
0
0
0
0
0
0
0
0
0
0
0
0
0
0
0
0
0
0
0
0
0
0
0
0
0
0
0
0
0
0
0
0
0
0
0
0
0
0
0
0
0
0
0
0
0
0
0
0
0
0
0
0
0
0
0
0
0
0
0
0
