3.59994e+07
573.6
1.8929
0.00744371
3.18294e-05
1.41137e-07
6.36518e-10
2.8807e-12
1.29108e-14
5.6571e-17
2.39663e-19
9.73333e-22
3.76703e-24
1.38422e-26
4.81972e-29
1.58894e-31
4.95416e-34
1.40373e-36
0
0
0
0
0
0
0
0
0
0
0
0
0
0
0
0
0
0
0
0
0
0
0
0
0
0
0
0
0
0
0
0
0
0
0
0
0
0
0
0
0
0
0
0
0
0
0
0
0
0
0
0
0
0
0
0
0
0
0
0
0
0
0
0
0
0
0
0
0
0
0
0
0
0
0
0
0
0
0
0
0
0
0
0
0
0
0
0
0
0
0
0
0
0
0
0
0
0
0
0
0
0
0
0
0
0
0
0
0
0
0
0
0
0
0
0
0
0
0
0
0
0
0
0
0
0
0
0
0
0
0
0
0
0
0
0
0
0
0
0
0
0
0
0
0
0
0
0
0
0
0
0
