3.59993e+07
689.977
2.7092
0.0128802
6.71844e-05
3.68227e-07
2.08417e-09
1.20229e-11
6.96298e-14
3.98117e-16
2.21197e-18
1.17928e-20
5.98072e-23
2.87045e-25
1.30054e-27
5.55865e-30
2.24207e-32
8.52042e-35
2.92703e-37
0
0
0
0
0
0
0
0
0
0
0
0
0
0
0
0
0
0
0
0
0
0
0
0
0
0
0
0
0
0
0
0
0
0
0
0
0
0
0
0
0
0
0
0
0
0
0
0
0
0
0
0
0
0
0
0
0
0
0
0
0
0
0
0
0
0
0
0
0
0
0
0
0
0
0
0
0
0
0
0
0
0
0
0
0
0
0
0
0
0
0
0
0
0
0
0
0
0
0
0
0
0
0
0
0
0
0
0
0
0
0
0
0
0
0
0
0
0
0
0
0
0
0
0
0
0
0
0
0
0
0
0
0
0
0
0
0
0
0
0
0
0
0
0
0
0
0
0
0
0
0
