3.5999e+07
1014.19
5.77088
0.0407141
0.000317863
2.65282e-06
2.36617e-08
2.27568e-10
2.3523e-12
2.54858e-14
2.79047e-16
2.98949e-18
3.06687e-20
2.97716e-22
2.71959e-24
2.33348e-26
1.88086e-28
1.42585e-30
1.01827e-32
6.86095e-35
4.33382e-37
0
0
0
0
0
0
0
0
0
0
0
0
0
0
0
0
0
0
0
0
0
0
0
0
0
0
0
0
0
0
0
0
0
0
0
0
0
0
0
0
0
0
0
0
0
0
0
0
0
0
0
0
0
0
0
0
0
0
0
0
0
0
0
0
0
0
0
0
0
0
0
0
0
0
0
0
0
0
0
0
0
0
0
0
0
0
0
0
0
0
0
0
0
0
0
0
0
0
0
0
0
0
0
0
0
0
0
0
0
0
0
0
0
0
0
0
0
0
0
0
0
0
0
0
0
0
0
0
0
0
0
0
0
0
0
0
0
0
0
0
0
0
0
0
0
0
0
0
0
