3.59994e+07
630.123
2.27323
0.00987076
4.69166e-05
2.34031e-07
1.21253e-09
6.51561e-12
3.61793e-14
2.05192e-16
1.16666e-18
6.51641e-21
3.51591e-23
1.81125e-25
8.84787e-28
4.08453e-30
1.77969e-32
7.30742e-35
2.78933e-37
0
0
0
0
0
0
0
0
0
0
0
0
0
0
0
0
0
0
0
0
0
0
0
0
0
0
0
0
0
0
0
0
0
0
0
0
0
0
0
0
0
0
0
0
0
0
0
0
0
0
0
0
0
0
0
0
0
0
0
0
0
0
0
0
0
0
0
0
0
0
0
0
0
0
0
0
0
0
0
0
0
0
0
0
0
0
0
0
0
0
0
0
0
0
0
0
0
0
0
0
0
0
0
0
0
0
0
0
0
0
0
0
0
0
0
0
0
0
0
0
0
0
0
0
0
0
0
0
0
0
0
0
0
0
0
0
0
0
0
0
0
0
0
0
0
0
0
0
0
0
0
