3.59993e+07
716.956
2.91884
0.0144099
7.807e-05
4.45186e-07
2.62953e-09
1.59125e-11
9.7489e-14
5.9624e-16
3.58634e-18
2.09273e-20
1.17194e-22
6.25085e-25
3.16069e-27
1.51139e-29
6.82846e-32
2.9124e-34
1.15341e-36
0
0
0
0
0
0
0
0
0
0
0
0
0
0
0
0
0
0
0
0
0
0
0
0
0
0
0
0
0
0
0
0
0
0
0
0
0
0
0
0
0
0
0
0
0
0
0
0
0
0
0
0
0
0
0
0
0
0
0
0
0
0
0
0
0
0
0
0
0
0
0
0
0
0
0
0
0
0
0
0
0
0
0
0
0
0
0
0
0
0
0
0
0
0
0
0
0
0
0
0
0
0
0
0
0
0
0
0
0
0
0
0
0
0
0
0
0
0
0
0
0
0
0
0
0
0
0
0
0
0
0
0
0
0
0
0
0
0
0
0
0
0
0
0
0
0
0
0
0
0
0
