3.59994e+07
637.682
2.32507
0.0102221
4.93208e-05
2.50104e-07
1.31062e-09
7.00954e-12
3.77452e-14
2.01708e-16
1.05522e-18
5.34239e-21
2.59482e-23
1.20177e-25
5.28712e-28
2.20495e-30
8.70846e-33
3.24534e-35
1.07414e-37
0
0
0
0
0
0
0
0
0
0
0
0
0
0
0
0
0
0
0
0
0
0
0
0
0
0
0
0
0
0
0
0
0
0
0
0
0
0
0
0
0
0
0
0
0
0
0
0
0
0
0
0
0
0
0
0
0
0
0
0
0
0
0
0
0
0
0
0
0
0
0
0
0
0
0
0
0
0
0
0
0
0
0
0
0
0
0
0
0
0
0
0
0
0
0
0
0
0
0
0
0
0
0
0
0
0
0
0
0
0
0
0
0
0
0
0
0
0
0
0
0
0
0
0
0
0
0
0
0
0
0
0
0
0
0
0
0
0
0
0
0
0
0
0
0
0
0
0
0
0
0
