3.59994e+07
588.673
1.99206
0.00806492
3.5594e-05
1.63007e-07
7.57115e-10
3.5083e-12
1.59872e-14
7.07799e-17
3.01561e-19
1.22792e-21
4.75646e-24
1.74781e-26
6.08367e-29
2.00488e-31
6.25033e-34
1.75724e-36
0
0
0
0
0
0
0
0
0
0
0
0
0
0
0
0
0
0
0
0
0
0
0
0
0
0
0
0
0
0
0
0
0
0
0
0
0
0
0
0
0
0
0
0
0
0
0
0
0
0
0
0
0
0
0
0
0
0
0
0
0
0
0
0
0
0
0
0
0
0
0
0
0
0
0
0
0
0
0
0
0
0
0
0
0
0
0
0
0
0
0
0
0
0
0
0
0
0
0
0
0
0
0
0
0
0
0
0
0
0
0
0
0
0
0
0
0
0
0
0
0
0
0
0
0
0
0
0
0
0
0
0
0
0
0
0
0
0
0
0
0
0
0
0
0
0
0
0
0
0
0
0
