3.5999e+07
1011.96
5.75135
0.040505
0.000314636
2.5801e-06
2.1928e-08
1.90864e-10
1.6808e-12
1.47597e-14
1.2725e-16
1.06209e-18
8.4894e-21
6.45098e-23
4.64016e-25
3.15282e-27
2.02246e-29
1.22532e-31
7.01548e-34
3.77497e-36
1.622e-38
0
0
0
0
0
0
0
0
0
0
0
0
0
0
0
0
0
0
0
0
0
0
0
0
0
0
0
0
0
0
0
0
0
0
0
0
0
0
0
0
0
0
0
0
0
0
0
0
0
0
0
0
0
0
0
0
0
0
0
0
0
0
0
0
0
0
0
0
0
0
0
0
0
0
0
0
0
0
0
0
0
0
0
0
0
0
0
0
0
0
0
0
0
0
0
0
0
0
0
0
0
0
0
0
0
0
0
0
0
0
0
0
0
0
0
0
0
0
0
0
0
0
0
0
0
0
0
0
0
0
0
0
0
0
0
0
0
0
0
0
0
0
0
0
0
0
0
0
0
