3.59993e+07
689.682
2.70597
0.0128103
6.58211e-05
3.48095e-07
1.84509e-09
9.62835e-12
4.88154e-14
2.38148e-16
1.1104e-18
4.92583e-21
2.07306e-23
8.26385e-26
3.1183e-28
1.11388e-30
3.76728e-33
1.1856e-35
1.95432e-38
0
0
0
0
0
0
0
0
0
0
0
0
0
0
0
0
0
0
0
0
0
0
0
0
0
0
0
0
0
0
0
0
0
0
0
0
0
0
0
0
0
0
0
0
0
0
0
0
0
0
0
0
0
0
0
0
0
0
0
0
0
0
0
0
0
0
0
0
0
0
0
0
0
0
0
0
0
0
0
0
0
0
0
0
0
0
0
0
0
0
0
0
0
0
0
0
0
0
0
0
0
0
0
0
0
0
0
0
0
0
0
0
0
0
0
0
0
0
0
0
0
0
0
0
0
0
0
0
0
0
0
0
0
0
0
0
0
0
0
0
0
0
0
0
0
0
0
0
0
0
0
