3.5999e+07
986.763
5.46384
0.0375229
0.000286739
2.34789e-06
2.02212e-08
1.79502e-10
1.60339e-12
1.40814e-14
1.19385e-16
9.65217e-19
7.38882e-21
5.33666e-23
3.63235e-25
2.3303e-27
1.41047e-29
8.06564e-32
4.36212e-34
2.20812e-36
7.99899e-39
0
0
0
0
0
0
0
0
0
0
0
0
0
0
0
0
0
0
0
0
0
0
0
0
0
0
0
0
0
0
0
0
0
0
0
0
0
0
0
0
0
0
0
0
0
0
0
0
0
0
0
0
0
0
0
0
0
0
0
0
0
0
0
0
0
0
0
0
0
0
0
0
0
0
0
0
0
0
0
0
0
0
0
0
0
0
0
0
0
0
0
0
0
0
0
0
0
0
0
0
0
0
0
0
0
0
0
0
0
0
0
0
0
0
0
0
0
0
0
0
0
0
0
0
0
0
0
0
0
0
0
0
0
0
0
0
0
0
0
0
0
0
0
0
0
0
0
0
0
