3.59994e+07
637.428
2.32536
0.0102124
4.88103e-05
2.40744e-07
1.19357e-09
5.84426e-12
2.78903e-14
1.28463e-16
5.67153e-19
2.38874e-21
9.56906e-24
3.63927e-26
1.31288e-28
4.49166e-31
1.45673e-33
4.34281e-36
7.31804e-39
0
0
0
0
0
0
0
0
0
0
0
0
0
0
0
0
0
0
0
0
0
0
0
0
0
0
0
0
0
0
0
0
0
0
0
0
0
0
0
0
0
0
0
0
0
0
0
0
0
0
0
0
0
0
0
0
0
0
0
0
0
0
0
0
0
0
0
0
0
0
0
0
0
0
0
0
0
0
0
0
0
0
0
0
0
0
0
0
0
0
0
0
0
0
0
0
0
0
0
0
0
0
0
0
0
0
0
0
0
0
0
0
0
0
0
0
0
0
0
0
0
0
0
0
0
0
0
0
0
0
0
0
0
0
0
0
0
0
0
0
0
0
0
0
0
0
0
0
0
0
0
