3.59993e+07
738.671
3.09381
0.0157248
8.74606e-05
5.0851e-07
3.02475e-09
1.81274e-11
1.08096e-13
6.34725e-16
3.63737e-18
2.01849e-20
1.07749e-22
5.50295e-25
2.67814e-27
1.23868e-29
5.43597e-32
2.2589e-34
8.64128e-37
0
0
0
0
0
0
0
0
0
0
0
0
0
0
0
0
0
0
0
0
0
0
0
0
0
0
0
0
0
0
0
0
0
0
0
0
0
0
0
0
0
0
0
0
0
0
0
0
0
0
0
0
0
0
0
0
0
0
0
0
0
0
0
0
0
0
0
0
0
0
0
0
0
0
0
0
0
0
0
0
0
0
0
0
0
0
0
0
0
0
0
0
0
0
0
0
0
0
0
0
0
0
0
0
0
0
0
0
0
0
0
0
0
0
0
0
0
0
0
0
0
0
0
0
0
0
0
0
0
0
0
0
0
0
0
0
0
0
0
0
0
0
0
0
0
0
0
0
0
0
0
