3.59991e+07
935.332
4.92076
0.0319412
0.000228922
1.73755e-06
1.36876e-08
1.09865e-10
8.81275e-13
6.93724e-15
5.28085e-17
3.84714e-19
2.66464e-21
1.74831e-23
1.08484e-25
6.36414e-28
3.5314e-30
1.85517e-32
9.22219e-35
4.12212e-37
0
0
0
0
0
0
0
0
0
0
0
0
0
0
0
0
0
0
0
0
0
0
0
0
0
0
0
0
0
0
0
0
0
0
0
0
0
0
0
0
0
0
0
0
0
0
0
0
0
0
0
0
0
0
0
0
0
0
0
0
0
0
0
0
0
0
0
0
0
0
0
0
0
0
0
0
0
0
0
0
0
0
0
0
0
0
0
0
0
0
0
0
0
0
0
0
0
0
0
0
0
0
0
0
0
0
0
0
0
0
0
0
0
0
0
0
0
0
0
0
0
0
0
0
0
0
0
0
0
0
0
0
0
0
0
0
0
0
0
0
0
0
0
0
0
0
0
0
0
0
