3.59993e+07
685.219
2.67613
0.0126514
6.54631e-05
3.54383e-07
1.97431e-09
1.12235e-11
6.45796e-14
3.72116e-16
2.11938e-18
1.17734e-20
6.30625e-23
3.22919e-25
1.57187e-27
7.24978e-30
3.16334e-32
1.30344e-34
4.93435e-37
0
0
0
0
0
0
0
0
0
0
0
0
0
0
0
0
0
0
0
0
0
0
0
0
0
0
0
0
0
0
0
0
0
0
0
0
0
0
0
0
0
0
0
0
0
0
0
0
0
0
0
0
0
0
0
0
0
0
0
0
0
0
0
0
0
0
0
0
0
0
0
0
0
0
0
0
0
0
0
0
0
0
0
0
0
0
0
0
0
0
0
0
0
0
0
0
0
0
0
0
0
0
0
0
0
0
0
0
0
0
0
0
0
0
0
0
0
0
0
0
0
0
0
0
0
0
0
0
0
0
0
0
0
0
0
0
0
0
0
0
0
0
0
0
0
0
0
0
0
0
0
