3.59993e+07
719.981
2.94506
0.0145846
7.86381e-05
4.3912e-07
2.47757e-09
1.38795e-11
7.6144e-14
4.04801e-16
2.06967e-18
1.01245e-20
4.72288e-23
2.09654e-25
8.84626e-28
3.54619e-30
1.35031e-32
4.85735e-35
1.41091e-37
0
0
0
0
0
0
0
0
0
0
0
0
0
0
0
0
0
0
0
0
0
0
0
0
0
0
0
0
0
0
0
0
0
0
0
0
0
0
0
0
0
0
0
0
0
0
0
0
0
0
0
0
0
0
0
0
0
0
0
0
0
0
0
0
0
0
0
0
0
0
0
0
0
0
0
0
0
0
0
0
0
0
0
0
0
0
0
0
0
0
0
0
0
0
0
0
0
0
0
0
0
0
0
0
0
0
0
0
0
0
0
0
0
0
0
0
0
0
0
0
0
0
0
0
0
0
0
0
0
0
0
0
0
0
0
0
0
0
0
0
0
0
0
0
0
0
0
0
0
0
0
