3.59989e+07
1045.2
6.12566
0.0446806
0.000360313
3.05242e-06
2.63686e-08
2.27109e-10
1.9159e-12
1.56147e-14
1.21702e-16
9.0078e-19
6.3033e-21
4.16003e-23
2.587e-25
1.51602e-27
8.37838e-30
4.3718e-32
2.15377e-34
9.73529e-37
0
0
0
0
0
0
0
0
0
0
0
0
0
0
0
0
0
0
0
0
0
0
0
0
0
0
0
0
0
0
0
0
0
0
0
0
0
0
0
0
0
0
0
0
0
0
0
0
0
0
0
0
0
0
0
0
0
0
0
0
0
0
0
0
0
0
0
0
0
0
0
0
0
0
0
0
0
0
0
0
0
0
0
0
0
0
0
0
0
0
0
0
0
0
0
0
0
0
0
0
0
0
0
0
0
0
0
0
0
0
0
0
0
0
0
0
0
0
0
0
0
0
0
0
0
0
0
0
0
0
0
0
0
0
0
0
0
0
0
0
0
0
0
0
0
0
0
0
0
0
