3.59993e+07
689.134
2.70716
0.012913
6.7995e-05
3.80273e-07
2.22789e-09
1.34966e-11
8.30211e-14
5.07862e-16
3.03207e-18
1.74215e-20
9.54703e-23
4.96452e-25
2.44381e-27
1.13796e-29
5.01358e-32
2.08949e-34
8.07114e-37
0
0
0
0
0
0
0
0
0
0
0
0
0
0
0
0
0
0
0
0
0
0
0
0
0
0
0
0
0
0
0
0
0
0
0
0
0
0
0
0
0
0
0
0
0
0
0
0
0
0
0
0
0
0
0
0
0
0
0
0
0
0
0
0
0
0
0
0
0
0
0
0
0
0
0
0
0
0
0
0
0
0
0
0
0
0
0
0
0
0
0
0
0
0
0
0
0
0
0
0
0
0
0
0
0
0
0
0
0
0
0
0
0
0
0
0
0
0
0
0
0
0
0
0
0
0
0
0
0
0
0
0
0
0
0
0
0
0
0
0
0
0
0
0
0
0
0
0
0
0
0
