3.59991e+07
886.355
4.43341
0.0273529
0.000186944
1.36124e-06
1.03921e-08
8.20008e-11
6.57424e-13
5.25614e-15
4.11817e-17
3.11738e-19
2.2566e-21
1.55154e-23
1.00926e-25
6.19929e-28
3.59377e-30
1.96686e-32
1.01595e-34
4.83912e-37
0
0
0
0
0
0
0
0
0
0
0
0
0
0
0
0
0
0
0
0
0
0
0
0
0
0
0
0
0
0
0
0
0
0
0
0
0
0
0
0
0
0
0
0
0
0
0
0
0
0
0
0
0
0
0
0
0
0
0
0
0
0
0
0
0
0
0
0
0
0
0
0
0
0
0
0
0
0
0
0
0
0
0
0
0
0
0
0
0
0
0
0
0
0
0
0
0
0
0
0
0
0
0
0
0
0
0
0
0
0
0
0
0
0
0
0
0
0
0
0
0
0
0
0
0
0
0
0
0
0
0
0
0
0
0
0
0
0
0
0
0
0
0
0
0
0
0
0
0
0
