3.59993e+07
705.548
2.83037
0.0137389
7.28529e-05
4.02922e-07
2.27466e-09
1.28924e-11
7.22479e-14
3.94937e-16
2.08315e-18
1.05176e-20
5.05537e-23
2.30542e-25
9.95656e-28
4.06921e-30
1.5737e-32
5.7397e-35
1.76058e-37
0
0
0
0
0
0
0
0
0
0
0
0
0
0
0
0
0
0
0
0
0
0
0
0
0
0
0
0
0
0
0
0
0
0
0
0
0
0
0
0
0
0
0
0
0
0
0
0
0
0
0
0
0
0
0
0
0
0
0
0
0
0
0
0
0
0
0
0
0
0
0
0
0
0
0
0
0
0
0
0
0
0
0
0
0
0
0
0
0
0
0
0
0
0
0
0
0
0
0
0
0
0
0
0
0
0
0
0
0
0
0
0
0
0
0
0
0
0
0
0
0
0
0
0
0
0
0
0
0
0
0
0
0
0
0
0
0
0
0
0
0
0
0
0
0
0
0
0
0
0
0
