3.59994e+07
571.655
1.88194
0.00738869
3.15444e-05
1.3926e-07
6.21517e-10
2.76246e-12
1.2079e-14
5.14362e-17
2.11613e-19
8.36008e-22
3.15754e-24
1.13665e-26
3.89228e-29
1.26655e-31
3.90927e-34
1.09214e-36
0
0
0
0
0
0
0
0
0
0
0
0
0
0
0
0
0
0
0
0
0
0
0
0
0
0
0
0
0
0
0
0
0
0
0
0
0
0
0
0
0
0
0
0
0
0
0
0
0
0
0
0
0
0
0
0
0
0
0
0
0
0
0
0
0
0
0
0
0
0
0
0
0
0
0
0
0
0
0
0
0
0
0
0
0
0
0
0
0
0
0
0
0
0
0
0
0
0
0
0
0
0
0
0
0
0
0
0
0
0
0
0
0
0
0
0
0
0
0
0
0
0
0
0
0
0
0
0
0
0
0
0
0
0
0
0
0
0
0
0
0
0
0
0
0
0
0
0
0
0
0
0
