3.59994e+07
648.849
2.40534
0.0107538
5.27049e-05
2.72161e-07
1.46765e-09
8.23265e-12
4.75267e-14
2.76952e-16
1.59258e-18
8.86096e-21
4.7046e-23
2.36391e-25
1.11947e-27
4.98924e-30
2.09287e-32
8.25744e-35
3.02035e-37
0
0
0
0
0
0
0
0
0
0
0
0
0
0
0
0
0
0
0
0
0
0
0
0
0
0
0
0
0
0
0
0
0
0
0
0
0
0
0
0
0
0
0
0
0
0
0
0
0
0
0
0
0
0
0
0
0
0
0
0
0
0
0
0
0
0
0
0
0
0
0
0
0
0
0
0
0
0
0
0
0
0
0
0
0
0
0
0
0
0
0
0
0
0
0
0
0
0
0
0
0
0
0
0
0
0
0
0
0
0
0
0
0
0
0
0
0
0
0
0
0
0
0
0
0
0
0
0
0
0
0
0
0
0
0
0
0
0
0
0
0
0
0
0
0
0
0
0
0
0
0
