3.59993e+07
682.2
2.64958
0.0123915
6.2922e-05
3.30401e-07
1.75441e-09
9.27257e-12
4.81202e-14
2.42352e-16
1.17352e-18
5.42545e-21
2.38351e-23
9.9208e-26
3.90623e-28
1.45422e-30
5.11859e-33
1.68376e-35
3.99133e-38
0
0
0
0
0
0
0
0
0
0
0
0
0
0
0
0
0
0
0
0
0
0
0
0
0
0
0
0
0
0
0
0
0
0
0
0
0
0
0
0
0
0
0
0
0
0
0
0
0
0
0
0
0
0
0
0
0
0
0
0
0
0
0
0
0
0
0
0
0
0
0
0
0
0
0
0
0
0
0
0
0
0
0
0
0
0
0
0
0
0
0
0
0
0
0
0
0
0
0
0
0
0
0
0
0
0
0
0
0
0
0
0
0
0
0
0
0
0
0
0
0
0
0
0
0
0
0
0
0
0
0
0
0
0
0
0
0
0
0
0
0
0
0
0
0
0
0
0
0
0
0
