3.59989e+07
1050.4
6.17627
0.0450488
0.000362229
3.06242e-06
2.65184e-08
2.30359e-10
1.9736e-12
1.64669e-14
1.32669e-16
1.02675e-18
7.60988e-21
5.39197e-23
3.64846e-25
2.35591e-27
1.45106e-29
8.52216e-32
4.76878e-34
2.49595e-36
1.06655e-38
0
0
0
0
0
0
0
0
0
0
0
0
0
0
0
0
0
0
0
0
0
0
0
0
0
0
0
0
0
0
0
0
0
0
0
0
0
0
0
0
0
0
0
0
0
0
0
0
0
0
0
0
0
0
0
0
0
0
0
0
0
0
0
0
0
0
0
0
0
0
0
0
0
0
0
0
0
0
0
0
0
0
0
0
0
0
0
0
0
0
0
0
0
0
0
0
0
0
0
0
0
0
0
0
0
0
0
0
0
0
0
0
0
0
0
0
0
0
0
0
0
0
0
0
0
0
0
0
0
0
0
0
0
0
0
0
0
0
0
0
0
0
0
0
0
0
0
0
0
