3.59993e+07
699.618
2.78384
0.0134149
7.087e-05
3.93142e-07
2.25053e-09
1.31254e-11
7.69363e-14
4.46773e-16
2.53557e-18
1.39059e-20
7.3084e-23
3.66021e-25
1.74093e-27
7.8504e-30
3.3539e-32
1.35539e-34
5.008e-37
0
0
0
0
0
0
0
0
0
0
0
0
0
0
0
0
0
0
0
0
0
0
0
0
0
0
0
0
0
0
0
0
0
0
0
0
0
0
0
0
0
0
0
0
0
0
0
0
0
0
0
0
0
0
0
0
0
0
0
0
0
0
0
0
0
0
0
0
0
0
0
0
0
0
0
0
0
0
0
0
0
0
0
0
0
0
0
0
0
0
0
0
0
0
0
0
0
0
0
0
0
0
0
0
0
0
0
0
0
0
0
0
0
0
0
0
0
0
0
0
0
0
0
0
0
0
0
0
0
0
0
0
0
0
0
0
0
0
0
0
0
0
0
0
0
0
0
0
0
0
0
