3.59993e+07
688.662
2.69873
0.0128025
6.65551e-05
3.62166e-07
2.02124e-09
1.14043e-11
6.41998e-14
3.56023e-16
1.92224e-18
1.0005e-20
4.98217e-23
2.36125e-25
1.06171e-27
4.52187e-30
1.82328e-32
6.94144e-35
2.36179e-37
0
0
0
0
0
0
0
0
0
0
0
0
0
0
0
0
0
0
0
0
0
0
0
0
0
0
0
0
0
0
0
0
0
0
0
0
0
0
0
0
0
0
0
0
0
0
0
0
0
0
0
0
0
0
0
0
0
0
0
0
0
0
0
0
0
0
0
0
0
0
0
0
0
0
0
0
0
0
0
0
0
0
0
0
0
0
0
0
0
0
0
0
0
0
0
0
0
0
0
0
0
0
0
0
0
0
0
0
0
0
0
0
0
0
0
0
0
0
0
0
0
0
0
0
0
0
0
0
0
0
0
0
0
0
0
0
0
0
0
0
0
0
0
0
0
0
0
0
0
0
0
