3.5999e+07
959.137
5.167
0.0343869
0.000252045
1.9444e-06
1.54679e-08
1.25169e-10
1.01788e-12
8.21638e-15
6.50408e-17
4.99473e-19
3.68889e-21
2.60388e-23
1.74955e-25
1.11634e-27
6.75747e-30
3.87971e-32
2.11165e-34
1.0716e-36
4.44725e-39
0
0
0
0
0
0
0
0
0
0
0
0
0
0
0
0
0
0
0
0
0
0
0
0
0
0
0
0
0
0
0
0
0
0
0
0
0
0
0
0
0
0
0
0
0
0
0
0
0
0
0
0
0
0
0
0
0
0
0
0
0
0
0
0
0
0
0
0
0
0
0
0
0
0
0
0
0
0
0
0
0
0
0
0
0
0
0
0
0
0
0
0
0
0
0
0
0
0
0
0
0
0
0
0
0
0
0
0
0
0
0
0
0
0
0
0
0
0
0
0
0
0
0
0
0
0
0
0
0
0
0
0
0
0
0
0
0
0
0
0
0
0
0
0
0
0
0
0
0
