3.59993e+07
733.255
3.05312
0.015454
8.57691e-05
4.97786e-07
2.94907e-09
1.75108e-11
1.02647e-13
5.86961e-16
3.24493e-18
1.72317e-20
8.75077e-23
4.23728e-25
1.95292e-27
8.55932e-30
3.56611e-32
1.40919e-34
5.02701e-37
0
0
0
0
0
0
0
0
0
0
0
0
0
0
0
0
0
0
0
0
0
0
0
0
0
0
0
0
0
0
0
0
0
0
0
0
0
0
0
0
0
0
0
0
0
0
0
0
0
0
0
0
0
0
0
0
0
0
0
0
0
0
0
0
0
0
0
0
0
0
0
0
0
0
0
0
0
0
0
0
0
0
0
0
0
0
0
0
0
0
0
0
0
0
0
0
0
0
0
0
0
0
0
0
0
0
0
0
0
0
0
0
0
0
0
0
0
0
0
0
0
0
0
0
0
0
0
0
0
0
0
0
0
0
0
0
0
0
0
0
0
0
0
0
0
0
0
0
0
0
0
