3.59989e+07
1056.71
6.26292
0.0461169
0.000374351
3.19085e-06
2.78419e-08
2.44262e-10
2.12464e-12
1.81188e-14
1.50155e-16
1.201e-18
9.22388e-21
6.77713e-23
4.75154e-25
3.17374e-27
2.01768e-29
1.22041e-31
7.01983e-34
3.79567e-36
1.62856e-38
0
0
0
0
0
0
0
0
0
0
0
0
0
0
0
0
0
0
0
0
0
0
0
0
0
0
0
0
0
0
0
0
0
0
0
0
0
0
0
0
0
0
0
0
0
0
0
0
0
0
0
0
0
0
0
0
0
0
0
0
0
0
0
0
0
0
0
0
0
0
0
0
0
0
0
0
0
0
0
0
0
0
0
0
0
0
0
0
0
0
0
0
0
0
0
0
0
0
0
0
0
0
0
0
0
0
0
0
0
0
0
0
0
0
0
0
0
0
0
0
0
0
0
0
0
0
0
0
0
0
0
0
0
0
0
0
0
0
0
0
0
0
0
0
0
0
0
0
0
