3.59994e+07
617.149
2.18109
0.00925971
4.31442e-05
2.1266e-07
1.10133e-09
5.95444e-12
3.30283e-14
1.83226e-16
9.91796e-19
5.14363e-21
2.52765e-23
1.17036e-25
5.09531e-28
2.08566e-30
8.03435e-33
2.90631e-35
8.87601e-38
0
0
0
0
0
0
0
0
0
0
0
0
0
0
0
0
0
0
0
0
0
0
0
0
0
0
0
0
0
0
0
0
0
0
0
0
0
0
0
0
0
0
0
0
0
0
0
0
0
0
0
0
0
0
0
0
0
0
0
0
0
0
0
0
0
0
0
0
0
0
0
0
0
0
0
0
0
0
0
0
0
0
0
0
0
0
0
0
0
0
0
0
0
0
0
0
0
0
0
0
0
0
0
0
0
0
0
0
0
0
0
0
0
0
0
0
0
0
0
0
0
0
0
0
0
0
0
0
0
0
0
0
0
0
0
0
0
0
0
0
0
0
0
0
0
0
0
0
0
0
0
