3.59993e+07
730.768
3.03389
0.0153176
8.50264e-05
4.97418e-07
3.01242e-09
1.86155e-11
1.15519e-13
7.07701e-16
4.21324e-18
2.407e-20
1.308e-22
6.72477e-25
3.26204e-27
1.49157e-29
6.43037e-32
2.61318e-34
9.79193e-37
0
0
0
0
0
0
0
0
0
0
0
0
0
0
0
0
0
0
0
0
0
0
0
0
0
0
0
0
0
0
0
0
0
0
0
0
0
0
0
0
0
0
0
0
0
0
0
0
0
0
0
0
0
0
0
0
0
0
0
0
0
0
0
0
0
0
0
0
0
0
0
0
0
0
0
0
0
0
0
0
0
0
0
0
0
0
0
0
0
0
0
0
0
0
0
0
0
0
0
0
0
0
0
0
0
0
0
0
0
0
0
0
0
0
0
0
0
0
0
0
0
0
0
0
0
0
0
0
0
0
0
0
0
0
0
0
0
0
0
0
0
0
0
0
0
0
0
0
0
0
0
