3.5999e+07
967.781
5.26626
0.0355155
0.000265785
2.12209e-06
1.77881e-08
1.54459e-10
1.36711e-12
1.21123e-14
1.05597e-16
8.93474e-19
7.26446e-21
5.63847e-23
4.16114e-25
2.91336e-27
1.9332e-29
1.21557e-31
7.24336e-34
4.06676e-36
2.00566e-38
0
0
0
0
0
0
0
0
0
0
0
0
0
0
0
0
0
0
0
0
0
0
0
0
0
0
0
0
0
0
0
0
0
0
0
0
0
0
0
0
0
0
0
0
0
0
0
0
0
0
0
0
0
0
0
0
0
0
0
0
0
0
0
0
0
0
0
0
0
0
0
0
0
0
0
0
0
0
0
0
0
0
0
0
0
0
0
0
0
0
0
0
0
0
0
0
0
0
0
0
0
0
0
0
0
0
0
0
0
0
0
0
0
0
0
0
0
0
0
0
0
0
0
0
0
0
0
0
0
0
0
0
0
0
0
0
0
0
0
0
0
0
0
0
0
0
0
0
0
