3.5999e+07
979.058
5.38139
0.036602
0.00027546
2.20106e-06
1.83281e-08
1.56714e-10
1.355e-12
1.16567e-14
9.82304e-17
8.00165e-19
6.23752e-21
4.6216e-23
3.24164e-25
2.14816e-27
1.34415e-29
7.94434e-32
4.43682e-34
2.32191e-36
1.00018e-38
0
0
0
0
0
0
0
0
0
0
0
0
0
0
0
0
0
0
0
0
0
0
0
0
0
0
0
0
0
0
0
0
0
0
0
0
0
0
0
0
0
0
0
0
0
0
0
0
0
0
0
0
0
0
0
0
0
0
0
0
0
0
0
0
0
0
0
0
0
0
0
0
0
0
0
0
0
0
0
0
0
0
0
0
0
0
0
0
0
0
0
0
0
0
0
0
0
0
0
0
0
0
0
0
0
0
0
0
0
0
0
0
0
0
0
0
0
0
0
0
0
0
0
0
0
0
0
0
0
0
0
0
0
0
0
0
0
0
0
0
0
0
0
0
0
0
0
0
0
