3.59994e+07
645.237
2.37768
0.0105439
5.09063e-05
2.54306e-07
1.28256e-09
6.41889e-12
3.14377e-14
1.49021e-16
6.78009e-19
2.94339e-21
1.2144e-23
4.75022e-26
1.75933e-28
6.16701e-31
2.04535e-33
6.25868e-36
8.91668e-39
0
0
0
0
0
0
0
0
0
0
0
0
0
0
0
0
0
0
0
0
0
0
0
0
0
0
0
0
0
0
0
0
0
0
0
0
0
0
0
0
0
0
0
0
0
0
0
0
0
0
0
0
0
0
0
0
0
0
0
0
0
0
0
0
0
0
0
0
0
0
0
0
0
0
0
0
0
0
0
0
0
0
0
0
0
0
0
0
0
0
0
0
0
0
0
0
0
0
0
0
0
0
0
0
0
0
0
0
0
0
0
0
0
0
0
0
0
0
0
0
0
0
0
0
0
0
0
0
0
0
0
0
0
0
0
0
0
0
0
0
0
0
0
0
0
0
0
0
0
0
0
