3.59991e+07
919.047
4.75929
0.0304605
0.000215559
1.6108e-06
1.23919e-08
9.6064e-11
7.36106e-13
5.48582e-15
3.92711e-17
2.67721e-19
1.72866e-21
1.05404e-23
6.0617e-26
3.28775e-28
1.68295e-30
8.13899e-33
3.70877e-35
1.43651e-37
0
0
0
0
0
0
0
0
0
0
0
0
0
0
0
0
0
0
0
0
0
0
0
0
0
0
0
0
0
0
0
0
0
0
0
0
0
0
0
0
0
0
0
0
0
0
0
0
0
0
0
0
0
0
0
0
0
0
0
0
0
0
0
0
0
0
0
0
0
0
0
0
0
0
0
0
0
0
0
0
0
0
0
0
0
0
0
0
0
0
0
0
0
0
0
0
0
0
0
0
0
0
0
0
0
0
0
0
0
0
0
0
0
0
0
0
0
0
0
0
0
0
0
0
0
0
0
0
0
0
0
0
0
0
0
0
0
0
0
0
0
0
0
0
0
0
0
0
0
0
