3.59993e+07
668.371
2.54556
0.011701
5.87054e-05
3.05997e-07
1.618e-09
8.53421e-12
4.43046e-14
2.24024e-16
1.09467e-18
5.13917e-21
2.3084e-23
9.89188e-26
4.03626e-28
1.56659e-30
5.78015e-33
2.00912e-35
5.2911e-38
0
0
0
0
0
0
0
0
0
0
0
0
0
0
0
0
0
0
0
0
0
0
0
0
0
0
0
0
0
0
0
0
0
0
0
0
0
0
0
0
0
0
0
0
0
0
0
0
0
0
0
0
0
0
0
0
0
0
0
0
0
0
0
0
0
0
0
0
0
0
0
0
0
0
0
0
0
0
0
0
0
0
0
0
0
0
0
0
0
0
0
0
0
0
0
0
0
0
0
0
0
0
0
0
0
0
0
0
0
0
0
0
0
0
0
0
0
0
0
0
0
0
0
0
0
0
0
0
0
0
0
0
0
0
0
0
0
0
0
0
0
0
0
0
0
0
0
0
0
0
0
