3.59994e+07
589.046
1.99437
0.0080803
3.57957e-05
1.65983e-07
7.92232e-10
3.8405e-12
1.86151e-14
8.87512e-17
4.10316e-19
1.81996e-21
7.69046e-24
3.08325e-26
1.17048e-28
4.20498e-31
1.42929e-33
4.53072e-36
7.50058e-39
0
0
0
0
0
0
0
0
0
0
0
0
0
0
0
0
0
0
0
0
0
0
0
0
0
0
0
0
0
0
0
0
0
0
0
0
0
0
0
0
0
0
0
0
0
0
0
0
0
0
0
0
0
0
0
0
0
0
0
0
0
0
0
0
0
0
0
0
0
0
0
0
0
0
0
0
0
0
0
0
0
0
0
0
0
0
0
0
0
0
0
0
0
0
0
0
0
0
0
0
0
0
0
0
0
0
0
0
0
0
0
0
0
0
0
0
0
0
0
0
0
0
0
0
0
0
0
0
0
0
0
0
0
0
0
0
0
0
0
0
0
0
0
0
0
0
0
0
0
0
0
