3.59994e+07
590.459
2.00304
0.00813538
3.61169e-05
1.67325e-07
7.92953e-10
3.78619e-12
1.79395e-14
8.3119e-17
3.71928e-19
1.59215e-21
6.47889e-24
2.49651e-26
9.09158e-29
3.12718e-31
1.01558e-33
3.03115e-36
0
0
0
0
0
0
0
0
0
0
0
0
0
0
0
0
0
0
0
0
0
0
0
0
0
0
0
0
0
0
0
0
0
0
0
0
0
0
0
0
0
0
0
0
0
0
0
0
0
0
0
0
0
0
0
0
0
0
0
0
0
0
0
0
0
0
0
0
0
0
0
0
0
0
0
0
0
0
0
0
0
0
0
0
0
0
0
0
0
0
0
0
0
0
0
0
0
0
0
0
0
0
0
0
0
0
0
0
0
0
0
0
0
0
0
0
0
0
0
0
0
0
0
0
0
0
0
0
0
0
0
0
0
0
0
0
0
0
0
0
0
0
0
0
0
0
0
0
0
0
0
0
