3.59993e+07
688.542
2.69799
0.0127717
6.60289e-05
3.56511e-07
1.97569e-09
1.11154e-11
6.28392e-14
3.53174e-16
1.95227e-18
1.05094e-20
5.4632e-23
2.72453e-25
1.29736e-27
5.88048e-30
2.53246e-32
1.03331e-34
3.86785e-37
0
0
0
0
0
0
0
0
0
0
0
0
0
0
0
0
0
0
0
0
0
0
0
0
0
0
0
0
0
0
0
0
0
0
0
0
0
0
0
0
0
0
0
0
0
0
0
0
0
0
0
0
0
0
0
0
0
0
0
0
0
0
0
0
0
0
0
0
0
0
0
0
0
0
0
0
0
0
0
0
0
0
0
0
0
0
0
0
0
0
0
0
0
0
0
0
0
0
0
0
0
0
0
0
0
0
0
0
0
0
0
0
0
0
0
0
0
0
0
0
0
0
0
0
0
0
0
0
0
0
0
0
0
0
0
0
0
0
0
0
0
0
0
0
0
0
0
0
0
0
0
