3.59994e+07
582.1
1.94798
0.00778294
3.38693e-05
1.53262e-07
7.08887e-10
3.31748e-12
1.55434e-14
7.20217e-17
3.25861e-19
1.42337e-21
5.94975e-24
2.36572e-26
8.91585e-29
3.17945e-31
1.07175e-33
3.34974e-36
5.25766e-39
0
0
0
0
0
0
0
0
0
0
0
0
0
0
0
0
0
0
0
0
0
0
0
0
0
0
0
0
0
0
0
0
0
0
0
0
0
0
0
0
0
0
0
0
0
0
0
0
0
0
0
0
0
0
0
0
0
0
0
0
0
0
0
0
0
0
0
0
0
0
0
0
0
0
0
0
0
0
0
0
0
0
0
0
0
0
0
0
0
0
0
0
0
0
0
0
0
0
0
0
0
0
0
0
0
0
0
0
0
0
0
0
0
0
0
0
0
0
0
0
0
0
0
0
0
0
0
0
0
0
0
0
0
0
0
0
0
0
0
0
0
0
0
0
0
0
0
0
0
0
0
