3.59993e+07
724.39
2.984
0.0149372
8.18432e-05
4.68467e-07
2.74623e-09
1.62598e-11
9.58576e-14
5.54281e-16
3.09983e-18
1.65807e-20
8.41748e-23
4.03734e-25
1.82556e-27
7.77775e-30
3.12365e-32
1.18093e-34
4.00261e-37
0
0
0
0
0
0
0
0
0
0
0
0
0
0
0
0
0
0
0
0
0
0
0
0
0
0
0
0
0
0
0
0
0
0
0
0
0
0
0
0
0
0
0
0
0
0
0
0
0
0
0
0
0
0
0
0
0
0
0
0
0
0
0
0
0
0
0
0
0
0
0
0
0
0
0
0
0
0
0
0
0
0
0
0
0
0
0
0
0
0
0
0
0
0
0
0
0
0
0
0
0
0
0
0
0
0
0
0
0
0
0
0
0
0
0
0
0
0
0
0
0
0
0
0
0
0
0
0
0
0
0
0
0
0
0
0
0
0
0
0
0
0
0
0
0
0
0
0
0
0
0
