3.59994e+07
630.774
2.27672
0.00989656
4.71308e-05
2.34957e-07
1.20275e-09
6.24005e-12
3.2438e-14
1.67213e-16
8.46707e-19
4.17572e-21
1.99074e-23
9.11775e-26
3.99296e-28
1.66644e-30
6.61308e-33
2.47878e-35
8.26591e-38
0
0
0
0
0
0
0
0
0
0
0
0
0
0
0
0
0
0
0
0
0
0
0
0
0
0
0
0
0
0
0
0
0
0
0
0
0
0
0
0
0
0
0
0
0
0
0
0
0
0
0
0
0
0
0
0
0
0
0
0
0
0
0
0
0
0
0
0
0
0
0
0
0
0
0
0
0
0
0
0
0
0
0
0
0
0
0
0
0
0
0
0
0
0
0
0
0
0
0
0
0
0
0
0
0
0
0
0
0
0
0
0
0
0
0
0
0
0
0
0
0
0
0
0
0
0
0
0
0
0
0
0
0
0
0
0
0
0
0
0
0
0
0
0
0
0
0
0
0
0
0
