3.59994e+07
589.393
1.996
0.00809643
3.59828e-05
1.6783e-07
8.07836e-10
3.95577e-12
1.93634e-14
9.30147e-17
4.31552e-19
1.91163e-21
8.02597e-24
3.1812e-26
1.18842e-28
4.1836e-31
1.38815e-33
4.26642e-36
3.65902e-39
0
0
0
0
0
0
0
0
0
0
0
0
0
0
0
0
0
0
0
0
0
0
0
0
0
0
0
0
0
0
0
0
0
0
0
0
0
0
0
0
0
0
0
0
0
0
0
0
0
0
0
0
0
0
0
0
0
0
0
0
0
0
0
0
0
0
0
0
0
0
0
0
0
0
0
0
0
0
0
0
0
0
0
0
0
0
0
0
0
0
0
0
0
0
0
0
0
0
0
0
0
0
0
0
0
0
0
0
0
0
0
0
0
0
0
0
0
0
0
0
0
0
0
0
0
0
0
0
0
0
0
0
0
0
0
0
0
0
0
0
0
0
0
0
0
0
0
0
0
0
0
