3.59994e+07
572.542
1.8854
0.00740683
3.17215e-05
1.40981e-07
6.3491e-10
2.84657e-12
1.25163e-14
5.33408e-17
2.18502e-19
8.55723e-22
3.19398e-24
1.13433e-26
3.83073e-29
1.23008e-31
3.75127e-34
1.02241e-36
0
0
0
0
0
0
0
0
0
0
0
0
0
0
0
0
0
0
0
0
0
0
0
0
0
0
0
0
0
0
0
0
0
0
0
0
0
0
0
0
0
0
0
0
0
0
0
0
0
0
0
0
0
0
0
0
0
0
0
0
0
0
0
0
0
0
0
0
0
0
0
0
0
0
0
0
0
0
0
0
0
0
0
0
0
0
0
0
0
0
0
0
0
0
0
0
0
0
0
0
0
0
0
0
0
0
0
0
0
0
0
0
0
0
0
0
0
0
0
0
0
0
0
0
0
0
0
0
0
0
0
0
0
0
0
0
0
0
0
0
0
0
0
0
0
0
0
0
0
0
0
0
