3.59993e+07
675.239
2.59914
0.0120917
6.1521e-05
3.26464e-07
1.76735e-09
9.60607e-12
5.16901e-14
2.71974e-16
1.38482e-18
6.76807e-21
3.15649e-23
1.39944e-25
5.88541e-28
2.34574e-30
8.85908e-33
3.15309e-35
9.17131e-38
0
0
0
0
0
0
0
0
0
0
0
0
0
0
0
0
0
0
0
0
0
0
0
0
0
0
0
0
0
0
0
0
0
0
0
0
0
0
0
0
0
0
0
0
0
0
0
0
0
0
0
0
0
0
0
0
0
0
0
0
0
0
0
0
0
0
0
0
0
0
0
0
0
0
0
0
0
0
0
0
0
0
0
0
0
0
0
0
0
0
0
0
0
0
0
0
0
0
0
0
0
0
0
0
0
0
0
0
0
0
0
0
0
0
0
0
0
0
0
0
0
0
0
0
0
0
0
0
0
0
0
0
0
0
0
0
0
0
0
0
0
0
0
0
0
0
0
0
0
0
0
