3.59991e+07
899.809
4.5624
0.0284657
0.000195216
1.40414e-06
1.03428e-08
7.66283e-11
5.62162e-13
4.02828e-15
2.78779e-17
1.84735e-19
1.16521e-21
6.96993e-24
3.9463e-26
2.11355e-28
1.07099e-30
5.13766e-33
2.32166e-35
8.82266e-38
0
0
0
0
0
0
0
0
0
0
0
0
0
0
0
0
0
0
0
0
0
0
0
0
0
0
0
0
0
0
0
0
0
0
0
0
0
0
0
0
0
0
0
0
0
0
0
0
0
0
0
0
0
0
0
0
0
0
0
0
0
0
0
0
0
0
0
0
0
0
0
0
0
0
0
0
0
0
0
0
0
0
0
0
0
0
0
0
0
0
0
0
0
0
0
0
0
0
0
0
0
0
0
0
0
0
0
0
0
0
0
0
0
0
0
0
0
0
0
0
0
0
0
0
0
0
0
0
0
0
0
0
0
0
0
0
0
0
0
0
0
0
0
0
0
0
0
0
0
0
