3.59993e+07
707.129
2.84396
0.0138502
7.36909e-05
4.07907e-07
2.28983e-09
1.27806e-11
6.97729e-14
3.67907e-16
1.85714e-18
8.923e-21
4.06705e-23
1.75558e-25
7.17307e-28
2.77477e-30
1.01676e-32
3.50754e-35
8.97082e-38
0
0
0
0
0
0
0
0
0
0
0
0
0
0
0
0
0
0
0
0
0
0
0
0
0
0
0
0
0
0
0
0
0
0
0
0
0
0
0
0
0
0
0
0
0
0
0
0
0
0
0
0
0
0
0
0
0
0
0
0
0
0
0
0
0
0
0
0
0
0
0
0
0
0
0
0
0
0
0
0
0
0
0
0
0
0
0
0
0
0
0
0
0
0
0
0
0
0
0
0
0
0
0
0
0
0
0
0
0
0
0
0
0
0
0
0
0
0
0
0
0
0
0
0
0
0
0
0
0
0
0
0
0
0
0
0
0
0
0
0
0
0
0
0
0
0
0
0
0
0
0
