3.59994e+07
572.372
1.88353
0.00738582
3.15204e-05
1.39595e-07
6.28951e-10
2.8444e-12
1.27469e-14
5.59038e-17
2.37307e-19
9.66481e-22
3.75274e-24
1.38355e-26
4.83216e-29
1.59716e-31
4.98991e-34
1.41881e-36
0
0
0
0
0
0
0
0
0
0
0
0
0
0
0
0
0
0
0
0
0
0
0
0
0
0
0
0
0
0
0
0
0
0
0
0
0
0
0
0
0
0
0
0
0
0
0
0
0
0
0
0
0
0
0
0
0
0
0
0
0
0
0
0
0
0
0
0
0
0
0
0
0
0
0
0
0
0
0
0
0
0
0
0
0
0
0
0
0
0
0
0
0
0
0
0
0
0
0
0
0
0
0
0
0
0
0
0
0
0
0
0
0
0
0
0
0
0
0
0
0
0
0
0
0
0
0
0
0
0
0
0
0
0
0
0
0
0
0
0
0
0
0
0
0
0
0
0
0
0
0
0
