3.59992e+07
758.118
3.25444
0.0169399
9.59345e-05
5.6249e-07
3.32842e-09
1.95064e-11
1.11573e-13
6.16308e-16
3.26496e-18
1.65191e-20
7.96389e-23
3.65408e-25
1.59487e-27
6.62091e-30
2.6144e-32
9.78564e-35
3.07357e-37
0
0
0
0
0
0
0
0
0
0
0
0
0
0
0
0
0
0
0
0
0
0
0
0
0
0
0
0
0
0
0
0
0
0
0
0
0
0
0
0
0
0
0
0
0
0
0
0
0
0
0
0
0
0
0
0
0
0
0
0
0
0
0
0
0
0
0
0
0
0
0
0
0
0
0
0
0
0
0
0
0
0
0
0
0
0
0
0
0
0
0
0
0
0
0
0
0
0
0
0
0
0
0
0
0
0
0
0
0
0
0
0
0
0
0
0
0
0
0
0
0
0
0
0
0
0
0
0
0
0
0
0
0
0
0
0
0
0
0
0
0
0
0
0
0
0
0
0
0
0
0
