3.5999e+07
977.041
5.36844
0.036575
0.000275657
2.199e-06
1.81903e-08
1.53553e-10
1.30111e-12
1.08837e-14
8.85625e-17
6.93154e-19
5.17859e-21
3.67639e-23
2.47435e-25
1.57757e-27
9.52927e-30
5.45721e-32
2.96361e-34
1.50555e-36
5.55457e-39
0
0
0
0
0
0
0
0
0
0
0
0
0
0
0
0
0
0
0
0
0
0
0
0
0
0
0
0
0
0
0
0
0
0
0
0
0
0
0
0
0
0
0
0
0
0
0
0
0
0
0
0
0
0
0
0
0
0
0
0
0
0
0
0
0
0
0
0
0
0
0
0
0
0
0
0
0
0
0
0
0
0
0
0
0
0
0
0
0
0
0
0
0
0
0
0
0
0
0
0
0
0
0
0
0
0
0
0
0
0
0
0
0
0
0
0
0
0
0
0
0
0
0
0
0
0
0
0
0
0
0
0
0
0
0
0
0
0
0
0
0
0
0
0
0
0
0
0
0
