3.59994e+07
567.874
1.85689
0.00724516
3.08385e-05
1.36479e-07
6.14897e-10
2.77768e-12
1.24024e-14
5.4033e-17
2.27277e-19
9.15784e-22
3.51619e-24
1.28227e-26
4.43379e-29
1.45268e-31
4.50479e-34
1.26741e-36
0
0
0
0
0
0
0
0
0
0
0
0
0
0
0
0
0
0
0
0
0
0
0
0
0
0
0
0
0
0
0
0
0
0
0
0
0
0
0
0
0
0
0
0
0
0
0
0
0
0
0
0
0
0
0
0
0
0
0
0
0
0
0
0
0
0
0
0
0
0
0
0
0
0
0
0
0
0
0
0
0
0
0
0
0
0
0
0
0
0
0
0
0
0
0
0
0
0
0
0
0
0
0
0
0
0
0
0
0
0
0
0
0
0
0
0
0
0
0
0
0
0
0
0
0
0
0
0
0
0
0
0
0
0
0
0
0
0
0
0
0
0
0
0
0
0
0
0
0
0
0
0
