3.59991e+07
912.645
4.68974
0.0297269
0.000208023
1.53541e-06
1.16577e-08
8.91343e-11
6.73299e-13
4.94539e-15
3.4903e-17
2.3481e-19
1.49852e-21
9.04919e-24
5.16618e-26
2.78863e-28
1.42428e-30
6.88981e-33
3.14557e-35
1.13156e-37
0
0
0
0
0
0
0
0
0
0
0
0
0
0
0
0
0
0
0
0
0
0
0
0
0
0
0
0
0
0
0
0
0
0
0
0
0
0
0
0
0
0
0
0
0
0
0
0
0
0
0
0
0
0
0
0
0
0
0
0
0
0
0
0
0
0
0
0
0
0
0
0
0
0
0
0
0
0
0
0
0
0
0
0
0
0
0
0
0
0
0
0
0
0
0
0
0
0
0
0
0
0
0
0
0
0
0
0
0
0
0
0
0
0
0
0
0
0
0
0
0
0
0
0
0
0
0
0
0
0
0
0
0
0
0
0
0
0
0
0
0
0
0
0
0
0
0
0
0
0
