3.59994e+07
643.405
2.3658
0.010511
5.16504e-05
2.7253e-07
1.5459e-09
9.40775e-12
6.01654e-14
3.90916e-16
2.49784e-18
1.53378e-20
8.92973e-23
4.89682e-25
2.52283e-27
1.22083e-29
5.55389e-32
2.3776e-34
9.51342e-37
0
0
0
0
0
0
0
0
0
0
0
0
0
0
0
0
0
0
0
0
0
0
0
0
0
0
0
0
0
0
0
0
0
0
0
0
0
0
0
0
0
0
0
0
0
0
0
0
0
0
0
0
0
0
0
0
0
0
0
0
0
0
0
0
0
0
0
0
0
0
0
0
0
0
0
0
0
0
0
0
0
0
0
0
0
0
0
0
0
0
0
0
0
0
0
0
0
0
0
0
0
0
0
0
0
0
0
0
0
0
0
0
0
0
0
0
0
0
0
0
0
0
0
0
0
0
0
0
0
0
0
0
0
0
0
0
0
0
0
0
0
0
0
0
0
0
0
0
0
0
0
