3.59992e+07
758.08
3.26077
0.0171317
9.92682e-05
6.06665e-07
3.81924e-09
2.42608e-11
1.52468e-13
9.32051e-16
5.47112e-18
3.05676e-20
1.61686e-22
8.07398e-25
3.8024e-27
1.68901e-29
7.08194e-32
2.80234e-34
1.00983e-36
0
0
0
0
0
0
0
0
0
0
0
0
0
0
0
0
0
0
0
0
0
0
0
0
0
0
0
0
0
0
0
0
0
0
0
0
0
0
0
0
0
0
0
0
0
0
0
0
0
0
0
0
0
0
0
0
0
0
0
0
0
0
0
0
0
0
0
0
0
0
0
0
0
0
0
0
0
0
0
0
0
0
0
0
0
0
0
0
0
0
0
0
0
0
0
0
0
0
0
0
0
0
0
0
0
0
0
0
0
0
0
0
0
0
0
0
0
0
0
0
0
0
0
0
0
0
0
0
0
0
0
0
0
0
0
0
0
0
0
0
0
0
0
0
0
0
0
0
0
0
0
