3.59993e+07
733.25
3.04914
0.0153792
8.50639e-05
4.94811e-07
2.9699e-09
1.80778e-11
1.09518e-13
6.4854e-16
3.69948e-18
2.01201e-20
1.03677e-22
5.04541e-25
2.31625e-27
1.00334e-29
4.10476e-32
1.58522e-34
5.60426e-37
0
0
0
0
0
0
0
0
0
0
0
0
0
0
0
0
0
0
0
0
0
0
0
0
0
0
0
0
0
0
0
0
0
0
0
0
0
0
0
0
0
0
0
0
0
0
0
0
0
0
0
0
0
0
0
0
0
0
0
0
0
0
0
0
0
0
0
0
0
0
0
0
0
0
0
0
0
0
0
0
0
0
0
0
0
0
0
0
0
0
0
0
0
0
0
0
0
0
0
0
0
0
0
0
0
0
0
0
0
0
0
0
0
0
0
0
0
0
0
0
0
0
0
0
0
0
0
0
0
0
0
0
0
0
0
0
0
0
0
0
0
0
0
0
0
0
0
0
0
0
0
