3.59994e+07
651.839
2.42792
0.0109175
5.38632e-05
2.78919e-07
1.48549e-09
8.00005e-12
4.28333e-14
2.24512e-16
1.13778e-18
5.52427e-21
2.55395e-23
1.11999e-25
4.64924e-28
1.8254e-30
6.77771e-33
2.36627e-35
6.7993e-38
0
0
0
0
0
0
0
0
0
0
0
0
0
0
0
0
0
0
0
0
0
0
0
0
0
0
0
0
0
0
0
0
0
0
0
0
0
0
0
0
0
0
0
0
0
0
0
0
0
0
0
0
0
0
0
0
0
0
0
0
0
0
0
0
0
0
0
0
0
0
0
0
0
0
0
0
0
0
0
0
0
0
0
0
0
0
0
0
0
0
0
0
0
0
0
0
0
0
0
0
0
0
0
0
0
0
0
0
0
0
0
0
0
0
0
0
0
0
0
0
0
0
0
0
0
0
0
0
0
0
0
0
0
0
0
0
0
0
0
0
0
0
0
0
0
0
0
0
0
0
0
