3.59991e+07
898.12
4.53695
0.0280863
0.000190085
1.34271e-06
9.68511e-09
7.02625e-11
5.06366e-13
3.58723e-15
2.47567e-17
1.65173e-19
1.05869e-21
6.48693e-24
3.78614e-26
2.09997e-28
1.10537e-30
5.51813e-33
2.60008e-35
1.07685e-37
0
0
0
0
0
0
0
0
0
0
0
0
0
0
0
0
0
0
0
0
0
0
0
0
0
0
0
0
0
0
0
0
0
0
0
0
0
0
0
0
0
0
0
0
0
0
0
0
0
0
0
0
0
0
0
0
0
0
0
0
0
0
0
0
0
0
0
0
0
0
0
0
0
0
0
0
0
0
0
0
0
0
0
0
0
0
0
0
0
0
0
0
0
0
0
0
0
0
0
0
0
0
0
0
0
0
0
0
0
0
0
0
0
0
0
0
0
0
0
0
0
0
0
0
0
0
0
0
0
0
0
0
0
0
0
0
0
0
0
0
0
0
0
0
0
0
0
0
0
0
