3.5999e+07
963.548
5.20674
0.034728
0.000255093
1.96707e-06
1.54986e-08
1.22112e-10
9.45104e-13
7.08809e-15
5.10215e-17
3.50341e-19
2.28665e-21
1.41611e-23
8.31572e-26
4.63063e-28
2.4464e-30
1.22703e-32
5.82821e-35
2.39181e-37
0
0
0
0
0
0
0
0
0
0
0
0
0
0
0
0
0
0
0
0
0
0
0
0
0
0
0
0
0
0
0
0
0
0
0
0
0
0
0
0
0
0
0
0
0
0
0
0
0
0
0
0
0
0
0
0
0
0
0
0
0
0
0
0
0
0
0
0
0
0
0
0
0
0
0
0
0
0
0
0
0
0
0
0
0
0
0
0
0
0
0
0
0
0
0
0
0
0
0
0
0
0
0
0
0
0
0
0
0
0
0
0
0
0
0
0
0
0
0
0
0
0
0
0
0
0
0
0
0
0
0
0
0
0
0
0
0
0
0
0
0
0
0
0
0
0
0
0
0
0
