3.59993e+07
717.912
2.93074
0.0145026
7.83615e-05
4.40417e-07
2.51372e-09
1.43103e-11
8.00237e-14
4.3407e-16
2.26195e-18
1.12458e-20
5.31002e-23
2.37473e-25
1.0045e-27
4.01739e-30
1.51945e-32
5.41164e-35
1.64613e-37
0
0
0
0
0
0
0
0
0
0
0
0
0
0
0
0
0
0
0
0
0
0
0
0
0
0
0
0
0
0
0
0
0
0
0
0
0
0
0
0
0
0
0
0
0
0
0
0
0
0
0
0
0
0
0
0
0
0
0
0
0
0
0
0
0
0
0
0
0
0
0
0
0
0
0
0
0
0
0
0
0
0
0
0
0
0
0
0
0
0
0
0
0
0
0
0
0
0
0
0
0
0
0
0
0
0
0
0
0
0
0
0
0
0
0
0
0
0
0
0
0
0
0
0
0
0
0
0
0
0
0
0
0
0
0
0
0
0
0
0
0
0
0
0
0
0
0
0
0
0
0
