3.5999e+07
979.827
5.39693
0.0368472
0.000278384
2.22564e-06
1.83995e-08
1.54256e-10
1.28645e-12
1.04808e-14
8.21817e-17
6.13584e-19
4.33295e-21
2.88385e-23
1.80664e-25
1.06545e-27
5.92075e-30
3.10461e-32
1.53629e-34
6.95383e-37
0
0
0
0
0
0
0
0
0
0
0
0
0
0
0
0
0
0
0
0
0
0
0
0
0
0
0
0
0
0
0
0
0
0
0
0
0
0
0
0
0
0
0
0
0
0
0
0
0
0
0
0
0
0
0
0
0
0
0
0
0
0
0
0
0
0
0
0
0
0
0
0
0
0
0
0
0
0
0
0
0
0
0
0
0
0
0
0
0
0
0
0
0
0
0
0
0
0
0
0
0
0
0
0
0
0
0
0
0
0
0
0
0
0
0
0
0
0
0
0
0
0
0
0
0
0
0
0
0
0
0
0
0
0
0
0
0
0
0
0
0
0
0
0
0
0
0
0
0
0
