3.59993e+07
721.072
2.95413
0.0146799
7.98512e-05
4.55327e-07
2.68178e-09
1.619e-11
9.93313e-14
6.11878e-16
3.72923e-18
2.2169e-20
1.27056e-22
6.96299e-25
3.62997e-27
1.79514e-29
8.41089e-32
3.73024e-34
1.54731e-36
5.37939e-39
0
0
0
0
0
0
0
0
0
0
0
0
0
0
0
0
0
0
0
0
0
0
0
0
0
0
0
0
0
0
0
0
0
0
0
0
0
0
0
0
0
0
0
0
0
0
0
0
0
0
0
0
0
0
0
0
0
0
0
0
0
0
0
0
0
0
0
0
0
0
0
0
0
0
0
0
0
0
0
0
0
0
0
0
0
0
0
0
0
0
0
0
0
0
0
0
0
0
0
0
0
0
0
0
0
0
0
0
0
0
0
0
0
0
0
0
0
0
0
0
0
0
0
0
0
0
0
0
0
0
0
0
0
0
0
0
0
0
0
0
0
0
0
0
0
0
0
0
0
0
