3.59989e+07
1030.86
5.97156
0.0430039
0.000342116
2.87159e-06
2.49039e-08
2.19948e-10
1.95033e-12
1.70987e-14
1.46015e-16
1.19941e-18
9.39149e-21
6.96934e-23
4.8865e-25
3.23323e-27
2.01893e-29
1.1907e-31
6.63768e-34
3.46509e-36
8.60136e-39
0
0
0
0
0
0
0
0
0
0
0
0
0
0
0
0
0
0
0
0
0
0
0
0
0
0
0
0
0
0
0
0
0
0
0
0
0
0
0
0
0
0
0
0
0
0
0
0
0
0
0
0
0
0
0
0
0
0
0
0
0
0
0
0
0
0
0
0
0
0
0
0
0
0
0
0
0
0
0
0
0
0
0
0
0
0
0
0
0
0
0
0
0
0
0
0
0
0
0
0
0
0
0
0
0
0
0
0
0
0
0
0
0
0
0
0
0
0
0
0
0
0
0
0
0
0
0
0
0
0
0
0
0
0
0
0
0
0
0
0
0
0
0
0
0
0
0
0
0
