3.59991e+07
927.451
4.8404
0.0312248
0.000221896
1.64992e-06
1.24676e-08
9.37058e-11
6.89123e-13
4.90005e-15
3.34133e-17
2.17344e-19
1.34434e-21
7.89354e-24
4.39702e-26
2.32379e-28
1.16576e-30
5.55483e-33
2.49864e-35
8.71694e-38
0
0
0
0
0
0
0
0
0
0
0
0
0
0
0
0
0
0
0
0
0
0
0
0
0
0
0
0
0
0
0
0
0
0
0
0
0
0
0
0
0
0
0
0
0
0
0
0
0
0
0
0
0
0
0
0
0
0
0
0
0
0
0
0
0
0
0
0
0
0
0
0
0
0
0
0
0
0
0
0
0
0
0
0
0
0
0
0
0
0
0
0
0
0
0
0
0
0
0
0
0
0
0
0
0
0
0
0
0
0
0
0
0
0
0
0
0
0
0
0
0
0
0
0
0
0
0
0
0
0
0
0
0
0
0
0
0
0
0
0
0
0
0
0
0
0
0
0
0
0
