3.5999e+07
1002.53
5.63855
0.0392703
0.000301523
2.43995e-06
2.04054e-08
1.74318e-10
1.50617e-12
1.30182e-14
1.11178e-16
9.26767e-19
7.46219e-21
5.75789e-23
4.23472e-25
2.95893e-27
1.96092e-29
1.23182e-31
7.3333e-34
4.10789e-36
2.00566e-38
0
0
0
0
0
0
0
0
0
0
0
0
0
0
0
0
0
0
0
0
0
0
0
0
0
0
0
0
0
0
0
0
0
0
0
0
0
0
0
0
0
0
0
0
0
0
0
0
0
0
0
0
0
0
0
0
0
0
0
0
0
0
0
0
0
0
0
0
0
0
0
0
0
0
0
0
0
0
0
0
0
0
0
0
0
0
0
0
0
0
0
0
0
0
0
0
0
0
0
0
0
0
0
0
0
0
0
0
0
0
0
0
0
0
0
0
0
0
0
0
0
0
0
0
0
0
0
0
0
0
0
0
0
0
0
0
0
0
0
0
0
0
0
0
0
0
0
0
0
