3.59993e+07
754.525
3.23221
0.0168754
9.67057e-05
5.80448e-07
3.56284e-09
2.19554e-11
1.33769e-13
7.96276e-16
4.59039e-18
2.5468e-20
1.35393e-22
6.87578e-25
3.32883e-27
1.53448e-29
6.73025e-32
2.80472e-34
1.069e-36
3.05767e-39
0
0
0
0
0
0
0
0
0
0
0
0
0
0
0
0
0
0
0
0
0
0
0
0
0
0
0
0
0
0
0
0
0
0
0
0
0
0
0
0
0
0
0
0
0
0
0
0
0
0
0
0
0
0
0
0
0
0
0
0
0
0
0
0
0
0
0
0
0
0
0
0
0
0
0
0
0
0
0
0
0
0
0
0
0
0
0
0
0
0
0
0
0
0
0
0
0
0
0
0
0
0
0
0
0
0
0
0
0
0
0
0
0
0
0
0
0
0
0
0
0
0
0
0
0
0
0
0
0
0
0
0
0
0
0
0
0
0
0
0
0
0
0
0
0
0
0
0
0
0
