3.5999e+07
998.089
5.58797
0.0388056
0.000298782
2.44514e-06
2.08519e-08
1.82467e-10
1.61273e-12
1.41625e-14
1.21689e-16
1.01023e-18
8.0288e-21
6.0719e-23
4.35417e-25
2.95552e-27
1.89797e-29
1.15343e-31
6.63619e-34
3.5884e-36
1.31941e-38
0
0
0
0
0
0
0
0
0
0
0
0
0
0
0
0
0
0
0
0
0
0
0
0
0
0
0
0
0
0
0
0
0
0
0
0
0
0
0
0
0
0
0
0
0
0
0
0
0
0
0
0
0
0
0
0
0
0
0
0
0
0
0
0
0
0
0
0
0
0
0
0
0
0
0
0
0
0
0
0
0
0
0
0
0
0
0
0
0
0
0
0
0
0
0
0
0
0
0
0
0
0
0
0
0
0
0
0
0
0
0
0
0
0
0
0
0
0
0
0
0
0
0
0
0
0
0
0
0
0
0
0
0
0
0
0
0
0
0
0
0
0
0
0
0
0
0
0
0
