3.59989e+07
1021.25
5.84996
0.0415619
0.000325055
2.66144e-06
2.22144e-08
1.85622e-10
1.53223e-12
1.23678e-14
9.68168e-17
7.30003e-19
5.27232e-21
3.63185e-23
2.37911e-25
1.47937e-27
8.7246e-30
4.87931e-32
2.58593e-34
1.26431e-36
3.55174e-39
0
0
0
0
0
0
0
0
0
0
0
0
0
0
0
0
0
0
0
0
0
0
0
0
0
0
0
0
0
0
0
0
0
0
0
0
0
0
0
0
0
0
0
0
0
0
0
0
0
0
0
0
0
0
0
0
0
0
0
0
0
0
0
0
0
0
0
0
0
0
0
0
0
0
0
0
0
0
0
0
0
0
0
0
0
0
0
0
0
0
0
0
0
0
0
0
0
0
0
0
0
0
0
0
0
0
0
0
0
0
0
0
0
0
0
0
0
0
0
0
0
0
0
0
0
0
0
0
0
0
0
0
0
0
0
0
0
0
0
0
0
0
0
0
0
0
0
0
0
