3.59993e+07
729.84
3.02677
0.0152397
8.39213e-05
4.81732e-07
2.81252e-09
1.63784e-11
9.35163e-14
5.16255e-16
2.72749e-18
1.36995e-20
6.5174e-23
2.93196e-25
1.24699e-27
5.01728e-30
1.91182e-32
6.87595e-35
2.05478e-37
0
0
0
0
0
0
0
0
0
0
0
0
0
0
0
0
0
0
0
0
0
0
0
0
0
0
0
0
0
0
0
0
0
0
0
0
0
0
0
0
0
0
0
0
0
0
0
0
0
0
0
0
0
0
0
0
0
0
0
0
0
0
0
0
0
0
0
0
0
0
0
0
0
0
0
0
0
0
0
0
0
0
0
0
0
0
0
0
0
0
0
0
0
0
0
0
0
0
0
0
0
0
0
0
0
0
0
0
0
0
0
0
0
0
0
0
0
0
0
0
0
0
0
0
0
0
0
0
0
0
0
0
0
0
0
0
0
0
0
0
0
0
0
0
0
0
0
0
0
0
0
