3.59994e+07
618.899
2.1936
0.00933026
4.33463e-05
2.10293e-07
1.04636e-09
5.26984e-12
2.64903e-14
1.31e-16
6.28995e-19
2.90165e-21
1.27643e-23
5.32828e-26
2.1049e-28
7.85965e-31
2.77274e-33
9.13192e-36
2.48009e-38
0
0
0
0
0
0
0
0
0
0
0
0
0
0
0
0
0
0
0
0
0
0
0
0
0
0
0
0
0
0
0
0
0
0
0
0
0
0
0
0
0
0
0
0
0
0
0
0
0
0
0
0
0
0
0
0
0
0
0
0
0
0
0
0
0
0
0
0
0
0
0
0
0
0
0
0
0
0
0
0
0
0
0
0
0
0
0
0
0
0
0
0
0
0
0
0
0
0
0
0
0
0
0
0
0
0
0
0
0
0
0
0
0
0
0
0
0
0
0
0
0
0
0
0
0
0
0
0
0
0
0
0
0
0
0
0
0
0
0
0
0
0
0
0
0
0
0
0
0
0
0
