3.59994e+07
569.016
1.86492
0.00729122
3.10425e-05
1.3699e-07
6.12753e-10
2.73402e-12
1.19976e-14
5.11688e-17
2.10204e-19
8.26687e-22
3.1006e-24
1.10668e-26
3.75529e-29
1.21114e-31
3.70782e-34
1.0213e-36
0
0
0
0
0
0
0
0
0
0
0
0
0
0
0
0
0
0
0
0
0
0
0
0
0
0
0
0
0
0
0
0
0
0
0
0
0
0
0
0
0
0
0
0
0
0
0
0
0
0
0
0
0
0
0
0
0
0
0
0
0
0
0
0
0
0
0
0
0
0
0
0
0
0
0
0
0
0
0
0
0
0
0
0
0
0
0
0
0
0
0
0
0
0
0
0
0
0
0
0
0
0
0
0
0
0
0
0
0
0
0
0
0
0
0
0
0
0
0
0
0
0
0
0
0
0
0
0
0
0
0
0
0
0
0
0
0
0
0
0
0
0
0
0
0
0
0
0
0
0
0
0
