3.59993e+07
674.823
2.59467
0.0120478
6.10634e-05
3.22064e-07
1.73201e-09
9.37747e-12
5.05622e-14
2.68625e-16
1.39181e-18
6.96826e-21
3.34622e-23
1.53283e-25
6.67391e-28
2.75615e-30
1.07846e-32
3.98092e-35
1.28253e-37
0
0
0
0
0
0
0
0
0
0
0
0
0
0
0
0
0
0
0
0
0
0
0
0
0
0
0
0
0
0
0
0
0
0
0
0
0
0
0
0
0
0
0
0
0
0
0
0
0
0
0
0
0
0
0
0
0
0
0
0
0
0
0
0
0
0
0
0
0
0
0
0
0
0
0
0
0
0
0
0
0
0
0
0
0
0
0
0
0
0
0
0
0
0
0
0
0
0
0
0
0
0
0
0
0
0
0
0
0
0
0
0
0
0
0
0
0
0
0
0
0
0
0
0
0
0
0
0
0
0
0
0
0
0
0
0
0
0
0
0
0
0
0
0
0
0
0
0
0
0
0
