3.59991e+07
904.7
4.60668
0.0288758
0.000199494
1.45596e-06
1.10122e-08
8.49597e-11
6.5734e-13
5.01383e-15
3.71435e-17
2.64267e-19
1.79224e-21
1.15349e-23
7.0296e-26
4.0534e-28
2.21181e-30
1.14287e-32
5.58606e-35
2.45185e-37
0
0
0
0
0
0
0
0
0
0
0
0
0
0
0
0
0
0
0
0
0
0
0
0
0
0
0
0
0
0
0
0
0
0
0
0
0
0
0
0
0
0
0
0
0
0
0
0
0
0
0
0
0
0
0
0
0
0
0
0
0
0
0
0
0
0
0
0
0
0
0
0
0
0
0
0
0
0
0
0
0
0
0
0
0
0
0
0
0
0
0
0
0
0
0
0
0
0
0
0
0
0
0
0
0
0
0
0
0
0
0
0
0
0
0
0
0
0
0
0
0
0
0
0
0
0
0
0
0
0
0
0
0
0
0
0
0
0
0
0
0
0
0
0
0
0
0
0
0
0
