3.5999e+07
998.893
5.59702
0.0388499
0.000297196
2.38181e-06
1.94074e-08
1.57102e-10
1.24128e-12
9.45388e-15
6.88459e-17
4.77063e-19
3.1376e-21
1.95654e-23
1.15667e-25
6.486e-28
3.45261e-30
1.74634e-32
8.37544e-35
3.59973e-37
0
0
0
0
0
0
0
0
0
0
0
0
0
0
0
0
0
0
0
0
0
0
0
0
0
0
0
0
0
0
0
0
0
0
0
0
0
0
0
0
0
0
0
0
0
0
0
0
0
0
0
0
0
0
0
0
0
0
0
0
0
0
0
0
0
0
0
0
0
0
0
0
0
0
0
0
0
0
0
0
0
0
0
0
0
0
0
0
0
0
0
0
0
0
0
0
0
0
0
0
0
0
0
0
0
0
0
0
0
0
0
0
0
0
0
0
0
0
0
0
0
0
0
0
0
0
0
0
0
0
0
0
0
0
0
0
0
0
0
0
0
0
0
0
0
0
0
0
0
0
