3.59993e+07
667.548
2.54177
0.0117032
5.91616e-05
3.15221e-07
1.75006e-09
1.00662e-11
5.9412e-14
3.54259e-16
2.09524e-18
1.20869e-20
6.71411e-23
3.56074e-25
1.79374e-27
8.56052e-30
3.86625e-32
1.65086e-34
6.5643e-37
0
0
0
0
0
0
0
0
0
0
0
0
0
0
0
0
0
0
0
0
0
0
0
0
0
0
0
0
0
0
0
0
0
0
0
0
0
0
0
0
0
0
0
0
0
0
0
0
0
0
0
0
0
0
0
0
0
0
0
0
0
0
0
0
0
0
0
0
0
0
0
0
0
0
0
0
0
0
0
0
0
0
0
0
0
0
0
0
0
0
0
0
0
0
0
0
0
0
0
0
0
0
0
0
0
0
0
0
0
0
0
0
0
0
0
0
0
0
0
0
0
0
0
0
0
0
0
0
0
0
0
0
0
0
0
0
0
0
0
0
0
0
0
0
0
0
0
0
0
0
0
