3.59994e+07
582.395
1.95097
0.00781214
3.41158e-05
1.54911e-07
7.16074e-10
3.31679e-12
1.51655e-14
6.75407e-17
2.89883e-19
1.18993e-21
4.64844e-24
1.72312e-26
6.0525e-29
2.01361e-31
6.34063e-34
1.82072e-36
0
0
0
0
0
0
0
0
0
0
0
0
0
0
0
0
0
0
0
0
0
0
0
0
0
0
0
0
0
0
0
0
0
0
0
0
0
0
0
0
0
0
0
0
0
0
0
0
0
0
0
0
0
0
0
0
0
0
0
0
0
0
0
0
0
0
0
0
0
0
0
0
0
0
0
0
0
0
0
0
0
0
0
0
0
0
0
0
0
0
0
0
0
0
0
0
0
0
0
0
0
0
0
0
0
0
0
0
0
0
0
0
0
0
0
0
0
0
0
0
0
0
0
0
0
0
0
0
0
0
0
0
0
0
0
0
0
0
0
0
0
0
0
0
0
0
0
0
0
0
0
0
