3.59989e+07
1055.91
6.25138
0.0459763
0.000373865
3.22077e-06
2.88836e-08
2.66706e-10
2.50586e-12
2.35877e-14
2.18564e-16
1.96159e-18
1.68415e-20
1.37195e-22
1.05556e-24
7.65473e-27
5.23023e-29
3.36932e-31
2.04863e-33
1.1731e-35
6.24352e-38
0
0
0
0
0
0
0
0
0
0
0
0
0
0
0
0
0
0
0
0
0
0
0
0
0
0
0
0
0
0
0
0
0
0
0
0
0
0
0
0
0
0
0
0
0
0
0
0
0
0
0
0
0
0
0
0
0
0
0
0
0
0
0
0
0
0
0
0
0
0
0
0
0
0
0
0
0
0
0
0
0
0
0
0
0
0
0
0
0
0
0
0
0
0
0
0
0
0
0
0
0
0
0
0
0
0
0
0
0
0
0
0
0
0
0
0
0
0
0
0
0
0
0
0
0
0
0
0
0
0
0
0
0
0
0
0
0
0
0
0
0
0
0
0
0
0
0
0
0
