3.59991e+07
894.043
4.50047
0.0278649
0.00018966
1.35401e-06
9.90146e-09
7.28719e-11
5.31615e-13
3.79323e-15
2.61776e-17
1.73212e-19
1.09211e-21
6.53568e-24
3.70434e-26
1.98687e-28
1.00854e-30
4.8473e-33
2.19473e-35
8.19435e-38
0
0
0
0
0
0
0
0
0
0
0
0
0
0
0
0
0
0
0
0
0
0
0
0
0
0
0
0
0
0
0
0
0
0
0
0
0
0
0
0
0
0
0
0
0
0
0
0
0
0
0
0
0
0
0
0
0
0
0
0
0
0
0
0
0
0
0
0
0
0
0
0
0
0
0
0
0
0
0
0
0
0
0
0
0
0
0
0
0
0
0
0
0
0
0
0
0
0
0
0
0
0
0
0
0
0
0
0
0
0
0
0
0
0
0
0
0
0
0
0
0
0
0
0
0
0
0
0
0
0
0
0
0
0
0
0
0
0
0
0
0
0
0
0
0
0
0
0
0
0
