3.5999e+07
997.816
5.58213
0.0385272
0.0002911
2.28936e-06
1.82458e-08
1.4459e-10
1.12269e-12
8.44525e-15
6.10314e-17
4.21263e-19
2.767e-21
1.72597e-23
1.02154e-25
5.73692e-28
3.05861e-30
1.54925e-32
7.43908e-35
3.15431e-37
0
0
0
0
0
0
0
0
0
0
0
0
0
0
0
0
0
0
0
0
0
0
0
0
0
0
0
0
0
0
0
0
0
0
0
0
0
0
0
0
0
0
0
0
0
0
0
0
0
0
0
0
0
0
0
0
0
0
0
0
0
0
0
0
0
0
0
0
0
0
0
0
0
0
0
0
0
0
0
0
0
0
0
0
0
0
0
0
0
0
0
0
0
0
0
0
0
0
0
0
0
0
0
0
0
0
0
0
0
0
0
0
0
0
0
0
0
0
0
0
0
0
0
0
0
0
0
0
0
0
0
0
0
0
0
0
0
0
0
0
0
0
0
0
0
0
0
0
0
0
