3.59994e+07
652.35
2.42988
0.0109086
5.35076e-05
2.73797e-07
1.43365e-09
7.58328e-12
4.00327e-14
2.08353e-16
1.05657e-18
5.16673e-21
2.41663e-23
1.07488e-25
4.52989e-28
1.80538e-30
6.79924e-33
2.40486e-35
7.019e-38
0
0
0
0
0
0
0
0
0
0
0
0
0
0
0
0
0
0
0
0
0
0
0
0
0
0
0
0
0
0
0
0
0
0
0
0
0
0
0
0
0
0
0
0
0
0
0
0
0
0
0
0
0
0
0
0
0
0
0
0
0
0
0
0
0
0
0
0
0
0
0
0
0
0
0
0
0
0
0
0
0
0
0
0
0
0
0
0
0
0
0
0
0
0
0
0
0
0
0
0
0
0
0
0
0
0
0
0
0
0
0
0
0
0
0
0
0
0
0
0
0
0
0
0
0
0
0
0
0
0
0
0
0
0
0
0
0
0
0
0
0
0
0
0
0
0
0
0
0
0
0
