3.59989e+07
1044.03
6.10786
0.0444131
0.000358033
3.06443e-06
2.72082e-08
2.45379e-10
2.2014e-12
1.92831e-14
1.62532e-16
1.30503e-18
9.92104e-21
7.11801e-23
4.81397e-25
3.06926e-27
1.84641e-29
1.04945e-31
5.64099e-34
2.83315e-36
5.55457e-39
0
0
0
0
0
0
0
0
0
0
0
0
0
0
0
0
0
0
0
0
0
0
0
0
0
0
0
0
0
0
0
0
0
0
0
0
0
0
0
0
0
0
0
0
0
0
0
0
0
0
0
0
0
0
0
0
0
0
0
0
0
0
0
0
0
0
0
0
0
0
0
0
0
0
0
0
0
0
0
0
0
0
0
0
0
0
0
0
0
0
0
0
0
0
0
0
0
0
0
0
0
0
0
0
0
0
0
0
0
0
0
0
0
0
0
0
0
0
0
0
0
0
0
0
0
0
0
0
0
0
0
0
0
0
0
0
0
0
0
0
0
0
0
0
0
0
0
0
0
