3.59994e+07
592.313
2.0158
0.00820619
3.6365e-05
1.67036e-07
7.79372e-10
3.64997e-12
1.69903e-14
7.78969e-17
3.48734e-19
1.51247e-21
6.31204e-24
2.52129e-26
9.60222e-29
3.47799e-31
1.19571e-33
3.82203e-36
7.50058e-39
0
0
0
0
0
0
0
0
0
0
0
0
0
0
0
0
0
0
0
0
0
0
0
0
0
0
0
0
0
0
0
0
0
0
0
0
0
0
0
0
0
0
0
0
0
0
0
0
0
0
0
0
0
0
0
0
0
0
0
0
0
0
0
0
0
0
0
0
0
0
0
0
0
0
0
0
0
0
0
0
0
0
0
0
0
0
0
0
0
0
0
0
0
0
0
0
0
0
0
0
0
0
0
0
0
0
0
0
0
0
0
0
0
0
0
0
0
0
0
0
0
0
0
0
0
0
0
0
0
0
0
0
0
0
0
0
0
0
0
0
0
0
0
0
0
0
0
0
0
0
0
