3.59994e+07
647.382
2.39624
0.0107142
5.26414e-05
2.72937e-07
1.47827e-09
8.34266e-12
4.88341e-14
2.93166e-16
1.77336e-18
1.05958e-20
6.14469e-23
3.41384e-25
1.80196e-27
8.9949e-30
4.23728e-32
1.88157e-34
7.7821e-37
3.05767e-39
0
0
0
0
0
0
0
0
0
0
0
0
0
0
0
0
0
0
0
0
0
0
0
0
0
0
0
0
0
0
0
0
0
0
0
0
0
0
0
0
0
0
0
0
0
0
0
0
0
0
0
0
0
0
0
0
0
0
0
0
0
0
0
0
0
0
0
0
0
0
0
0
0
0
0
0
0
0
0
0
0
0
0
0
0
0
0
0
0
0
0
0
0
0
0
0
0
0
0
0
0
0
0
0
0
0
0
0
0
0
0
0
0
0
0
0
0
0
0
0
0
0
0
0
0
0
0
0
0
0
0
0
0
0
0
0
0
0
0
0
0
0
0
0
0
0
0
0
0
0
