3.59994e+07
627.708
2.25541
0.0097635
4.6455e-05
2.33726e-07
1.23292e-09
6.79063e-12
3.86331e-14
2.2282e-16
1.27498e-18
7.10221e-21
3.79922e-23
1.93506e-25
9.34006e-28
4.26328e-30
1.83911e-32
7.48804e-35
2.78877e-37
0
0
0
0
0
0
0
0
0
0
0
0
0
0
0
0
0
0
0
0
0
0
0
0
0
0
0
0
0
0
0
0
0
0
0
0
0
0
0
0
0
0
0
0
0
0
0
0
0
0
0
0
0
0
0
0
0
0
0
0
0
0
0
0
0
0
0
0
0
0
0
0
0
0
0
0
0
0
0
0
0
0
0
0
0
0
0
0
0
0
0
0
0
0
0
0
0
0
0
0
0
0
0
0
0
0
0
0
0
0
0
0
0
0
0
0
0
0
0
0
0
0
0
0
0
0
0
0
0
0
0
0
0
0
0
0
0
0
0
0
0
0
0
0
0
0
0
0
0
0
0
