3.59994e+07
570.289
1.87221
0.00732841
3.12126e-05
1.3758e-07
6.13323e-10
2.72149e-12
1.1862e-14
5.02508e-17
2.0529e-19
8.04448e-22
3.01304e-24
1.07628e-26
3.66176e-29
1.18575e-31
3.64801e-34
1.01084e-36
0
0
0
0
0
0
0
0
0
0
0
0
0
0
0
0
0
0
0
0
0
0
0
0
0
0
0
0
0
0
0
0
0
0
0
0
0
0
0
0
0
0
0
0
0
0
0
0
0
0
0
0
0
0
0
0
0
0
0
0
0
0
0
0
0
0
0
0
0
0
0
0
0
0
0
0
0
0
0
0
0
0
0
0
0
0
0
0
0
0
0
0
0
0
0
0
0
0
0
0
0
0
0
0
0
0
0
0
0
0
0
0
0
0
0
0
0
0
0
0
0
0
0
0
0
0
0
0
0
0
0
0
0
0
0
0
0
0
0
0
0
0
0
0
0
0
0
0
0
0
0
0
