3.59994e+07
608.505
2.12615
0.00892725
4.10572e-05
1.97769e-07
9.79941e-10
4.92726e-12
2.4766e-14
1.22491e-16
5.87678e-19
2.70448e-21
1.18455e-23
4.91433e-26
1.92634e-28
7.12809e-31
2.48947e-33
8.11177e-36
1.86602e-38
0
0
0
0
0
0
0
0
0
0
0
0
0
0
0
0
0
0
0
0
0
0
0
0
0
0
0
0
0
0
0
0
0
0
0
0
0
0
0
0
0
0
0
0
0
0
0
0
0
0
0
0
0
0
0
0
0
0
0
0
0
0
0
0
0
0
0
0
0
0
0
0
0
0
0
0
0
0
0
0
0
0
0
0
0
0
0
0
0
0
0
0
0
0
0
0
0
0
0
0
0
0
0
0
0
0
0
0
0
0
0
0
0
0
0
0
0
0
0
0
0
0
0
0
0
0
0
0
0
0
0
0
0
0
0
0
0
0
0
0
0
0
0
0
0
0
0
0
0
0
0
