3.59994e+07
568.828
1.86366
0.00728762
3.11232e-05
1.38958e-07
6.40384e-10
3.03e-12
1.46035e-14
7.07166e-17
3.38102e-19
1.56926e-21
6.97779e-24
2.94649e-26
1.17574e-28
4.42364e-31
1.56808e-33
5.18945e-36
1.27582e-38
0
0
0
0
0
0
0
0
0
0
0
0
0
0
0
0
0
0
0
0
0
0
0
0
0
0
0
0
0
0
0
0
0
0
0
0
0
0
0
0
0
0
0
0
0
0
0
0
0
0
0
0
0
0
0
0
0
0
0
0
0
0
0
0
0
0
0
0
0
0
0
0
0
0
0
0
0
0
0
0
0
0
0
0
0
0
0
0
0
0
0
0
0
0
0
0
0
0
0
0
0
0
0
0
0
0
0
0
0
0
0
0
0
0
0
0
0
0
0
0
0
0
0
0
0
0
0
0
0
0
0
0
0
0
0
0
0
0
0
0
0
0
0
0
0
0
0
0
0
0
0
