3.59994e+07
575.046
1.90331
0.00752923
3.26004e-05
1.47878e-07
6.9044e-10
3.2699e-12
1.54479e-14
7.15753e-17
3.2058e-19
1.37325e-21
5.58693e-24
2.15009e-26
7.81228e-29
2.6787e-31
8.66532e-34
2.58501e-36
0
0
0
0
0
0
0
0
0
0
0
0
0
0
0
0
0
0
0
0
0
0
0
0
0
0
0
0
0
0
0
0
0
0
0
0
0
0
0
0
0
0
0
0
0
0
0
0
0
0
0
0
0
0
0
0
0
0
0
0
0
0
0
0
0
0
0
0
0
0
0
0
0
0
0
0
0
0
0
0
0
0
0
0
0
0
0
0
0
0
0
0
0
0
0
0
0
0
0
0
0
0
0
0
0
0
0
0
0
0
0
0
0
0
0
0
0
0
0
0
0
0
0
0
0
0
0
0
0
0
0
0
0
0
0
0
0
0
0
0
0
0
0
0
0
0
0
0
0
0
0
0
