3.59991e+07
929.144
4.86342
0.0314582
0.000225286
1.71521e-06
1.36152e-08
1.1052e-10
8.97244e-13
7.12886e-15
5.44748e-17
3.95601e-19
2.71115e-21
1.74736e-23
1.05795e-25
6.01942e-28
3.22214e-30
1.62521e-32
7.72099e-35
3.28713e-37
0
0
0
0
0
0
0
0
0
0
0
0
0
0
0
0
0
0
0
0
0
0
0
0
0
0
0
0
0
0
0
0
0
0
0
0
0
0
0
0
0
0
0
0
0
0
0
0
0
0
0
0
0
0
0
0
0
0
0
0
0
0
0
0
0
0
0
0
0
0
0
0
0
0
0
0
0
0
0
0
0
0
0
0
0
0
0
0
0
0
0
0
0
0
0
0
0
0
0
0
0
0
0
0
0
0
0
0
0
0
0
0
0
0
0
0
0
0
0
0
0
0
0
0
0
0
0
0
0
0
0
0
0
0
0
0
0
0
0
0
0
0
0
0
0
0
0
0
0
0
