3.5999e+07
990.031
5.50539
0.038018
0.000290544
2.33727e-06
1.91969e-08
1.57043e-10
1.25443e-12
9.64245e-15
7.06371e-17
4.90303e-19
3.21496e-21
1.98914e-23
1.1613e-25
6.40228e-28
3.33678e-30
1.64619e-32
7.674e-35
3.0495e-37
0
0
0
0
0
0
0
0
0
0
0
0
0
0
0
0
0
0
0
0
0
0
0
0
0
0
0
0
0
0
0
0
0
0
0
0
0
0
0
0
0
0
0
0
0
0
0
0
0
0
0
0
0
0
0
0
0
0
0
0
0
0
0
0
0
0
0
0
0
0
0
0
0
0
0
0
0
0
0
0
0
0
0
0
0
0
0
0
0
0
0
0
0
0
0
0
0
0
0
0
0
0
0
0
0
0
0
0
0
0
0
0
0
0
0
0
0
0
0
0
0
0
0
0
0
0
0
0
0
0
0
0
0
0
0
0
0
0
0
0
0
0
0
0
0
0
0
0
0
0
