3.59994e+07
662.416
2.50371
0.0114424
5.76366e-05
3.08408e-07
1.73325e-09
1.01153e-11
6.02272e-14
3.58237e-16
2.08789e-18
1.17486e-20
6.31977e-23
3.23025e-25
1.56379e-27
7.15986e-30
3.09937e-32
1.26754e-34
4.679e-37
0
0
0
0
0
0
0
0
0
0
0
0
0
0
0
0
0
0
0
0
0
0
0
0
0
0
0
0
0
0
0
0
0
0
0
0
0
0
0
0
0
0
0
0
0
0
0
0
0
0
0
0
0
0
0
0
0
0
0
0
0
0
0
0
0
0
0
0
0
0
0
0
0
0
0
0
0
0
0
0
0
0
0
0
0
0
0
0
0
0
0
0
0
0
0
0
0
0
0
0
0
0
0
0
0
0
0
0
0
0
0
0
0
0
0
0
0
0
0
0
0
0
0
0
0
0
0
0
0
0
0
0
0
0
0
0
0
0
0
0
0
0
0
0
0
0
0
0
0
0
0
