3.59991e+07
937.176
4.94691
0.0322468
0.000231545
1.74859e-06
1.3568e-08
1.06215e-10
8.25081e-13
6.26781e-15
4.60211e-17
3.23823e-19
2.17116e-21
1.3823e-23
8.34139e-26
4.76753e-28
2.58094e-30
1.32401e-32
6.4262e-35
2.73185e-37
0
0
0
0
0
0
0
0
0
0
0
0
0
0
0
0
0
0
0
0
0
0
0
0
0
0
0
0
0
0
0
0
0
0
0
0
0
0
0
0
0
0
0
0
0
0
0
0
0
0
0
0
0
0
0
0
0
0
0
0
0
0
0
0
0
0
0
0
0
0
0
0
0
0
0
0
0
0
0
0
0
0
0
0
0
0
0
0
0
0
0
0
0
0
0
0
0
0
0
0
0
0
0
0
0
0
0
0
0
0
0
0
0
0
0
0
0
0
0
0
0
0
0
0
0
0
0
0
0
0
0
0
0
0
0
0
0
0
0
0
0
0
0
0
0
0
0
0
0
0
