3.59991e+07
933.034
4.89436
0.0316856
0.000226583
1.71299e-06
1.33762e-08
1.05687e-10
8.28394e-13
6.33231e-15
4.65995e-17
3.27296e-19
2.18283e-21
1.37877e-23
8.24056e-26
4.6608e-28
2.49637e-30
1.26742e-32
6.09268e-35
2.5725e-37
0
0
0
0
0
0
0
0
0
0
0
0
0
0
0
0
0
0
0
0
0
0
0
0
0
0
0
0
0
0
0
0
0
0
0
0
0
0
0
0
0
0
0
0
0
0
0
0
0
0
0
0
0
0
0
0
0
0
0
0
0
0
0
0
0
0
0
0
0
0
0
0
0
0
0
0
0
0
0
0
0
0
0
0
0
0
0
0
0
0
0
0
0
0
0
0
0
0
0
0
0
0
0
0
0
0
0
0
0
0
0
0
0
0
0
0
0
0
0
0
0
0
0
0
0
0
0
0
0
0
0
0
0
0
0
0
0
0
0
0
0
0
0
0
0
0
0
0
0
0
