3.59993e+07
729.06
3.01825
0.0151449
8.29939e-05
4.74954e-07
2.78978e-09
1.66345e-11
9.94971e-14
5.88657e-16
3.3955e-18
1.88609e-20
9.99791e-23
5.02868e-25
2.39259e-27
1.0756e-29
4.56874e-32
1.83202e-34
6.79189e-37
0
0
0
0
0
0
0
0
0
0
0
0
0
0
0
0
0
0
0
0
0
0
0
0
0
0
0
0
0
0
0
0
0
0
0
0
0
0
0
0
0
0
0
0
0
0
0
0
0
0
0
0
0
0
0
0
0
0
0
0
0
0
0
0
0
0
0
0
0
0
0
0
0
0
0
0
0
0
0
0
0
0
0
0
0
0
0
0
0
0
0
0
0
0
0
0
0
0
0
0
0
0
0
0
0
0
0
0
0
0
0
0
0
0
0
0
0
0
0
0
0
0
0
0
0
0
0
0
0
0
0
0
0
0
0
0
0
0
0
0
0
0
0
0
0
0
0
0
0
0
0
