3.59994e+07
634.829
2.30648
0.0101064
4.85426e-05
2.43638e-07
1.24813e-09
6.40629e-12
3.23931e-14
1.59074e-16
7.50472e-19
3.37609e-21
1.44154e-23
5.82732e-26
2.22791e-28
8.05547e-31
2.75531e-33
8.79839e-36
1.42856e-38
0
0
0
0
0
0
0
0
0
0
0
0
0
0
0
0
0
0
0
0
0
0
0
0
0
0
0
0
0
0
0
0
0
0
0
0
0
0
0
0
0
0
0
0
0
0
0
0
0
0
0
0
0
0
0
0
0
0
0
0
0
0
0
0
0
0
0
0
0
0
0
0
0
0
0
0
0
0
0
0
0
0
0
0
0
0
0
0
0
0
0
0
0
0
0
0
0
0
0
0
0
0
0
0
0
0
0
0
0
0
0
0
0
0
0
0
0
0
0
0
0
0
0
0
0
0
0
0
0
0
0
0
0
0
0
0
0
0
0
0
0
0
0
0
0
0
0
0
0
0
0
