3.59995e+07
562.342
1.82281
0.00704565
2.97646e-05
1.31962e-07
6.08894e-10
2.91607e-12
1.43612e-14
7.14491e-17
3.51534e-19
1.67843e-21
7.67202e-24
3.32943e-26
1.36583e-28
5.28757e-31
1.93096e-33
6.60514e-36
1.86143e-38
0
0
0
0
0
0
0
0
0
0
0
0
0
0
0
0
0
0
0
0
0
0
0
0
0
0
0
0
0
0
0
0
0
0
0
0
0
0
0
0
0
0
0
0
0
0
0
0
0
0
0
0
0
0
0
0
0
0
0
0
0
0
0
0
0
0
0
0
0
0
0
0
0
0
0
0
0
0
0
0
0
0
0
0
0
0
0
0
0
0
0
0
0
0
0
0
0
0
0
0
0
0
0
0
0
0
0
0
0
0
0
0
0
0
0
0
0
0
0
0
0
0
0
0
0
0
0
0
0
0
0
0
0
0
0
0
0
0
0
0
0
0
0
0
0
0
0
0
0
0
0
