3.59989e+07
1049.28
6.15623
0.0449835
0.000369548
3.37355e-06
3.53547e-08
4.35772e-10
6.09545e-12
8.96152e-14
1.29814e-15
1.78767e-17
2.30455e-19
2.76715e-21
3.09377e-23
3.22613e-25
3.14548e-27
2.87516e-29
2.47039e-31
2.00028e-33
1.52937e-35
1.09902e-37
0
0
0
0
0
0
0
0
0
0
0
0
0
0
0
0
0
0
0
0
0
0
0
0
0
0
0
0
0
0
0
0
0
0
0
0
0
0
0
0
0
0
0
0
0
0
0
0
0
0
0
0
0
0
0
0
0
0
0
0
0
0
0
0
0
0
0
0
0
0
0
0
0
0
0
0
0
0
0
0
0
0
0
0
0
0
0
0
0
0
0
0
0
0
0
0
0
0
0
0
0
0
0
0
0
0
0
0
0
0
0
0
0
0
0
0
0
0
0
0
0
0
0
0
0
0
0
0
0
0
0
0
0
0
0
0
0
0
0
0
0
0
0
0
0
0
0
0
