3.5999e+07
942.51
4.99679
0.032748
0.000237203
1.81562e-06
1.43628e-08
1.15541e-10
9.32221e-13
7.44987e-15
5.82945e-17
4.42154e-19
3.2244e-21
2.24726e-23
1.49098e-25
9.39541e-28
5.61753e-30
3.18621e-32
1.71324e-34
8.60124e-37
3.55174e-39
0
0
0
0
0
0
0
0
0
0
0
0
0
0
0
0
0
0
0
0
0
0
0
0
0
0
0
0
0
0
0
0
0
0
0
0
0
0
0
0
0
0
0
0
0
0
0
0
0
0
0
0
0
0
0
0
0
0
0
0
0
0
0
0
0
0
0
0
0
0
0
0
0
0
0
0
0
0
0
0
0
0
0
0
0
0
0
0
0
0
0
0
0
0
0
0
0
0
0
0
0
0
0
0
0
0
0
0
0
0
0
0
0
0
0
0
0
0
0
0
0
0
0
0
0
0
0
0
0
0
0
0
0
0
0
0
0
0
0
0
0
0
0
0
0
0
0
0
0
