3.59994e+07
615.832
2.17419
0.00921959
4.27239e-05
2.06852e-07
1.03099e-09
5.25793e-12
2.72747e-14
1.42533e-16
7.40326e-19
3.76614e-21
1.85222e-23
8.72137e-26
3.90687e-28
1.65914e-30
6.66808e-33
2.52455e-35
8.65006e-38
0
0
0
0
0
0
0
0
0
0
0
0
0
0
0
0
0
0
0
0
0
0
0
0
0
0
0
0
0
0
0
0
0
0
0
0
0
0
0
0
0
0
0
0
0
0
0
0
0
0
0
0
0
0
0
0
0
0
0
0
0
0
0
0
0
0
0
0
0
0
0
0
0
0
0
0
0
0
0
0
0
0
0
0
0
0
0
0
0
0
0
0
0
0
0
0
0
0
0
0
0
0
0
0
0
0
0
0
0
0
0
0
0
0
0
0
0
0
0
0
0
0
0
0
0
0
0
0
0
0
0
0
0
0
0
0
0
0
0
0
0
0
0
0
0
0
0
0
0
0
0
