3.59994e+07
603.537
2.08984
0.00868465
3.94942e-05
1.87733e-07
9.15264e-10
4.51514e-12
2.22346e-14
1.07849e-16
5.09137e-19
2.31671e-21
1.00871e-23
4.18143e-26
1.645e-28
6.131e-31
2.16262e-33
7.11893e-36
1.95432e-38
0
0
0
0
0
0
0
0
0
0
0
0
0
0
0
0
0
0
0
0
0
0
0
0
0
0
0
0
0
0
0
0
0
0
0
0
0
0
0
0
0
0
0
0
0
0
0
0
0
0
0
0
0
0
0
0
0
0
0
0
0
0
0
0
0
0
0
0
0
0
0
0
0
0
0
0
0
0
0
0
0
0
0
0
0
0
0
0
0
0
0
0
0
0
0
0
0
0
0
0
0
0
0
0
0
0
0
0
0
0
0
0
0
0
0
0
0
0
0
0
0
0
0
0
0
0
0
0
0
0
0
0
0
0
0
0
0
0
0
0
0
0
0
0
0
0
0
0
0
0
0
