3.59993e+07
672.817
2.58355
0.0120046
6.10711e-05
3.24223e-07
1.75539e-09
9.52296e-12
5.09396e-14
2.64904e-16
1.32422e-18
6.31118e-21
2.85253e-23
1.21897e-25
4.91828e-28
1.87329e-30
6.73819e-33
2.27205e-35
5.84008e-38
0
0
0
0
0
0
0
0
0
0
0
0
0
0
0
0
0
0
0
0
0
0
0
0
0
0
0
0
0
0
0
0
0
0
0
0
0
0
0
0
0
0
0
0
0
0
0
0
0
0
0
0
0
0
0
0
0
0
0
0
0
0
0
0
0
0
0
0
0
0
0
0
0
0
0
0
0
0
0
0
0
0
0
0
0
0
0
0
0
0
0
0
0
0
0
0
0
0
0
0
0
0
0
0
0
0
0
0
0
0
0
0
0
0
0
0
0
0
0
0
0
0
0
0
0
0
0
0
0
0
0
0
0
0
0
0
0
0
0
0
0
0
0
0
0
0
0
0
0
0
0
