3.59991e+07
903.002
4.59672
0.0287803
0.000197091
1.40052e-06
1.00363e-08
7.108e-11
4.8998e-13
3.25016e-15
2.05765e-17
1.23649e-19
7.02922e-22
3.77371e-24
1.91223e-26
9.14851e-29
4.13571e-31
1.76781e-33
7.01352e-36
1.01485e-38
0
0
0
0
0
0
0
0
0
0
0
0
0
0
0
0
0
0
0
0
0
0
0
0
0
0
0
0
0
0
0
0
0
0
0
0
0
0
0
0
0
0
0
0
0
0
0
0
0
0
0
0
0
0
0
0
0
0
0
0
0
0
0
0
0
0
0
0
0
0
0
0
0
0
0
0
0
0
0
0
0
0
0
0
0
0
0
0
0
0
0
0
0
0
0
0
0
0
0
0
0
0
0
0
0
0
0
0
0
0
0
0
0
0
0
0
0
0
0
0
0
0
0
0
0
0
0
0
0
0
0
0
0
0
0
0
0
0
0
0
0
0
0
0
0
0
0
0
0
0
