3.59994e+07
631.444
2.28445
0.00997498
4.78325e-05
2.40693e-07
1.24666e-09
6.55049e-12
3.43859e-14
1.77498e-16
8.88186e-19
4.26026e-21
1.94367e-23
8.3948e-26
3.42427e-28
1.31816e-30
4.78908e-33
1.62997e-35
4.25166e-38
0
0
0
0
0
0
0
0
0
0
0
0
0
0
0
0
0
0
0
0
0
0
0
0
0
0
0
0
0
0
0
0
0
0
0
0
0
0
0
0
0
0
0
0
0
0
0
0
0
0
0
0
0
0
0
0
0
0
0
0
0
0
0
0
0
0
0
0
0
0
0
0
0
0
0
0
0
0
0
0
0
0
0
0
0
0
0
0
0
0
0
0
0
0
0
0
0
0
0
0
0
0
0
0
0
0
0
0
0
0
0
0
0
0
0
0
0
0
0
0
0
0
0
0
0
0
0
0
0
0
0
0
0
0
0
0
0
0
0
0
0
0
0
0
0
0
0
0
0
0
0
