3.59994e+07
618.009
2.18718
0.00929197
4.31724e-05
2.10262e-07
1.05861e-09
5.45534e-12
2.83731e-14
1.46303e-16
7.34869e-19
3.54488e-21
1.62631e-23
7.05541e-26
2.88627e-28
1.11247e-30
4.04054e-33
1.37311e-35
3.67415e-38
0
0
0
0
0
0
0
0
0
0
0
0
0
0
0
0
0
0
0
0
0
0
0
0
0
0
0
0
0
0
0
0
0
0
0
0
0
0
0
0
0
0
0
0
0
0
0
0
0
0
0
0
0
0
0
0
0
0
0
0
0
0
0
0
0
0
0
0
0
0
0
0
0
0
0
0
0
0
0
0
0
0
0
0
0
0
0
0
0
0
0
0
0
0
0
0
0
0
0
0
0
0
0
0
0
0
0
0
0
0
0
0
0
0
0
0
0
0
0
0
0
0
0
0
0
0
0
0
0
0
0
0
0
0
0
0
0
0
0
0
0
0
0
0
0
0
0
0
0
0
0
