3.59991e+07
909.08
4.65854
0.0295112
0.00020711
1.53862e-06
1.17918e-08
9.12246e-11
6.99168e-13
5.23087e-15
3.78e-17
2.62005e-19
1.73456e-21
1.09425e-23
6.57046e-26
3.75365e-28
2.04038e-30
1.05549e-32
5.18414e-35
2.26967e-37
0
0
0
0
0
0
0
0
0
0
0
0
0
0
0
0
0
0
0
0
0
0
0
0
0
0
0
0
0
0
0
0
0
0
0
0
0
0
0
0
0
0
0
0
0
0
0
0
0
0
0
0
0
0
0
0
0
0
0
0
0
0
0
0
0
0
0
0
0
0
0
0
0
0
0
0
0
0
0
0
0
0
0
0
0
0
0
0
0
0
0
0
0
0
0
0
0
0
0
0
0
0
0
0
0
0
0
0
0
0
0
0
0
0
0
0
0
0
0
0
0
0
0
0
0
0
0
0
0
0
0
0
0
0
0
0
0
0
0
0
0
0
0
0
0
0
0
0
0
0
