3.5999e+07
981.238
5.39112
0.0364737
0.000270315
2.08923e-06
1.63812e-08
1.27554e-10
9.69886e-13
7.11242e-15
4.98759e-17
3.32659e-19
2.1037e-21
1.25939e-23
7.13355e-26
3.8238e-28
1.9409e-30
9.33623e-33
4.2367e-35
1.5993e-37
0
0
0
0
0
0
0
0
0
0
0
0
0
0
0
0
0
0
0
0
0
0
0
0
0
0
0
0
0
0
0
0
0
0
0
0
0
0
0
0
0
0
0
0
0
0
0
0
0
0
0
0
0
0
0
0
0
0
0
0
0
0
0
0
0
0
0
0
0
0
0
0
0
0
0
0
0
0
0
0
0
0
0
0
0
0
0
0
0
0
0
0
0
0
0
0
0
0
0
0
0
0
0
0
0
0
0
0
0
0
0
0
0
0
0
0
0
0
0
0
0
0
0
0
0
0
0
0
0
0
0
0
0
0
0
0
0
0
0
0
0
0
0
0
0
0
0
0
0
0
