3.59989e+07
1057.84
6.26341
0.0458652
0.000368922
3.12037e-06
2.7226e-08
2.4156e-10
2.1464e-12
1.87937e-14
1.59747e-16
1.30264e-18
1.01072e-20
7.42516e-23
5.15196e-25
3.37351e-27
2.08522e-29
1.21778e-31
6.72491e-34
3.49294e-36
1.40239e-38
0
0
0
0
0
0
0
0
0
0
0
0
0
0
0
0
0
0
0
0
0
0
0
0
0
0
0
0
0
0
0
0
0
0
0
0
0
0
0
0
0
0
0
0
0
0
0
0
0
0
0
0
0
0
0
0
0
0
0
0
0
0
0
0
0
0
0
0
0
0
0
0
0
0
0
0
0
0
0
0
0
0
0
0
0
0
0
0
0
0
0
0
0
0
0
0
0
0
0
0
0
0
0
0
0
0
0
0
0
0
0
0
0
0
0
0
0
0
0
0
0
0
0
0
0
0
0
0
0
0
0
0
0
0
0
0
0
0
0
0
0
0
0
0
0
0
0
0
0
