3.59993e+07
714.404
2.90771
0.0144307
7.91775e-05
4.61359e-07
2.80465e-09
1.74625e-11
1.08896e-13
6.65288e-16
3.91208e-18
2.1878e-20
1.15556e-22
5.74531e-25
2.68629e-27
1.18172e-29
4.89705e-32
1.912e-34
6.87467e-37
0
0
0
0
0
0
0
0
0
0
0
0
0
0
0
0
0
0
0
0
0
0
0
0
0
0
0
0
0
0
0
0
0
0
0
0
0
0
0
0
0
0
0
0
0
0
0
0
0
0
0
0
0
0
0
0
0
0
0
0
0
0
0
0
0
0
0
0
0
0
0
0
0
0
0
0
0
0
0
0
0
0
0
0
0
0
0
0
0
0
0
0
0
0
0
0
0
0
0
0
0
0
0
0
0
0
0
0
0
0
0
0
0
0
0
0
0
0
0
0
0
0
0
0
0
0
0
0
0
0
0
0
0
0
0
0
0
0
0
0
0
0
0
0
0
0
0
0
0
0
0
