3.59994e+07
656.452
2.45768
0.0111027
5.51642e-05
2.9125e-07
1.62776e-09
9.61576e-12
5.93034e-14
3.72883e-16
2.32703e-18
1.40966e-20
8.16604e-23
4.48487e-25
2.32538e-27
1.13658e-29
5.23701e-32
2.27541e-34
9.20702e-37
3.05767e-39
0
0
0
0
0
0
0
0
0
0
0
0
0
0
0
0
0
0
0
0
0
0
0
0
0
0
0
0
0
0
0
0
0
0
0
0
0
0
0
0
0
0
0
0
0
0
0
0
0
0
0
0
0
0
0
0
0
0
0
0
0
0
0
0
0
0
0
0
0
0
0
0
0
0
0
0
0
0
0
0
0
0
0
0
0
0
0
0
0
0
0
0
0
0
0
0
0
0
0
0
0
0
0
0
0
0
0
0
0
0
0
0
0
0
0
0
0
0
0
0
0
0
0
0
0
0
0
0
0
0
0
0
0
0
0
0
0
0
0
0
0
0
0
0
0
0
0
0
0
0
