3.59993e+07
719.419
2.94464
0.0146172
7.92164e-05
4.46548e-07
2.56181e-09
1.47569e-11
8.45491e-14
4.78451e-16
2.65849e-18
1.44226e-20
7.59524e-23
3.86052e-25
1.88417e-27
8.79334e-30
3.91199e-32
1.65306e-34
6.35521e-37
0
0
0
0
0
0
0
0
0
0
0
0
0
0
0
0
0
0
0
0
0
0
0
0
0
0
0
0
0
0
0
0
0
0
0
0
0
0
0
0
0
0
0
0
0
0
0
0
0
0
0
0
0
0
0
0
0
0
0
0
0
0
0
0
0
0
0
0
0
0
0
0
0
0
0
0
0
0
0
0
0
0
0
0
0
0
0
0
0
0
0
0
0
0
0
0
0
0
0
0
0
0
0
0
0
0
0
0
0
0
0
0
0
0
0
0
0
0
0
0
0
0
0
0
0
0
0
0
0
0
0
0
0
0
0
0
0
0
0
0
0
0
0
0
0
0
0
0
0
0
0
