3.5999e+07
972.155
5.30925
0.0357525
0.000263299
2.01271e-06
1.5519e-08
1.18257e-10
8.77246e-13
6.26788e-15
4.28315e-17
2.78729e-19
1.72337e-21
1.01143e-23
5.63407e-26
2.98024e-28
1.49816e-30
7.16295e-33
3.23924e-35
1.09117e-37
0
0
0
0
0
0
0
0
0
0
0
0
0
0
0
0
0
0
0
0
0
0
0
0
0
0
0
0
0
0
0
0
0
0
0
0
0
0
0
0
0
0
0
0
0
0
0
0
0
0
0
0
0
0
0
0
0
0
0
0
0
0
0
0
0
0
0
0
0
0
0
0
0
0
0
0
0
0
0
0
0
0
0
0
0
0
0
0
0
0
0
0
0
0
0
0
0
0
0
0
0
0
0
0
0
0
0
0
0
0
0
0
0
0
0
0
0
0
0
0
0
0
0
0
0
0
0
0
0
0
0
0
0
0
0
0
0
0
0
0
0
0
0
0
0
0
0
0
0
0
