3.5999e+07
1005.2
5.66552
0.0396893
0.000310454
2.61577e-06
2.33185e-08
2.15353e-10
2.00809e-12
1.84428e-14
1.63674e-16
1.38644e-18
1.11349e-20
8.45429e-23
6.06452e-25
4.11253e-27
2.6396e-29
1.60584e-31
9.27083e-34
5.06189e-36
2.00566e-38
0
0
0
0
0
0
0
0
0
0
0
0
0
0
0
0
0
0
0
0
0
0
0
0
0
0
0
0
0
0
0
0
0
0
0
0
0
0
0
0
0
0
0
0
0
0
0
0
0
0
0
0
0
0
0
0
0
0
0
0
0
0
0
0
0
0
0
0
0
0
0
0
0
0
0
0
0
0
0
0
0
0
0
0
0
0
0
0
0
0
0
0
0
0
0
0
0
0
0
0
0
0
0
0
0
0
0
0
0
0
0
0
0
0
0
0
0
0
0
0
0
0
0
0
0
0
0
0
0
0
0
0
0
0
0
0
0
0
0
0
0
0
0
0
0
0
0
0
0
