3.59994e+07
629.114
2.26545
0.00982972
4.682e-05
2.34271e-07
1.20844e-09
6.32674e-12
3.30524e-14
1.69452e-16
8.40676e-19
3.99508e-21
1.80679e-23
7.74814e-26
3.14569e-28
1.20882e-30
4.39842e-33
1.50447e-35
3.27231e-38
0
0
0
0
0
0
0
0
0
0
0
0
0
0
0
0
0
0
0
0
0
0
0
0
0
0
0
0
0
0
0
0
0
0
0
0
0
0
0
0
0
0
0
0
0
0
0
0
0
0
0
0
0
0
0
0
0
0
0
0
0
0
0
0
0
0
0
0
0
0
0
0
0
0
0
0
0
0
0
0
0
0
0
0
0
0
0
0
0
0
0
0
0
0
0
0
0
0
0
0
0
0
0
0
0
0
0
0
0
0
0
0
0
0
0
0
0
0
0
0
0
0
0
0
0
0
0
0
0
0
0
0
0
0
0
0
0
0
0
0
0
0
0
0
0
0
0
0
0
0
0
