3.59991e+07
908.489
4.65512
0.0294812
0.000206729
1.53804e-06
1.18962e-08
9.39657e-11
7.4346e-13
5.78153e-15
4.34996e-17
3.13116e-19
2.14128e-21
1.38604e-23
8.47932e-26
4.90221e-28
2.68028e-30
1.38744e-32
6.7953e-35
3.00733e-37
0
0
0
0
0
0
0
0
0
0
0
0
0
0
0
0
0
0
0
0
0
0
0
0
0
0
0
0
0
0
0
0
0
0
0
0
0
0
0
0
0
0
0
0
0
0
0
0
0
0
0
0
0
0
0
0
0
0
0
0
0
0
0
0
0
0
0
0
0
0
0
0
0
0
0
0
0
0
0
0
0
0
0
0
0
0
0
0
0
0
0
0
0
0
0
0
0
0
0
0
0
0
0
0
0
0
0
0
0
0
0
0
0
0
0
0
0
0
0
0
0
0
0
0
0
0
0
0
0
0
0
0
0
0
0
0
0
0
0
0
0
0
0
0
0
0
0
0
0
0
