3.59993e+07
687.232
2.68868
0.0127286
6.61299e-05
3.61953e-07
2.06024e-09
1.2112e-11
7.28925e-14
4.42974e-16
2.67245e-18
1.57399e-20
8.92825e-23
4.8317e-25
2.48038e-27
1.20433e-29
5.52469e-32
2.39253e-34
9.65763e-37
3.05767e-39
0
0
0
0
0
0
0
0
0
0
0
0
0
0
0
0
0
0
0
0
0
0
0
0
0
0
0
0
0
0
0
0
0
0
0
0
0
0
0
0
0
0
0
0
0
0
0
0
0
0
0
0
0
0
0
0
0
0
0
0
0
0
0
0
0
0
0
0
0
0
0
0
0
0
0
0
0
0
0
0
0
0
0
0
0
0
0
0
0
0
0
0
0
0
0
0
0
0
0
0
0
0
0
0
0
0
0
0
0
0
0
0
0
0
0
0
0
0
0
0
0
0
0
0
0
0
0
0
0
0
0
0
0
0
0
0
0
0
0
0
0
0
0
0
0
0
0
0
0
0
