3.59993e+07
700.633
2.7883
0.013421
7.06613e-05
3.88955e-07
2.19215e-09
1.24414e-11
6.99648e-14
3.84129e-16
2.0343e-18
1.03005e-20
4.95761e-23
2.26032e-25
9.74597e-28
3.97221e-30
1.53067e-32
5.55648e-35
1.66832e-37
0
0
0
0
0
0
0
0
0
0
0
0
0
0
0
0
0
0
0
0
0
0
0
0
0
0
0
0
0
0
0
0
0
0
0
0
0
0
0
0
0
0
0
0
0
0
0
0
0
0
0
0
0
0
0
0
0
0
0
0
0
0
0
0
0
0
0
0
0
0
0
0
0
0
0
0
0
0
0
0
0
0
0
0
0
0
0
0
0
0
0
0
0
0
0
0
0
0
0
0
0
0
0
0
0
0
0
0
0
0
0
0
0
0
0
0
0
0
0
0
0
0
0
0
0
0
0
0
0
0
0
0
0
0
0
0
0
0
0
0
0
0
0
0
0
0
0
0
0
0
0
