3.59994e+07
643.523
2.36672
0.0104862
5.08107e-05
2.57163e-07
1.33224e-09
6.95093e-12
3.59238e-14
1.81044e-16
8.78278e-19
4.06303e-21
1.78156e-23
7.37878e-26
2.88218e-28
1.06143e-30
3.6864e-33
1.19498e-35
2.69326e-38
0
0
0
0
0
0
0
0
0
0
0
0
0
0
0
0
0
0
0
0
0
0
0
0
0
0
0
0
0
0
0
0
0
0
0
0
0
0
0
0
0
0
0
0
0
0
0
0
0
0
0
0
0
0
0
0
0
0
0
0
0
0
0
0
0
0
0
0
0
0
0
0
0
0
0
0
0
0
0
0
0
0
0
0
0
0
0
0
0
0
0
0
0
0
0
0
0
0
0
0
0
0
0
0
0
0
0
0
0
0
0
0
0
0
0
0
0
0
0
0
0
0
0
0
0
0
0
0
0
0
0
0
0
0
0
0
0
0
0
0
0
0
0
0
0
0
0
0
0
0
0
