3.59994e+07
647.865
2.39838
0.0107329
5.29042e-05
2.76215e-07
1.50824e-09
8.50676e-12
4.86108e-14
2.75069e-16
1.50994e-18
7.9207e-21
3.9336e-23
1.84024e-25
8.09325e-28
3.34528e-30
1.30052e-32
4.74838e-35
1.54362e-37
0
0
0
0
0
0
0
0
0
0
0
0
0
0
0
0
0
0
0
0
0
0
0
0
0
0
0
0
0
0
0
0
0
0
0
0
0
0
0
0
0
0
0
0
0
0
0
0
0
0
0
0
0
0
0
0
0
0
0
0
0
0
0
0
0
0
0
0
0
0
0
0
0
0
0
0
0
0
0
0
0
0
0
0
0
0
0
0
0
0
0
0
0
0
0
0
0
0
0
0
0
0
0
0
0
0
0
0
0
0
0
0
0
0
0
0
0
0
0
0
0
0
0
0
0
0
0
0
0
0
0
0
0
0
0
0
0
0
0
0
0
0
0
0
0
0
0
0
0
0
0
