3.59994e+07
619.649
2.19895
0.00937418
4.37218e-05
2.13656e-07
1.07728e-09
5.54401e-12
2.87283e-14
1.47509e-16
7.38869e-19
3.56481e-21
1.64183e-23
7.17846e-26
2.97081e-28
1.16246e-30
4.30007e-33
1.49406e-35
4.16398e-38
0
0
0
0
0
0
0
0
0
0
0
0
0
0
0
0
0
0
0
0
0
0
0
0
0
0
0
0
0
0
0
0
0
0
0
0
0
0
0
0
0
0
0
0
0
0
0
0
0
0
0
0
0
0
0
0
0
0
0
0
0
0
0
0
0
0
0
0
0
0
0
0
0
0
0
0
0
0
0
0
0
0
0
0
0
0
0
0
0
0
0
0
0
0
0
0
0
0
0
0
0
0
0
0
0
0
0
0
0
0
0
0
0
0
0
0
0
0
0
0
0
0
0
0
0
0
0
0
0
0
0
0
0
0
0
0
0
0
0
0
0
0
0
0
0
0
0
0
0
0
0
