3.59993e+07
678.496
2.62559
0.0123069
6.34277e-05
3.44591e-07
1.93844e-09
1.1119e-11
6.3938e-14
3.62319e-16
1.99334e-18
1.05264e-20
5.29453e-23
2.52457e-25
1.13847e-27
4.85159e-30
1.95408e-32
7.42656e-35
2.5418e-37
0
0
0
0
0
0
0
0
0
0
0
0
0
0
0
0
0
0
0
0
0
0
0
0
0
0
0
0
0
0
0
0
0
0
0
0
0
0
0
0
0
0
0
0
0
0
0
0
0
0
0
0
0
0
0
0
0
0
0
0
0
0
0
0
0
0
0
0
0
0
0
0
0
0
0
0
0
0
0
0
0
0
0
0
0
0
0
0
0
0
0
0
0
0
0
0
0
0
0
0
0
0
0
0
0
0
0
0
0
0
0
0
0
0
0
0
0
0
0
0
0
0
0
0
0
0
0
0
0
0
0
0
0
0
0
0
0
0
0
0
0
0
0
0
0
0
0
0
0
0
0
