3.59994e+07
611.797
2.14654
0.00903668
4.1488e-05
1.97731e-07
9.56815e-10
4.63238e-12
2.21686e-14
1.03775e-16
4.70996e-19
2.05759e-21
8.60352e-24
3.42915e-26
1.29932e-28
4.67286e-31
1.59324e-33
5.04452e-36
1.11596e-38
0
0
0
0
0
0
0
0
0
0
0
0
0
0
0
0
0
0
0
0
0
0
0
0
0
0
0
0
0
0
0
0
0
0
0
0
0
0
0
0
0
0
0
0
0
0
0
0
0
0
0
0
0
0
0
0
0
0
0
0
0
0
0
0
0
0
0
0
0
0
0
0
0
0
0
0
0
0
0
0
0
0
0
0
0
0
0
0
0
0
0
0
0
0
0
0
0
0
0
0
0
0
0
0
0
0
0
0
0
0
0
0
0
0
0
0
0
0
0
0
0
0
0
0
0
0
0
0
0
0
0
0
0
0
0
0
0
0
0
0
0
0
0
0
0
0
0
0
0
0
0
