3.59989e+07
1027.4
5.91431
0.0421787
0.000332503
2.7849e-06
2.4383e-08
2.19918e-10
2.00497e-12
1.80886e-14
1.58445e-16
1.32864e-18
1.05713e-20
7.94256e-23
5.62407e-25
3.75233e-27
2.3608e-29
1.4025e-31
7.87703e-34
4.16274e-36
1.51127e-38
0
0
0
0
0
0
0
0
0
0
0
0
0
0
0
0
0
0
0
0
0
0
0
0
0
0
0
0
0
0
0
0
0
0
0
0
0
0
0
0
0
0
0
0
0
0
0
0
0
0
0
0
0
0
0
0
0
0
0
0
0
0
0
0
0
0
0
0
0
0
0
0
0
0
0
0
0
0
0
0
0
0
0
0
0
0
0
0
0
0
0
0
0
0
0
0
0
0
0
0
0
0
0
0
0
0
0
0
0
0
0
0
0
0
0
0
0
0
0
0
0
0
0
0
0
0
0
0
0
0
0
0
0
0
0
0
0
0
0
0
0
0
0
0
0
0
0
0
0
