3.59994e+07
654.678
2.44749
0.01106
5.49344e-05
2.88024e-07
1.58023e-09
9.08012e-12
5.45262e-14
3.37797e-16
2.11107e-18
1.29904e-20
7.71858e-23
4.37164e-25
2.34318e-27
1.18458e-29
5.64275e-32
2.53222e-34
1.06602e-36
4.06424e-39
0
0
0
0
0
0
0
0
0
0
0
0
0
0
0
0
0
0
0
0
0
0
0
0
0
0
0
0
0
0
0
0
0
0
0
0
0
0
0
0
0
0
0
0
0
0
0
0
0
0
0
0
0
0
0
0
0
0
0
0
0
0
0
0
0
0
0
0
0
0
0
0
0
0
0
0
0
0
0
0
0
0
0
0
0
0
0
0
0
0
0
0
0
0
0
0
0
0
0
0
0
0
0
0
0
0
0
0
0
0
0
0
0
0
0
0
0
0
0
0
0
0
0
0
0
0
0
0
0
0
0
0
0
0
0
0
0
0
0
0
0
0
0
0
0
0
0
0
0
0
