3.59993e+07
738.898
3.10207
0.0158433
8.85655e-05
5.16536e-07
3.07483e-09
1.84163e-11
1.09719e-13
6.43763e-16
3.68647e-18
2.04383e-20
1.08964e-22
5.55644e-25
2.69964e-27
1.24655e-29
5.46216e-32
2.26677e-34
8.63778e-37
0
0
0
0
0
0
0
0
0
0
0
0
0
0
0
0
0
0
0
0
0
0
0
0
0
0
0
0
0
0
0
0
0
0
0
0
0
0
0
0
0
0
0
0
0
0
0
0
0
0
0
0
0
0
0
0
0
0
0
0
0
0
0
0
0
0
0
0
0
0
0
0
0
0
0
0
0
0
0
0
0
0
0
0
0
0
0
0
0
0
0
0
0
0
0
0
0
0
0
0
0
0
0
0
0
0
0
0
0
0
0
0
0
0
0
0
0
0
0
0
0
0
0
0
0
0
0
0
0
0
0
0
0
0
0
0
0
0
0
0
0
0
0
0
0
0
0
0
0
0
0
