3.59989e+07
1035.84
6.02099
0.0434572
0.000346814
2.93152e-06
2.57464e-08
2.31637e-10
2.10443e-12
1.90162e-14
1.68446e-16
1.44475e-18
1.18875e-20
9.32423e-23
6.94553e-25
4.90357e-27
3.27893e-29
2.07695e-31
1.24676e-33
7.0547e-36
3.46727e-38
0
0
0
0
0
0
0
0
0
0
0
0
0
0
0
0
0
0
0
0
0
0
0
0
0
0
0
0
0
0
0
0
0
0
0
0
0
0
0
0
0
0
0
0
0
0
0
0
0
0
0
0
0
0
0
0
0
0
0
0
0
0
0
0
0
0
0
0
0
0
0
0
0
0
0
0
0
0
0
0
0
0
0
0
0
0
0
0
0
0
0
0
0
0
0
0
0
0
0
0
0
0
0
0
0
0
0
0
0
0
0
0
0
0
0
0
0
0
0
0
0
0
0
0
0
0
0
0
0
0
0
0
0
0
0
0
0
0
0
0
0
0
0
0
0
0
0
0
0
