3.59993e+07
705.716
2.83494
0.0137924
7.32677e-05
4.05445e-07
2.29153e-09
1.30691e-11
7.44499e-14
4.1936e-16
2.31225e-18
1.23653e-20
6.36537e-23
3.13667e-25
1.47409e-27
6.59212e-30
2.80191e-32
1.12886e-34
4.14489e-37
0
0
0
0
0
0
0
0
0
0
0
0
0
0
0
0
0
0
0
0
0
0
0
0
0
0
0
0
0
0
0
0
0
0
0
0
0
0
0
0
0
0
0
0
0
0
0
0
0
0
0
0
0
0
0
0
0
0
0
0
0
0
0
0
0
0
0
0
0
0
0
0
0
0
0
0
0
0
0
0
0
0
0
0
0
0
0
0
0
0
0
0
0
0
0
0
0
0
0
0
0
0
0
0
0
0
0
0
0
0
0
0
0
0
0
0
0
0
0
0
0
0
0
0
0
0
0
0
0
0
0
0
0
0
0
0
0
0
0
0
0
0
0
0
0
0
0
0
0
0
0
