3.59991e+07
929.165
4.85538
0.0312908
0.000222102
1.65958e-06
1.27888e-08
1.00184e-10
7.86921e-13
6.11017e-15
4.62702e-17
3.37878e-19
2.35939e-21
1.56682e-23
9.8636e-26
5.87756e-28
3.314e-30
1.76869e-32
8.92616e-35
4.12603e-37
0
0
0
0
0
0
0
0
0
0
0
0
0
0
0
0
0
0
0
0
0
0
0
0
0
0
0
0
0
0
0
0
0
0
0
0
0
0
0
0
0
0
0
0
0
0
0
0
0
0
0
0
0
0
0
0
0
0
0
0
0
0
0
0
0
0
0
0
0
0
0
0
0
0
0
0
0
0
0
0
0
0
0
0
0
0
0
0
0
0
0
0
0
0
0
0
0
0
0
0
0
0
0
0
0
0
0
0
0
0
0
0
0
0
0
0
0
0
0
0
0
0
0
0
0
0
0
0
0
0
0
0
0
0
0
0
0
0
0
0
0
0
0
0
0
0
0
0
0
0
