3.59989e+07
1051.75
6.19644
0.0453157
0.000366389
3.15117e-06
2.8692e-08
2.79525e-10
2.93569e-12
3.27768e-14
3.75846e-16
4.2627e-18
4.65058e-20
4.80256e-22
4.65889e-24
4.23461e-26
3.60673e-28
2.88266e-30
2.16634e-32
1.53382e-34
1.02371e-36
6.487e-39
0
0
0
0
0
0
0
0
0
0
0
0
0
0
0
0
0
0
0
0
0
0
0
0
0
0
0
0
0
0
0
0
0
0
0
0
0
0
0
0
0
0
0
0
0
0
0
0
0
0
0
0
0
0
0
0
0
0
0
0
0
0
0
0
0
0
0
0
0
0
0
0
0
0
0
0
0
0
0
0
0
0
0
0
0
0
0
0
0
0
0
0
0
0
0
0
0
0
0
0
0
0
0
0
0
0
0
0
0
0
0
0
0
0
0
0
0
0
0
0
0
0
0
0
0
0
0
0
0
0
0
0
0
0
0
0
0
0
0
0
0
0
0
0
0
0
0
0
