3.59991e+07
927.699
4.8383
0.0310181
0.000217827
1.60026e-06
1.20478e-08
9.1648e-11
6.94974e-13
5.18005e-15
3.74467e-17
2.59666e-19
1.71358e-21
1.07084e-23
6.32053e-26
3.5204e-28
1.8506e-30
9.18854e-33
4.29815e-35
1.80494e-37
0
0
0
0
0
0
0
0
0
0
0
0
0
0
0
0
0
0
0
0
0
0
0
0
0
0
0
0
0
0
0
0
0
0
0
0
0
0
0
0
0
0
0
0
0
0
0
0
0
0
0
0
0
0
0
0
0
0
0
0
0
0
0
0
0
0
0
0
0
0
0
0
0
0
0
0
0
0
0
0
0
0
0
0
0
0
0
0
0
0
0
0
0
0
0
0
0
0
0
0
0
0
0
0
0
0
0
0
0
0
0
0
0
0
0
0
0
0
0
0
0
0
0
0
0
0
0
0
0
0
0
0
0
0
0
0
0
0
0
0
0
0
0
0
0
0
0
0
0
0
