3.59994e+07
631.942
2.2861
0.0099671
4.76462e-05
2.38918e-07
1.23509e-09
6.49693e-12
3.42582e-14
1.78135e-16
8.99637e-19
4.36006e-21
2.011e-23
8.7827e-26
3.62257e-28
1.40994e-30
5.17838e-33
1.78408e-35
4.70279e-38
0
0
0
0
0
0
0
0
0
0
0
0
0
0
0
0
0
0
0
0
0
0
0
0
0
0
0
0
0
0
0
0
0
0
0
0
0
0
0
0
0
0
0
0
0
0
0
0
0
0
0
0
0
0
0
0
0
0
0
0
0
0
0
0
0
0
0
0
0
0
0
0
0
0
0
0
0
0
0
0
0
0
0
0
0
0
0
0
0
0
0
0
0
0
0
0
0
0
0
0
0
0
0
0
0
0
0
0
0
0
0
0
0
0
0
0
0
0
0
0
0
0
0
0
0
0
0
0
0
0
0
0
0
0
0
0
0
0
0
0
0
0
0
0
0
0
0
0
0
0
0
