3.59993e+07
735.778
3.07112
0.0155647
8.65208e-05
5.05729e-07
3.05701e-09
1.88861e-11
1.17761e-13
7.30821e-16
4.45187e-18
2.63002e-20
1.49293e-22
8.09103e-25
4.16986e-27
2.03915e-29
9.4534e-32
4.15129e-34
1.70564e-36
5.37939e-39
0
0
0
0
0
0
0
0
0
0
0
0
0
0
0
0
0
0
0
0
0
0
0
0
0
0
0
0
0
0
0
0
0
0
0
0
0
0
0
0
0
0
0
0
0
0
0
0
0
0
0
0
0
0
0
0
0
0
0
0
0
0
0
0
0
0
0
0
0
0
0
0
0
0
0
0
0
0
0
0
0
0
0
0
0
0
0
0
0
0
0
0
0
0
0
0
0
0
0
0
0
0
0
0
0
0
0
0
0
0
0
0
0
0
0
0
0
0
0
0
0
0
0
0
0
0
0
0
0
0
0
0
0
0
0
0
0
0
0
0
0
0
0
0
0
0
0
0
0
0
