3.59991e+07
925.818
4.8286
0.031219
0.000224304
1.71042e-06
1.34674e-08
1.06939e-10
8.39662e-13
6.42336e-15
4.73931e-17
3.35062e-19
2.26067e-21
1.4521e-23
8.86768e-26
5.14529e-28
2.83623e-30
1.48556e-32
7.38164e-35
3.30488e-37
0
0
0
0
0
0
0
0
0
0
0
0
0
0
0
0
0
0
0
0
0
0
0
0
0
0
0
0
0
0
0
0
0
0
0
0
0
0
0
0
0
0
0
0
0
0
0
0
0
0
0
0
0
0
0
0
0
0
0
0
0
0
0
0
0
0
0
0
0
0
0
0
0
0
0
0
0
0
0
0
0
0
0
0
0
0
0
0
0
0
0
0
0
0
0
0
0
0
0
0
0
0
0
0
0
0
0
0
0
0
0
0
0
0
0
0
0
0
0
0
0
0
0
0
0
0
0
0
0
0
0
0
0
0
0
0
0
0
0
0
0
0
0
0
0
0
0
0
0
0
