3.59993e+07
754.259
3.22214
0.0167219
9.49036e-05
5.62595e-07
3.41018e-09
2.08093e-11
1.26056e-13
7.48556e-16
4.31137e-18
2.38862e-20
1.2655e-22
6.38699e-25
3.06387e-27
1.39549e-29
6.03301e-32
2.47269e-34
9.27194e-37
0
0
0
0
0
0
0
0
0
0
0
0
0
0
0
0
0
0
0
0
0
0
0
0
0
0
0
0
0
0
0
0
0
0
0
0
0
0
0
0
0
0
0
0
0
0
0
0
0
0
0
0
0
0
0
0
0
0
0
0
0
0
0
0
0
0
0
0
0
0
0
0
0
0
0
0
0
0
0
0
0
0
0
0
0
0
0
0
0
0
0
0
0
0
0
0
0
0
0
0
0
0
0
0
0
0
0
0
0
0
0
0
0
0
0
0
0
0
0
0
0
0
0
0
0
0
0
0
0
0
0
0
0
0
0
0
0
0
0
0
0
0
0
0
0
0
0
0
0
0
0
