3.59995e+07
560.12
1.8086
0.00696761
2.93371e-05
1.29129e-07
5.8632e-10
2.73194e-12
1.29723e-14
6.20459e-17
2.94479e-19
1.36628e-21
6.12062e-24
2.62416e-26
1.07074e-28
4.14495e-31
1.51961e-33
5.23023e-36
1.49553e-38
0
0
0
0
0
0
0
0
0
0
0
0
0
0
0
0
0
0
0
0
0
0
0
0
0
0
0
0
0
0
0
0
0
0
0
0
0
0
0
0
0
0
0
0
0
0
0
0
0
0
0
0
0
0
0
0
0
0
0
0
0
0
0
0
0
0
0
0
0
0
0
0
0
0
0
0
0
0
0
0
0
0
0
0
0
0
0
0
0
0
0
0
0
0
0
0
0
0
0
0
0
0
0
0
0
0
0
0
0
0
0
0
0
0
0
0
0
0
0
0
0
0
0
0
0
0
0
0
0
0
0
0
0
0
0
0
0
0
0
0
0
0
0
0
0
0
0
0
0
0
0
