3.59994e+07
577.747
1.92038
0.00762638
3.30395e-05
1.48944e-07
6.84745e-10
3.16234e-12
1.44504e-14
6.4402e-17
2.76618e-19
1.13506e-21
4.42412e-24
1.63255e-26
5.69471e-29
1.87712e-31
5.84333e-34
1.64275e-36
0
0
0
0
0
0
0
0
0
0
0
0
0
0
0
0
0
0
0
0
0
0
0
0
0
0
0
0
0
0
0
0
0
0
0
0
0
0
0
0
0
0
0
0
0
0
0
0
0
0
0
0
0
0
0
0
0
0
0
0
0
0
0
0
0
0
0
0
0
0
0
0
0
0
0
0
0
0
0
0
0
0
0
0
0
0
0
0
0
0
0
0
0
0
0
0
0
0
0
0
0
0
0
0
0
0
0
0
0
0
0
0
0
0
0
0
0
0
0
0
0
0
0
0
0
0
0
0
0
0
0
0
0
0
0
0
0
0
0
0
0
0
0
0
0
0
0
0
0
0
0
0
