3.59991e+07
911.486
4.69061
0.0298005
0.000208431
1.53333e-06
1.16453e-08
9.03486e-11
7.0936e-13
5.57165e-15
4.31853e-17
3.25811e-19
2.36502e-21
1.63782e-23
1.0763e-25
6.69234e-28
3.93279e-30
2.18419e-32
1.14571e-34
5.57437e-37
0
0
0
0
0
0
0
0
0
0
0
0
0
0
0
0
0
0
0
0
0
0
0
0
0
0
0
0
0
0
0
0
0
0
0
0
0
0
0
0
0
0
0
0
0
0
0
0
0
0
0
0
0
0
0
0
0
0
0
0
0
0
0
0
0
0
0
0
0
0
0
0
0
0
0
0
0
0
0
0
0
0
0
0
0
0
0
0
0
0
0
0
0
0
0
0
0
0
0
0
0
0
0
0
0
0
0
0
0
0
0
0
0
0
0
0
0
0
0
0
0
0
0
0
0
0
0
0
0
0
0
0
0
0
0
0
0
0
0
0
0
0
0
0
0
0
0
0
0
0
