3.59991e+07
891.211
4.47533
0.0275955
0.000186074
1.30633e-06
9.33338e-09
6.69068e-11
4.76168e-13
3.33437e-15
2.27853e-17
1.50793e-19
9.601e-22
5.84987e-24
3.39773e-26
1.87659e-28
9.84251e-31
4.89933e-33
2.30321e-35
9.60919e-38
0
0
0
0
0
0
0
0
0
0
0
0
0
0
0
0
0
0
0
0
0
0
0
0
0
0
0
0
0
0
0
0
0
0
0
0
0
0
0
0
0
0
0
0
0
0
0
0
0
0
0
0
0
0
0
0
0
0
0
0
0
0
0
0
0
0
0
0
0
0
0
0
0
0
0
0
0
0
0
0
0
0
0
0
0
0
0
0
0
0
0
0
0
0
0
0
0
0
0
0
0
0
0
0
0
0
0
0
0
0
0
0
0
0
0
0
0
0
0
0
0
0
0
0
0
0
0
0
0
0
0
0
0
0
0
0
0
0
0
0
0
0
0
0
0
0
0
0
0
0
