3.5999e+07
995.019
5.55797
0.0384836
0.000294177
2.3682e-06
1.95964e-08
1.63719e-10
1.35952e-12
1.10625e-14
8.71325e-17
6.57905e-19
4.72966e-21
3.22331e-23
2.0777e-25
1.26565e-27
7.28723e-30
3.96888e-32
2.04451e-34
9.70802e-37
0
0
0
0
0
0
0
0
0
0
0
0
0
0
0
0
0
0
0
0
0
0
0
0
0
0
0
0
0
0
0
0
0
0
0
0
0
0
0
0
0
0
0
0
0
0
0
0
0
0
0
0
0
0
0
0
0
0
0
0
0
0
0
0
0
0
0
0
0
0
0
0
0
0
0
0
0
0
0
0
0
0
0
0
0
0
0
0
0
0
0
0
0
0
0
0
0
0
0
0
0
0
0
0
0
0
0
0
0
0
0
0
0
0
0
0
0
0
0
0
0
0
0
0
0
0
0
0
0
0
0
0
0
0
0
0
0
0
0
0
0
0
0
0
0
0
0
0
0
0
