3.59994e+07
593.085
2.01809
0.00819778
3.62327e-05
1.66586e-07
7.84434e-10
3.74793e-12
1.79735e-14
8.53755e-17
3.96232e-19
1.77544e-21
7.61207e-24
3.10409e-26
1.19972e-28
4.38748e-31
1.5169e-33
4.88288e-36
1.11596e-38
0
0
0
0
0
0
0
0
0
0
0
0
0
0
0
0
0
0
0
0
0
0
0
0
0
0
0
0
0
0
0
0
0
0
0
0
0
0
0
0
0
0
0
0
0
0
0
0
0
0
0
0
0
0
0
0
0
0
0
0
0
0
0
0
0
0
0
0
0
0
0
0
0
0
0
0
0
0
0
0
0
0
0
0
0
0
0
0
0
0
0
0
0
0
0
0
0
0
0
0
0
0
0
0
0
0
0
0
0
0
0
0
0
0
0
0
0
0
0
0
0
0
0
0
0
0
0
0
0
0
0
0
0
0
0
0
0
0
0
0
0
0
0
0
0
0
0
0
0
0
0
