3.59993e+07
666.598
2.53688
0.0116797
5.892e-05
3.10663e-07
1.67564e-09
9.10735e-12
4.92376e-14
2.61804e-16
1.356e-18
6.78827e-21
3.26474e-23
1.50172e-25
6.5862e-28
2.74876e-30
1.09038e-32
4.09325e-35
1.32198e-37
0
0
0
0
0
0
0
0
0
0
0
0
0
0
0
0
0
0
0
0
0
0
0
0
0
0
0
0
0
0
0
0
0
0
0
0
0
0
0
0
0
0
0
0
0
0
0
0
0
0
0
0
0
0
0
0
0
0
0
0
0
0
0
0
0
0
0
0
0
0
0
0
0
0
0
0
0
0
0
0
0
0
0
0
0
0
0
0
0
0
0
0
0
0
0
0
0
0
0
0
0
0
0
0
0
0
0
0
0
0
0
0
0
0
0
0
0
0
0
0
0
0
0
0
0
0
0
0
0
0
0
0
0
0
0
0
0
0
0
0
0
0
0
0
0
0
0
0
0
0
0
