3.59993e+07
706.9
2.84122
0.0138448
7.39852e-05
4.16538e-07
2.44703e-09
1.49618e-11
9.46063e-14
6.09857e-16
3.9295e-18
2.48137e-20
1.51164e-22
8.78924e-25
4.84635e-27
2.52595e-29
1.24293e-31
5.77189e-34
2.50599e-36
9.30973e-39
0
0
0
0
0
0
0
0
0
0
0
0
0
0
0
0
0
0
0
0
0
0
0
0
0
0
0
0
0
0
0
0
0
0
0
0
0
0
0
0
0
0
0
0
0
0
0
0
0
0
0
0
0
0
0
0
0
0
0
0
0
0
0
0
0
0
0
0
0
0
0
0
0
0
0
0
0
0
0
0
0
0
0
0
0
0
0
0
0
0
0
0
0
0
0
0
0
0
0
0
0
0
0
0
0
0
0
0
0
0
0
0
0
0
0
0
0
0
0
0
0
0
0
0
0
0
0
0
0
0
0
0
0
0
0
0
0
0
0
0
0
0
0
0
0
0
0
0
0
0
