3.59994e+07
630.817
2.27733
0.0098861
4.68003e-05
2.29858e-07
1.1441e-09
5.67623e-12
2.76754e-14
1.31012e-16
5.96323e-19
2.59088e-21
1.06917e-23
4.1778e-26
1.54338e-28
5.38782e-31
1.77691e-33
5.42409e-36
7.31804e-39
0
0
0
0
0
0
0
0
0
0
0
0
0
0
0
0
0
0
0
0
0
0
0
0
0
0
0
0
0
0
0
0
0
0
0
0
0
0
0
0
0
0
0
0
0
0
0
0
0
0
0
0
0
0
0
0
0
0
0
0
0
0
0
0
0
0
0
0
0
0
0
0
0
0
0
0
0
0
0
0
0
0
0
0
0
0
0
0
0
0
0
0
0
0
0
0
0
0
0
0
0
0
0
0
0
0
0
0
0
0
0
0
0
0
0
0
0
0
0
0
0
0
0
0
0
0
0
0
0
0
0
0
0
0
0
0
0
0
0
0
0
0
0
0
0
0
0
0
0
0
0
