3.59993e+07
753.432
3.22198
0.0168262
9.76035e-05
6.11114e-07
4.12708e-09
3.00364e-11
2.32145e-13
1.8516e-15
1.47567e-17
1.14445e-19
8.48625e-22
5.95636e-24
3.93792e-26
2.44805e-28
1.43112e-30
7.87541e-33
4.08322e-35
1.97771e-37
0
0
0
0
0
0
0
0
0
0
0
0
0
0
0
0
0
0
0
0
0
0
0
0
0
0
0
0
0
0
0
0
0
0
0
0
0
0
0
0
0
0
0
0
0
0
0
0
0
0
0
0
0
0
0
0
0
0
0
0
0
0
0
0
0
0
0
0
0
0
0
0
0
0
0
0
0
0
0
0
0
0
0
0
0
0
0
0
0
0
0
0
0
0
0
0
0
0
0
0
0
0
0
0
0
0
0
0
0
0
0
0
0
0
0
0
0
0
0
0
0
0
0
0
0
0
0
0
0
0
0
0
0
0
0
0
0
0
0
0
0
0
0
0
0
0
0
0
0
0
