3.5999e+07
954.526
5.11253
0.0337315
0.000243969
1.84298e-06
1.42158e-08
1.10481e-10
8.56959e-13
6.57746e-15
4.95059e-17
3.62047e-19
2.55116e-21
1.72038e-23
1.10483e-25
6.73599e-28
3.8924e-30
2.13044e-32
1.1026e-34
5.18745e-37
0
0
0
0
0
0
0
0
0
0
0
0
0
0
0
0
0
0
0
0
0
0
0
0
0
0
0
0
0
0
0
0
0
0
0
0
0
0
0
0
0
0
0
0
0
0
0
0
0
0
0
0
0
0
0
0
0
0
0
0
0
0
0
0
0
0
0
0
0
0
0
0
0
0
0
0
0
0
0
0
0
0
0
0
0
0
0
0
0
0
0
0
0
0
0
0
0
0
0
0
0
0
0
0
0
0
0
0
0
0
0
0
0
0
0
0
0
0
0
0
0
0
0
0
0
0
0
0
0
0
0
0
0
0
0
0
0
0
0
0
0
0
0
0
0
0
0
0
0
0
