3.59994e+07
594.774
2.0316
0.00831873
3.73662e-05
1.76856e-07
8.7058e-10
4.40562e-12
2.25275e-14
1.14051e-16
5.61232e-19
2.6476e-21
1.1868e-23
5.02975e-26
2.01082e-28
7.57887e-31
2.69361e-33
8.96562e-36
2.17862e-38
0
0
0
0
0
0
0
0
0
0
0
0
0
0
0
0
0
0
0
0
0
0
0
0
0
0
0
0
0
0
0
0
0
0
0
0
0
0
0
0
0
0
0
0
0
0
0
0
0
0
0
0
0
0
0
0
0
0
0
0
0
0
0
0
0
0
0
0
0
0
0
0
0
0
0
0
0
0
0
0
0
0
0
0
0
0
0
0
0
0
0
0
0
0
0
0
0
0
0
0
0
0
0
0
0
0
0
0
0
0
0
0
0
0
0
0
0
0
0
0
0
0
0
0
0
0
0
0
0
0
0
0
0
0
0
0
0
0
0
0
0
0
0
0
0
0
0
0
0
0
0
