3.59995e+07
569.545
1.87067
0.00735629
3.17949e-05
1.45114e-07
6.91185e-10
3.40478e-12
1.70983e-14
8.59186e-17
4.24049e-19
2.02475e-21
9.25473e-24
4.02317e-26
1.65757e-28
6.4631e-31
2.38389e-33
8.2651e-36
2.0913e-38
0
0
0
0
0
0
0
0
0
0
0
0
0
0
0
0
0
0
0
0
0
0
0
0
0
0
0
0
0
0
0
0
0
0
0
0
0
0
0
0
0
0
0
0
0
0
0
0
0
0
0
0
0
0
0
0
0
0
0
0
0
0
0
0
0
0
0
0
0
0
0
0
0
0
0
0
0
0
0
0
0
0
0
0
0
0
0
0
0
0
0
0
0
0
0
0
0
0
0
0
0
0
0
0
0
0
0
0
0
0
0
0
0
0
0
0
0
0
0
0
0
0
0
0
0
0
0
0
0
0
0
0
0
0
0
0
0
0
0
0
0
0
0
0
0
0
0
0
0
0
0
