3.59994e+07
589.598
1.99782
0.00811202
3.60618e-05
1.6759e-07
7.97261e-10
3.81556e-12
1.80461e-14
8.29736e-17
3.66077e-19
1.53591e-21
6.09466e-24
2.28087e-26
8.04268e-29
2.67261e-31
8.37074e-34
2.39623e-36
0
0
0
0
0
0
0
0
0
0
0
0
0
0
0
0
0
0
0
0
0
0
0
0
0
0
0
0
0
0
0
0
0
0
0
0
0
0
0
0
0
0
0
0
0
0
0
0
0
0
0
0
0
0
0
0
0
0
0
0
0
0
0
0
0
0
0
0
0
0
0
0
0
0
0
0
0
0
0
0
0
0
0
0
0
0
0
0
0
0
0
0
0
0
0
0
0
0
0
0
0
0
0
0
0
0
0
0
0
0
0
0
0
0
0
0
0
0
0
0
0
0
0
0
0
0
0
0
0
0
0
0
0
0
0
0
0
0
0
0
0
0
0
0
0
0
0
0
0
0
0
0
