3.59993e+07
689.883
2.70993
0.0129048
6.75795e-05
3.73657e-07
2.15026e-09
1.27309e-11
7.63737e-14
4.56014e-16
2.6644e-18
1.50292e-20
8.10762e-23
4.15824e-25
2.02104e-27
9.29559e-30
4.04472e-32
1.66397e-34
6.3026e-37
0
0
0
0
0
0
0
0
0
0
0
0
0
0
0
0
0
0
0
0
0
0
0
0
0
0
0
0
0
0
0
0
0
0
0
0
0
0
0
0
0
0
0
0
0
0
0
0
0
0
0
0
0
0
0
0
0
0
0
0
0
0
0
0
0
0
0
0
0
0
0
0
0
0
0
0
0
0
0
0
0
0
0
0
0
0
0
0
0
0
0
0
0
0
0
0
0
0
0
0
0
0
0
0
0
0
0
0
0
0
0
0
0
0
0
0
0
0
0
0
0
0
0
0
0
0
0
0
0
0
0
0
0
0
0
0
0
0
0
0
0
0
0
0
0
0
0
0
0
0
0
