3.59993e+07
726.569
3.00025
0.0150903
8.39214e-05
4.97758e-07
3.1166e-09
2.03981e-11
1.37021e-13
9.21549e-16
6.05759e-18
3.82056e-20
2.28521e-22
1.2882e-24
6.82607e-27
3.39889e-29
1.59168e-31
7.01811e-34
2.89914e-36
5.37939e-39
0
0
0
0
0
0
0
0
0
0
0
0
0
0
0
0
0
0
0
0
0
0
0
0
0
0
0
0
0
0
0
0
0
0
0
0
0
0
0
0
0
0
0
0
0
0
0
0
0
0
0
0
0
0
0
0
0
0
0
0
0
0
0
0
0
0
0
0
0
0
0
0
0
0
0
0
0
0
0
0
0
0
0
0
0
0
0
0
0
0
0
0
0
0
0
0
0
0
0
0
0
0
0
0
0
0
0
0
0
0
0
0
0
0
0
0
0
0
0
0
0
0
0
0
0
0
0
0
0
0
0
0
0
0
0
0
0
0
0
0
0
0
0
0
0
0
0
0
0
0
