3.59993e+07
675.5
2.60267
0.0121246
6.16834e-05
3.25742e-07
1.73891e-09
9.19389e-12
4.73308e-14
2.3418e-16
1.10373e-18
4.92912e-21
2.08018e-23
8.28816e-26
3.11845e-28
1.109e-30
3.73107e-33
1.17104e-35
1.95432e-38
0
0
0
0
0
0
0
0
0
0
0
0
0
0
0
0
0
0
0
0
0
0
0
0
0
0
0
0
0
0
0
0
0
0
0
0
0
0
0
0
0
0
0
0
0
0
0
0
0
0
0
0
0
0
0
0
0
0
0
0
0
0
0
0
0
0
0
0
0
0
0
0
0
0
0
0
0
0
0
0
0
0
0
0
0
0
0
0
0
0
0
0
0
0
0
0
0
0
0
0
0
0
0
0
0
0
0
0
0
0
0
0
0
0
0
0
0
0
0
0
0
0
0
0
0
0
0
0
0
0
0
0
0
0
0
0
0
0
0
0
0
0
0
0
0
0
0
0
0
0
0
