3.59991e+07
886.555
4.43672
0.027478
0.000189072
1.38228e-06
1.04975e-08
8.14547e-11
6.36915e-13
4.95738e-15
3.7977e-17
2.83413e-19
2.04223e-21
1.41093e-23
9.29781e-26
5.82444e-28
3.46165e-30
1.95026e-32
1.04026e-34
5.13976e-37
0
0
0
0
0
0
0
0
0
0
0
0
0
0
0
0
0
0
0
0
0
0
0
0
0
0
0
0
0
0
0
0
0
0
0
0
0
0
0
0
0
0
0
0
0
0
0
0
0
0
0
0
0
0
0
0
0
0
0
0
0
0
0
0
0
0
0
0
0
0
0
0
0
0
0
0
0
0
0
0
0
0
0
0
0
0
0
0
0
0
0
0
0
0
0
0
0
0
0
0
0
0
0
0
0
0
0
0
0
0
0
0
0
0
0
0
0
0
0
0
0
0
0
0
0
0
0
0
0
0
0
0
0
0
0
0
0
0
0
0
0
0
0
0
0
0
0
0
0
0
