3.59991e+07
936.842
4.93989
0.0322752
0.000234551
1.8208e-06
1.47999e-08
1.23583e-10
1.03771e-12
8.57797e-15
6.85774e-17
5.23541e-19
3.78673e-21
2.58395e-23
1.66059e-25
1.00493e-27
5.73113e-30
3.0841e-32
1.56654e-34
7.37073e-37
0
0
0
0
0
0
0
0
0
0
0
0
0
0
0
0
0
0
0
0
0
0
0
0
0
0
0
0
0
0
0
0
0
0
0
0
0
0
0
0
0
0
0
0
0
0
0
0
0
0
0
0
0
0
0
0
0
0
0
0
0
0
0
0
0
0
0
0
0
0
0
0
0
0
0
0
0
0
0
0
0
0
0
0
0
0
0
0
0
0
0
0
0
0
0
0
0
0
0
0
0
0
0
0
0
0
0
0
0
0
0
0
0
0
0
0
0
0
0
0
0
0
0
0
0
0
0
0
0
0
0
0
0
0
0
0
0
0
0
0
0
0
0
0
0
0
0
0
0
0
