3.59993e+07
677.373
2.6139
0.0121907
6.22857e-05
3.3328e-07
1.82755e-09
1.0082e-11
5.49532e-14
2.91246e-16
1.48225e-18
7.18109e-21
3.29389e-23
1.42626e-25
5.823e-28
2.24156e-30
8.14071e-33
2.77293e-35
7.12958e-38
0
0
0
0
0
0
0
0
0
0
0
0
0
0
0
0
0
0
0
0
0
0
0
0
0
0
0
0
0
0
0
0
0
0
0
0
0
0
0
0
0
0
0
0
0
0
0
0
0
0
0
0
0
0
0
0
0
0
0
0
0
0
0
0
0
0
0
0
0
0
0
0
0
0
0
0
0
0
0
0
0
0
0
0
0
0
0
0
0
0
0
0
0
0
0
0
0
0
0
0
0
0
0
0
0
0
0
0
0
0
0
0
0
0
0
0
0
0
0
0
0
0
0
0
0
0
0
0
0
0
0
0
0
0
0
0
0
0
0
0
0
0
0
0
0
0
0
0
0
0
0
