3.59993e+07
672.075
2.57479
0.0119122
6.03125e-05
3.20776e-07
1.77837e-09
1.03053e-11
6.23791e-14
3.89595e-16
2.45536e-18
1.52453e-20
9.1484e-23
5.23904e-25
2.84269e-27
1.4564e-29
7.03698e-32
3.20551e-34
1.366e-36
5.37939e-39
0
0
0
0
0
0
0
0
0
0
0
0
0
0
0
0
0
0
0
0
0
0
0
0
0
0
0
0
0
0
0
0
0
0
0
0
0
0
0
0
0
0
0
0
0
0
0
0
0
0
0
0
0
0
0
0
0
0
0
0
0
0
0
0
0
0
0
0
0
0
0
0
0
0
0
0
0
0
0
0
0
0
0
0
0
0
0
0
0
0
0
0
0
0
0
0
0
0
0
0
0
0
0
0
0
0
0
0
0
0
0
0
0
0
0
0
0
0
0
0
0
0
0
0
0
0
0
0
0
0
0
0
0
0
0
0
0
0
0
0
0
0
0
0
0
0
0
0
0
0
