3.59993e+07
752.033
3.20363
0.0165527
9.31115e-05
5.42965e-07
3.20693e-09
1.88812e-11
1.0939e-13
6.16998e-16
3.35868e-18
1.75269e-20
8.72484e-23
4.12945e-25
1.85464e-27
7.897e-30
3.18728e-32
1.21628e-34
4.08463e-37
0
0
0
0
0
0
0
0
0
0
0
0
0
0
0
0
0
0
0
0
0
0
0
0
0
0
0
0
0
0
0
0
0
0
0
0
0
0
0
0
0
0
0
0
0
0
0
0
0
0
0
0
0
0
0
0
0
0
0
0
0
0
0
0
0
0
0
0
0
0
0
0
0
0
0
0
0
0
0
0
0
0
0
0
0
0
0
0
0
0
0
0
0
0
0
0
0
0
0
0
0
0
0
0
0
0
0
0
0
0
0
0
0
0
0
0
0
0
0
0
0
0
0
0
0
0
0
0
0
0
0
0
0
0
0
0
0
0
0
0
0
0
0
0
0
0
0
0
0
0
0
