3.59993e+07
702.719
2.80959
0.0136214
7.28052e-05
4.14944e-07
2.50792e-09
1.59812e-11
1.05577e-13
7.04736e-16
4.63033e-18
2.93394e-20
1.76928e-22
1.00797e-24
5.40665e-27
2.72792e-29
1.29524e-31
5.79218e-34
2.42072e-36
8.43705e-39
0
0
0
0
0
0
0
0
0
0
0
0
0
0
0
0
0
0
0
0
0
0
0
0
0
0
0
0
0
0
0
0
0
0
0
0
0
0
0
0
0
0
0
0
0
0
0
0
0
0
0
0
0
0
0
0
0
0
0
0
0
0
0
0
0
0
0
0
0
0
0
0
0
0
0
0
0
0
0
0
0
0
0
0
0
0
0
0
0
0
0
0
0
0
0
0
0
0
0
0
0
0
0
0
0
0
0
0
0
0
0
0
0
0
0
0
0
0
0
0
0
0
0
0
0
0
0
0
0
0
0
0
0
0
0
0
0
0
0
0
0
0
0
0
0
0
0
0
0
0
