3.59989e+07
1033.5
5.98569
0.0429803
0.000340329
2.84063e-06
2.44551e-08
2.13474e-10
1.85785e-12
1.58621e-14
1.31066e-16
1.03762e-18
7.81917e-21
5.58762e-23
3.77984e-25
2.41941e-27
1.46589e-29
8.41446e-32
4.57814e-34
2.32772e-36
6.92042e-39
0
0
0
0
0
0
0
0
0
0
0
0
0
0
0
0
0
0
0
0
0
0
0
0
0
0
0
0
0
0
0
0
0
0
0
0
0
0
0
0
0
0
0
0
0
0
0
0
0
0
0
0
0
0
0
0
0
0
0
0
0
0
0
0
0
0
0
0
0
0
0
0
0
0
0
0
0
0
0
0
0
0
0
0
0
0
0
0
0
0
0
0
0
0
0
0
0
0
0
0
0
0
0
0
0
0
0
0
0
0
0
0
0
0
0
0
0
0
0
0
0
0
0
0
0
0
0
0
0
0
0
0
0
0
0
0
0
0
0
0
0
0
0
0
0
0
0
0
0
