3.59994e+07
628.219
2.25906
0.00978167
4.65159e-05
2.33619e-07
1.22654e-09
6.68964e-12
3.74911e-14
2.12469e-16
1.19608e-18
6.58144e-21
3.49549e-23
1.77616e-25
8.58599e-28
3.93565e-30
1.70784e-32
7.00073e-35
2.60263e-37
0
0
0
0
0
0
0
0
0
0
0
0
0
0
0
0
0
0
0
0
0
0
0
0
0
0
0
0
0
0
0
0
0
0
0
0
0
0
0
0
0
0
0
0
0
0
0
0
0
0
0
0
0
0
0
0
0
0
0
0
0
0
0
0
0
0
0
0
0
0
0
0
0
0
0
0
0
0
0
0
0
0
0
0
0
0
0
0
0
0
0
0
0
0
0
0
0
0
0
0
0
0
0
0
0
0
0
0
0
0
0
0
0
0
0
0
0
0
0
0
0
0
0
0
0
0
0
0
0
0
0
0
0
0
0
0
0
0
0
0
0
0
0
0
0
0
0
0
0
0
0
