3.59993e+07
713.763
2.90156
0.0143455
7.81273e-05
4.51329e-07
2.74076e-09
1.73874e-11
1.13637e-13
7.48853e-16
4.86454e-18
3.05867e-20
1.83893e-22
1.04973e-24
5.66967e-27
2.89376e-29
1.39575e-31
6.36396e-34
2.72457e-36
9.30973e-39
0
0
0
0
0
0
0
0
0
0
0
0
0
0
0
0
0
0
0
0
0
0
0
0
0
0
0
0
0
0
0
0
0
0
0
0
0
0
0
0
0
0
0
0
0
0
0
0
0
0
0
0
0
0
0
0
0
0
0
0
0
0
0
0
0
0
0
0
0
0
0
0
0
0
0
0
0
0
0
0
0
0
0
0
0
0
0
0
0
0
0
0
0
0
0
0
0
0
0
0
0
0
0
0
0
0
0
0
0
0
0
0
0
0
0
0
0
0
0
0
0
0
0
0
0
0
0
0
0
0
0
0
0
0
0
0
0
0
0
0
0
0
0
0
0
0
0
0
0
0
