3.59995e+07
560.978
1.81267
0.00696942
2.91523e-05
1.26588e-07
5.60719e-10
2.50621e-12
1.11761e-14
4.91044e-17
2.09982e-19
8.6482e-22
3.40344e-24
1.27304e-26
4.5116e-29
1.51256e-31
4.79003e-34
1.38127e-36
0
0
0
0
0
0
0
0
0
0
0
0
0
0
0
0
0
0
0
0
0
0
0
0
0
0
0
0
0
0
0
0
0
0
0
0
0
0
0
0
0
0
0
0
0
0
0
0
0
0
0
0
0
0
0
0
0
0
0
0
0
0
0
0
0
0
0
0
0
0
0
0
0
0
0
0
0
0
0
0
0
0
0
0
0
0
0
0
0
0
0
0
0
0
0
0
0
0
0
0
0
0
0
0
0
0
0
0
0
0
0
0
0
0
0
0
0
0
0
0
0
0
0
0
0
0
0
0
0
0
0
0
0
0
0
0
0
0
0
0
0
0
0
0
0
0
0
0
0
0
0
0
