3.5999e+07
1007.62
5.69892
0.0399215
0.000308946
2.53862e-06
2.18559e-08
1.95256e-10
1.78263e-12
1.62797e-14
1.45453e-16
1.24882e-18
1.01807e-20
7.82722e-23
5.65791e-25
3.84239e-27
2.45308e-29
1.47427e-31
8.35227e-34
4.44363e-36
1.80296e-38
0
0
0
0
0
0
0
0
0
0
0
0
0
0
0
0
0
0
0
0
0
0
0
0
0
0
0
0
0
0
0
0
0
0
0
0
0
0
0
0
0
0
0
0
0
0
0
0
0
0
0
0
0
0
0
0
0
0
0
0
0
0
0
0
0
0
0
0
0
0
0
0
0
0
0
0
0
0
0
0
0
0
0
0
0
0
0
0
0
0
0
0
0
0
0
0
0
0
0
0
0
0
0
0
0
0
0
0
0
0
0
0
0
0
0
0
0
0
0
0
0
0
0
0
0
0
0
0
0
0
0
0
0
0
0
0
0
0
0
0
0
0
0
0
0
0
0
0
0
