3.59993e+07
667.208
2.54159
0.0117264
5.95777e-05
3.20448e-07
1.80745e-09
1.06586e-11
6.52201e-14
4.07486e-16
2.54386e-18
1.5537e-20
9.13334e-23
5.11213e-25
2.70791e-27
1.35358e-29
6.37961e-32
2.83447e-34
1.17675e-36
4.06424e-39
0
0
0
0
0
0
0
0
0
0
0
0
0
0
0
0
0
0
0
0
0
0
0
0
0
0
0
0
0
0
0
0
0
0
0
0
0
0
0
0
0
0
0
0
0
0
0
0
0
0
0
0
0
0
0
0
0
0
0
0
0
0
0
0
0
0
0
0
0
0
0
0
0
0
0
0
0
0
0
0
0
0
0
0
0
0
0
0
0
0
0
0
0
0
0
0
0
0
0
0
0
0
0
0
0
0
0
0
0
0
0
0
0
0
0
0
0
0
0
0
0
0
0
0
0
0
0
0
0
0
0
0
0
0
0
0
0
0
0
0
0
0
0
0
0
0
0
0
0
0
