3.5999e+07
991.976
5.52499
0.0381672
0.000290489
2.30986e-06
1.86064e-08
1.4853e-10
1.15694e-12
8.70172e-15
6.27605e-17
4.32076e-19
2.83085e-21
1.76172e-23
1.04034e-25
5.8275e-28
3.09683e-30
1.562e-32
7.45625e-35
3.13304e-37
0
0
0
0
0
0
0
0
0
0
0
0
0
0
0
0
0
0
0
0
0
0
0
0
0
0
0
0
0
0
0
0
0
0
0
0
0
0
0
0
0
0
0
0
0
0
0
0
0
0
0
0
0
0
0
0
0
0
0
0
0
0
0
0
0
0
0
0
0
0
0
0
0
0
0
0
0
0
0
0
0
0
0
0
0
0
0
0
0
0
0
0
0
0
0
0
0
0
0
0
0
0
0
0
0
0
0
0
0
0
0
0
0
0
0
0
0
0
0
0
0
0
0
0
0
0
0
0
0
0
0
0
0
0
0
0
0
0
0
0
0
0
0
0
0
0
0
0
0
0
