3.59991e+07
899.571
4.55627
0.0284291
0.000196048
1.43971e-06
1.11328e-08
8.97385e-11
7.40824e-13
6.11654e-15
4.93535e-17
3.82371e-19
2.81269e-21
1.95246e-23
1.27566e-25
7.8409e-28
4.53717e-30
2.47497e-32
1.27362e-34
6.08147e-37
0
0
0
0
0
0
0
0
0
0
0
0
0
0
0
0
0
0
0
0
0
0
0
0
0
0
0
0
0
0
0
0
0
0
0
0
0
0
0
0
0
0
0
0
0
0
0
0
0
0
0
0
0
0
0
0
0
0
0
0
0
0
0
0
0
0
0
0
0
0
0
0
0
0
0
0
0
0
0
0
0
0
0
0
0
0
0
0
0
0
0
0
0
0
0
0
0
0
0
0
0
0
0
0
0
0
0
0
0
0
0
0
0
0
0
0
0
0
0
0
0
0
0
0
0
0
0
0
0
0
0
0
0
0
0
0
0
0
0
0
0
0
0
0
0
0
0
0
0
0
