3.59994e+07
582.618
1.95181
0.00780717
3.39932e-05
1.53505e-07
7.03749e-10
3.22552e-12
1.45718e-14
6.40713e-17
2.7139e-19
1.09907e-21
4.23399e-24
1.54685e-26
5.35125e-29
1.75217e-31
5.42548e-34
1.52595e-36
0
0
0
0
0
0
0
0
0
0
0
0
0
0
0
0
0
0
0
0
0
0
0
0
0
0
0
0
0
0
0
0
0
0
0
0
0
0
0
0
0
0
0
0
0
0
0
0
0
0
0
0
0
0
0
0
0
0
0
0
0
0
0
0
0
0
0
0
0
0
0
0
0
0
0
0
0
0
0
0
0
0
0
0
0
0
0
0
0
0
0
0
0
0
0
0
0
0
0
0
0
0
0
0
0
0
0
0
0
0
0
0
0
0
0
0
0
0
0
0
0
0
0
0
0
0
0
0
0
0
0
0
0
0
0
0
0
0
0
0
0
0
0
0
0
0
0
0
0
0
0
0
