3.59993e+07
717.281
2.92748
0.0145071
7.88445e-05
4.50483e-07
2.66829e-09
1.62655e-11
1.01095e-13
6.31479e-16
3.895e-18
2.33301e-20
1.33958e-22
7.31104e-25
3.77488e-27
1.84014e-29
8.46583e-32
3.67576e-34
1.49245e-36
4.06424e-39
0
0
0
0
0
0
0
0
0
0
0
0
0
0
0
0
0
0
0
0
0
0
0
0
0
0
0
0
0
0
0
0
0
0
0
0
0
0
0
0
0
0
0
0
0
0
0
0
0
0
0
0
0
0
0
0
0
0
0
0
0
0
0
0
0
0
0
0
0
0
0
0
0
0
0
0
0
0
0
0
0
0
0
0
0
0
0
0
0
0
0
0
0
0
0
0
0
0
0
0
0
0
0
0
0
0
0
0
0
0
0
0
0
0
0
0
0
0
0
0
0
0
0
0
0
0
0
0
0
0
0
0
0
0
0
0
0
0
0
0
0
0
0
0
0
0
0
0
0
0
