3.59989e+07
1043.85
6.09088
0.0439669
0.000348579
2.89339e-06
2.4527e-08
2.08425e-10
1.74801e-12
1.42827e-14
1.12557e-16
8.49261e-19
6.10486e-21
4.16818e-23
2.69867e-25
1.65586e-27
9.6299e-30
5.31106e-32
2.77707e-34
1.34452e-36
3.55174e-39
0
0
0
0
0
0
0
0
0
0
0
0
0
0
0
0
0
0
0
0
0
0
0
0
0
0
0
0
0
0
0
0
0
0
0
0
0
0
0
0
0
0
0
0
0
0
0
0
0
0
0
0
0
0
0
0
0
0
0
0
0
0
0
0
0
0
0
0
0
0
0
0
0
0
0
0
0
0
0
0
0
0
0
0
0
0
0
0
0
0
0
0
0
0
0
0
0
0
0
0
0
0
0
0
0
0
0
0
0
0
0
0
0
0
0
0
0
0
0
0
0
0
0
0
0
0
0
0
0
0
0
0
0
0
0
0
0
0
0
0
0
0
0
0
0
0
0
0
0
