3.59993e+07
715.74
2.90905
0.0143227
7.70304e-05
4.31655e-07
2.46535e-09
1.4129e-11
8.01941e-14
4.45787e-16
2.40449e-18
1.24902e-20
6.21249e-23
2.94656e-25
1.32904e-27
5.69207e-30
2.31319e-32
8.89123e-35
3.0171e-37
0
0
0
0
0
0
0
0
0
0
0
0
0
0
0
0
0
0
0
0
0
0
0
0
0
0
0
0
0
0
0
0
0
0
0
0
0
0
0
0
0
0
0
0
0
0
0
0
0
0
0
0
0
0
0
0
0
0
0
0
0
0
0
0
0
0
0
0
0
0
0
0
0
0
0
0
0
0
0
0
0
0
0
0
0
0
0
0
0
0
0
0
0
0
0
0
0
0
0
0
0
0
0
0
0
0
0
0
0
0
0
0
0
0
0
0
0
0
0
0
0
0
0
0
0
0
0
0
0
0
0
0
0
0
0
0
0
0
0
0
0
0
0
0
0
0
0
0
0
0
0
