3.5999e+07
954.958
5.12412
0.0339587
0.000247696
1.89325e-06
1.47587e-08
1.14994e-10
8.81838e-13
6.5824e-15
4.74751e-17
3.29346e-19
2.19161e-21
1.39663e-23
8.51369e-26
4.96021e-28
2.76002e-30
1.4658e-32
7.40904e-35
3.285e-37
0
0
0
0
0
0
0
0
0
0
0
0
0
0
0
0
0
0
0
0
0
0
0
0
0
0
0
0
0
0
0
0
0
0
0
0
0
0
0
0
0
0
0
0
0
0
0
0
0
0
0
0
0
0
0
0
0
0
0
0
0
0
0
0
0
0
0
0
0
0
0
0
0
0
0
0
0
0
0
0
0
0
0
0
0
0
0
0
0
0
0
0
0
0
0
0
0
0
0
0
0
0
0
0
0
0
0
0
0
0
0
0
0
0
0
0
0
0
0
0
0
0
0
0
0
0
0
0
0
0
0
0
0
0
0
0
0
0
0
0
0
0
0
0
0
0
0
0
0
0
