3.59993e+07
726.132
2.99305
0.0149354
8.12433e-05
4.59796e-07
2.65427e-09
1.54404e-11
8.96145e-14
5.13852e-16
2.88183e-18
1.56568e-20
8.17324e-23
4.07424e-25
1.93128e-27
8.6843e-30
3.70014e-32
1.49047e-34
5.41835e-37
0
0
0
0
0
0
0
0
0
0
0
0
0
0
0
0
0
0
0
0
0
0
0
0
0
0
0
0
0
0
0
0
0
0
0
0
0
0
0
0
0
0
0
0
0
0
0
0
0
0
0
0
0
0
0
0
0
0
0
0
0
0
0
0
0
0
0
0
0
0
0
0
0
0
0
0
0
0
0
0
0
0
0
0
0
0
0
0
0
0
0
0
0
0
0
0
0
0
0
0
0
0
0
0
0
0
0
0
0
0
0
0
0
0
0
0
0
0
0
0
0
0
0
0
0
0
0
0
0
0
0
0
0
0
0
0
0
0
0
0
0
0
0
0
0
0
0
0
0
0
0
