3.59993e+07
729.745
3.0205
0.0151411
8.29229e-05
4.75129e-07
2.79694e-09
1.66736e-11
9.91258e-14
5.7877e-16
3.27517e-18
1.77841e-20
9.20484e-23
4.52367e-25
2.10689e-27
9.29488e-30
3.88517e-32
1.53701e-34
5.54589e-37
0
0
0
0
0
0
0
0
0
0
0
0
0
0
0
0
0
0
0
0
0
0
0
0
0
0
0
0
0
0
0
0
0
0
0
0
0
0
0
0
0
0
0
0
0
0
0
0
0
0
0
0
0
0
0
0
0
0
0
0
0
0
0
0
0
0
0
0
0
0
0
0
0
0
0
0
0
0
0
0
0
0
0
0
0
0
0
0
0
0
0
0
0
0
0
0
0
0
0
0
0
0
0
0
0
0
0
0
0
0
0
0
0
0
0
0
0
0
0
0
0
0
0
0
0
0
0
0
0
0
0
0
0
0
0
0
0
0
0
0
0
0
0
0
0
0
0
0
0
0
0
