3.5999e+07
999.724
5.60861
0.0390392
0.000302049
2.51271e-06
2.23582e-08
2.12072e-10
2.11313e-12
2.1556e-14
2.18918e-16
2.16412e-18
2.05119e-20
1.84745e-22
1.57371e-24
1.26518e-26
9.59454e-29
6.8664e-31
4.64156e-33
2.96603e-35
1.73411e-37
0
0
0
0
0
0
0
0
0
0
0
0
0
0
0
0
0
0
0
0
0
0
0
0
0
0
0
0
0
0
0
0
0
0
0
0
0
0
0
0
0
0
0
0
0
0
0
0
0
0
0
0
0
0
0
0
0
0
0
0
0
0
0
0
0
0
0
0
0
0
0
0
0
0
0
0
0
0
0
0
0
0
0
0
0
0
0
0
0
0
0
0
0
0
0
0
0
0
0
0
0
0
0
0
0
0
0
0
0
0
0
0
0
0
0
0
0
0
0
0
0
0
0
0
0
0
0
0
0
0
0
0
0
0
0
0
0
0
0
0
0
0
0
0
0
0
0
0
0
