3.5999e+07
991.542
5.51795
0.0380011
0.000288258
2.29606e-06
1.87307e-08
1.53548e-10
1.24404e-12
9.81808e-15
7.46019e-17
5.41177e-19
3.72776e-21
2.43097e-23
1.49903e-25
8.74e-28
4.82136e-30
2.51902e-32
1.24571e-34
5.50319e-37
0
0
0
0
0
0
0
0
0
0
0
0
0
0
0
0
0
0
0
0
0
0
0
0
0
0
0
0
0
0
0
0
0
0
0
0
0
0
0
0
0
0
0
0
0
0
0
0
0
0
0
0
0
0
0
0
0
0
0
0
0
0
0
0
0
0
0
0
0
0
0
0
0
0
0
0
0
0
0
0
0
0
0
0
0
0
0
0
0
0
0
0
0
0
0
0
0
0
0
0
0
0
0
0
0
0
0
0
0
0
0
0
0
0
0
0
0
0
0
0
0
0
0
0
0
0
0
0
0
0
0
0
0
0
0
0
0
0
0
0
0
0
0
0
0
0
0
0
0
0
