3.59994e+07
587.32
1.98064
0.00798864
3.53216e-05
1.64656e-07
8.00815e-10
4.03404e-12
2.07797e-14
1.07486e-16
5.47684e-19
2.70436e-21
1.27884e-23
5.74791e-26
2.4453e-28
9.82786e-31
3.72938e-33
1.3293e-35
3.96906e-38
0
0
0
0
0
0
0
0
0
0
0
0
0
0
0
0
0
0
0
0
0
0
0
0
0
0
0
0
0
0
0
0
0
0
0
0
0
0
0
0
0
0
0
0
0
0
0
0
0
0
0
0
0
0
0
0
0
0
0
0
0
0
0
0
0
0
0
0
0
0
0
0
0
0
0
0
0
0
0
0
0
0
0
0
0
0
0
0
0
0
0
0
0
0
0
0
0
0
0
0
0
0
0
0
0
0
0
0
0
0
0
0
0
0
0
0
0
0
0
0
0
0
0
0
0
0
0
0
0
0
0
0
0
0
0
0
0
0
0
0
0
0
0
0
0
0
0
0
0
0
0
