3.59994e+07
651.031
2.42018
0.0108612
5.34659e-05
2.76455e-07
1.4773e-09
8.06713e-12
4.44517e-14
2.4365e-16
1.30984e-18
6.82333e-21
3.41289e-23
1.62888e-25
7.38989e-28
3.18056e-30
1.29753e-32
5.00314e-35
1.75002e-37
0
0
0
0
0
0
0
0
0
0
0
0
0
0
0
0
0
0
0
0
0
0
0
0
0
0
0
0
0
0
0
0
0
0
0
0
0
0
0
0
0
0
0
0
0
0
0
0
0
0
0
0
0
0
0
0
0
0
0
0
0
0
0
0
0
0
0
0
0
0
0
0
0
0
0
0
0
0
0
0
0
0
0
0
0
0
0
0
0
0
0
0
0
0
0
0
0
0
0
0
0
0
0
0
0
0
0
0
0
0
0
0
0
0
0
0
0
0
0
0
0
0
0
0
0
0
0
0
0
0
0
0
0
0
0
0
0
0
0
0
0
0
0
0
0
0
0
0
0
0
0
