3.59993e+07
741.535
3.12385
0.0160246
9.02982e-05
5.33732e-07
3.22935e-09
1.9595e-11
1.17088e-13
6.79006e-16
3.78146e-18
2.00841e-20
1.0131e-22
4.84289e-25
2.19206e-27
9.39548e-30
3.8155e-32
1.46628e-34
4.98143e-37
0
0
0
0
0
0
0
0
0
0
0
0
0
0
0
0
0
0
0
0
0
0
0
0
0
0
0
0
0
0
0
0
0
0
0
0
0
0
0
0
0
0
0
0
0
0
0
0
0
0
0
0
0
0
0
0
0
0
0
0
0
0
0
0
0
0
0
0
0
0
0
0
0
0
0
0
0
0
0
0
0
0
0
0
0
0
0
0
0
0
0
0
0
0
0
0
0
0
0
0
0
0
0
0
0
0
0
0
0
0
0
0
0
0
0
0
0
0
0
0
0
0
0
0
0
0
0
0
0
0
0
0
0
0
0
0
0
0
0
0
0
0
0
0
0
0
0
0
0
0
0
