3.59991e+07
891.034
4.47077
0.0275609
0.000186773
1.33459e-06
9.91341e-09
7.59489e-11
5.93723e-13
4.65845e-15
3.59807e-17
2.68803e-19
1.91735e-21
1.29523e-23
8.25134e-26
4.9492e-28
2.79497e-30
1.48746e-32
7.4581e-35
3.48164e-37
0
0
0
0
0
0
0
0
0
0
0
0
0
0
0
0
0
0
0
0
0
0
0
0
0
0
0
0
0
0
0
0
0
0
0
0
0
0
0
0
0
0
0
0
0
0
0
0
0
0
0
0
0
0
0
0
0
0
0
0
0
0
0
0
0
0
0
0
0
0
0
0
0
0
0
0
0
0
0
0
0
0
0
0
0
0
0
0
0
0
0
0
0
0
0
0
0
0
0
0
0
0
0
0
0
0
0
0
0
0
0
0
0
0
0
0
0
0
0
0
0
0
0
0
0
0
0
0
0
0
0
0
0
0
0
0
0
0
0
0
0
0
0
0
0
0
0
0
0
0
