3.5999e+07
969.214
5.27269
0.0355048
0.000264686
2.09069e-06
1.70776e-08
1.41145e-10
1.15586e-12
9.21085e-15
7.04489e-17
5.12386e-19
3.52414e-21
2.28563e-23
1.39646e-25
8.03907e-28
4.36449e-30
2.23755e-32
1.08286e-34
4.76929e-37
0
0
0
0
0
0
0
0
0
0
0
0
0
0
0
0
0
0
0
0
0
0
0
0
0
0
0
0
0
0
0
0
0
0
0
0
0
0
0
0
0
0
0
0
0
0
0
0
0
0
0
0
0
0
0
0
0
0
0
0
0
0
0
0
0
0
0
0
0
0
0
0
0
0
0
0
0
0
0
0
0
0
0
0
0
0
0
0
0
0
0
0
0
0
0
0
0
0
0
0
0
0
0
0
0
0
0
0
0
0
0
0
0
0
0
0
0
0
0
0
0
0
0
0
0
0
0
0
0
0
0
0
0
0
0
0
0
0
0
0
0
0
0
0
0
0
0
0
0
0
