3.59994e+07
597.737
2.05031
0.0084244
3.78537e-05
1.78542e-07
8.76167e-10
4.4619e-12
2.33688e-14
1.23602e-16
6.45594e-19
3.26397e-21
1.57458e-23
7.18551e-26
3.08837e-28
1.24826e-30
4.74423e-33
1.68844e-35
5.44826e-38
0
0
0
0
0
0
0
0
0
0
0
0
0
0
0
0
0
0
0
0
0
0
0
0
0
0
0
0
0
0
0
0
0
0
0
0
0
0
0
0
0
0
0
0
0
0
0
0
0
0
0
0
0
0
0
0
0
0
0
0
0
0
0
0
0
0
0
0
0
0
0
0
0
0
0
0
0
0
0
0
0
0
0
0
0
0
0
0
0
0
0
0
0
0
0
0
0
0
0
0
0
0
0
0
0
0
0
0
0
0
0
0
0
0
0
0
0
0
0
0
0
0
0
0
0
0
0
0
0
0
0
0
0
0
0
0
0
0
0
0
0
0
0
0
0
0
0
0
0
0
0
