3.59994e+07
582.044
1.94697
0.00777902
3.39216e-05
1.54245e-07
7.17822e-10
3.37303e-12
1.5789e-14
7.26675e-17
3.25105e-19
1.40111e-21
5.77844e-24
2.27025e-26
8.47331e-29
2.99982e-31
1.00623e-33
3.12599e-36
5.25766e-39
0
0
0
0
0
0
0
0
0
0
0
0
0
0
0
0
0
0
0
0
0
0
0
0
0
0
0
0
0
0
0
0
0
0
0
0
0
0
0
0
0
0
0
0
0
0
0
0
0
0
0
0
0
0
0
0
0
0
0
0
0
0
0
0
0
0
0
0
0
0
0
0
0
0
0
0
0
0
0
0
0
0
0
0
0
0
0
0
0
0
0
0
0
0
0
0
0
0
0
0
0
0
0
0
0
0
0
0
0
0
0
0
0
0
0
0
0
0
0
0
0
0
0
0
0
0
0
0
0
0
0
0
0
0
0
0
0
0
0
0
0
0
0
0
0
0
0
0
0
0
0
