3.59994e+07
654.885
2.44771
0.0110205
5.41218e-05
2.76388e-07
1.43563e-09
7.45707e-12
3.8116e-14
1.88966e-16
8.98176e-19
4.05931e-21
1.73535e-23
6.99737e-26
2.6584e-28
9.51641e-31
3.21144e-33
1.00778e-35
1.41743e-38
0
0
0
0
0
0
0
0
0
0
0
0
0
0
0
0
0
0
0
0
0
0
0
0
0
0
0
0
0
0
0
0
0
0
0
0
0
0
0
0
0
0
0
0
0
0
0
0
0
0
0
0
0
0
0
0
0
0
0
0
0
0
0
0
0
0
0
0
0
0
0
0
0
0
0
0
0
0
0
0
0
0
0
0
0
0
0
0
0
0
0
0
0
0
0
0
0
0
0
0
0
0
0
0
0
0
0
0
0
0
0
0
0
0
0
0
0
0
0
0
0
0
0
0
0
0
0
0
0
0
0
0
0
0
0
0
0
0
0
0
0
0
0
0
0
0
0
0
0
0
0
