3.59994e+07
643.827
2.36998
0.0105185
5.10822e-05
2.59188e-07
1.34642e-09
7.04904e-12
3.66103e-14
1.85836e-16
9.10664e-19
4.26935e-21
1.90358e-23
8.04429e-26
3.21657e-28
1.21649e-30
4.35208e-33
1.46177e-35
3.20726e-38
0
0
0
0
0
0
0
0
0
0
0
0
0
0
0
0
0
0
0
0
0
0
0
0
0
0
0
0
0
0
0
0
0
0
0
0
0
0
0
0
0
0
0
0
0
0
0
0
0
0
0
0
0
0
0
0
0
0
0
0
0
0
0
0
0
0
0
0
0
0
0
0
0
0
0
0
0
0
0
0
0
0
0
0
0
0
0
0
0
0
0
0
0
0
0
0
0
0
0
0
0
0
0
0
0
0
0
0
0
0
0
0
0
0
0
0
0
0
0
0
0
0
0
0
0
0
0
0
0
0
0
0
0
0
0
0
0
0
0
0
0
0
0
0
0
0
0
0
0
0
0
