3.59993e+07
745.959
3.15645
0.0162186
9.1217e-05
5.37778e-07
3.26282e-09
2.00952e-11
1.23992e-13
7.56969e-16
4.52201e-18
2.6192e-20
1.46048e-22
7.79903e-25
3.97411e-27
1.92797e-29
8.893e-32
3.89438e-34
1.59635e-36
5.37939e-39
0
0
0
0
0
0
0
0
0
0
0
0
0
0
0
0
0
0
0
0
0
0
0
0
0
0
0
0
0
0
0
0
0
0
0
0
0
0
0
0
0
0
0
0
0
0
0
0
0
0
0
0
0
0
0
0
0
0
0
0
0
0
0
0
0
0
0
0
0
0
0
0
0
0
0
0
0
0
0
0
0
0
0
0
0
0
0
0
0
0
0
0
0
0
0
0
0
0
0
0
0
0
0
0
0
0
0
0
0
0
0
0
0
0
0
0
0
0
0
0
0
0
0
0
0
0
0
0
0
0
0
0
0
0
0
0
0
0
0
0
0
0
0
0
0
0
0
0
0
0
