3.59993e+07
691.719
2.72591
0.0130304
6.84264e-05
3.77156e-07
2.13614e-09
1.22329e-11
6.97801e-14
3.91157e-16
2.13023e-18
1.11704e-20
5.60348e-23
2.6773e-25
1.21518e-27
5.23243e-30
2.13645e-32
8.25279e-35
2.85333e-37
0
0
0
0
0
0
0
0
0
0
0
0
0
0
0
0
0
0
0
0
0
0
0
0
0
0
0
0
0
0
0
0
0
0
0
0
0
0
0
0
0
0
0
0
0
0
0
0
0
0
0
0
0
0
0
0
0
0
0
0
0
0
0
0
0
0
0
0
0
0
0
0
0
0
0
0
0
0
0
0
0
0
0
0
0
0
0
0
0
0
0
0
0
0
0
0
0
0
0
0
0
0
0
0
0
0
0
0
0
0
0
0
0
0
0
0
0
0
0
0
0
0
0
0
0
0
0
0
0
0
0
0
0
0
0
0
0
0
0
0
0
0
0
0
0
0
0
0
0
0
0
