3.59993e+07
743.113
3.13753
0.0161688
9.19692e-05
5.54411e-07
3.48907e-09
2.26846e-11
1.50476e-13
1.00247e-15
6.59363e-18
4.21578e-20
2.58859e-22
1.51378e-24
8.38859e-27
4.3935e-29
2.17281e-31
1.01449e-33
4.4441e-36
1.75549e-38
0
0
0
0
0
0
0
0
0
0
0
0
0
0
0
0
0
0
0
0
0
0
0
0
0
0
0
0
0
0
0
0
0
0
0
0
0
0
0
0
0
0
0
0
0
0
0
0
0
0
0
0
0
0
0
0
0
0
0
0
0
0
0
0
0
0
0
0
0
0
0
0
0
0
0
0
0
0
0
0
0
0
0
0
0
0
0
0
0
0
0
0
0
0
0
0
0
0
0
0
0
0
0
0
0
0
0
0
0
0
0
0
0
0
0
0
0
0
0
0
0
0
0
0
0
0
0
0
0
0
0
0
0
0
0
0
0
0
0
0
0
0
0
0
0
0
0
0
0
0
