3.5999e+07
948.277
5.05278
0.0332957
0.000243646
1.9147e-06
1.60397e-08
1.42171e-10
1.30923e-12
1.21926e-14
1.11786e-16
9.88466e-19
8.32035e-21
6.61902e-23
4.9599e-25
3.49742e-27
2.32156e-29
1.45222e-31
8.57166e-34
4.77129e-36
2.38596e-38
0
0
0
0
0
0
0
0
0
0
0
0
0
0
0
0
0
0
0
0
0
0
0
0
0
0
0
0
0
0
0
0
0
0
0
0
0
0
0
0
0
0
0
0
0
0
0
0
0
0
0
0
0
0
0
0
0
0
0
0
0
0
0
0
0
0
0
0
0
0
0
0
0
0
0
0
0
0
0
0
0
0
0
0
0
0
0
0
0
0
0
0
0
0
0
0
0
0
0
0
0
0
0
0
0
0
0
0
0
0
0
0
0
0
0
0
0
0
0
0
0
0
0
0
0
0
0
0
0
0
0
0
0
0
0
0
0
0
0
0
0
0
0
0
0
0
0
0
0
