3.59993e+07
708.839
2.85407
0.0139091
7.40641e-05
4.11269e-07
2.3295e-09
1.32357e-11
7.43262e-14
4.0744e-16
2.15996e-18
1.10027e-20
5.36361e-23
2.4962e-25
1.10764e-27
4.68312e-30
1.88609e-32
7.21235e-35
2.37614e-37
0
0
0
0
0
0
0
0
0
0
0
0
0
0
0
0
0
0
0
0
0
0
0
0
0
0
0
0
0
0
0
0
0
0
0
0
0
0
0
0
0
0
0
0
0
0
0
0
0
0
0
0
0
0
0
0
0
0
0
0
0
0
0
0
0
0
0
0
0
0
0
0
0
0
0
0
0
0
0
0
0
0
0
0
0
0
0
0
0
0
0
0
0
0
0
0
0
0
0
0
0
0
0
0
0
0
0
0
0
0
0
0
0
0
0
0
0
0
0
0
0
0
0
0
0
0
0
0
0
0
0
0
0
0
0
0
0
0
0
0
0
0
0
0
0
0
0
0
0
0
0
