3.59993e+07
724.22
2.98221
0.0149423
8.26982e-05
4.89682e-07
3.10567e-09
2.12597e-11
1.5645e-13
1.20854e-15
9.46122e-18
7.26746e-20
5.35531e-22
3.7369e-24
2.45364e-26
1.51246e-28
8.7518e-31
4.75896e-33
2.43334e-35
1.16361e-37
0
0
0
0
0
0
0
0
0
0
0
0
0
0
0
0
0
0
0
0
0
0
0
0
0
0
0
0
0
0
0
0
0
0
0
0
0
0
0
0
0
0
0
0
0
0
0
0
0
0
0
0
0
0
0
0
0
0
0
0
0
0
0
0
0
0
0
0
0
0
0
0
0
0
0
0
0
0
0
0
0
0
0
0
0
0
0
0
0
0
0
0
0
0
0
0
0
0
0
0
0
0
0
0
0
0
0
0
0
0
0
0
0
0
0
0
0
0
0
0
0
0
0
0
0
0
0
0
0
0
0
0
0
0
0
0
0
0
0
0
0
0
0
0
0
0
0
0
0
0
