3.59994e+07
654.233
2.44763
0.0110893
5.52768e-05
2.89907e-07
1.5684e-09
8.60932e-12
4.71079e-14
2.52533e-16
1.30723e-18
6.46588e-21
3.03544e-23
1.34741e-25
5.64608e-28
2.23274e-30
8.33611e-33
2.92603e-35
8.34657e-38
0
0
0
0
0
0
0
0
0
0
0
0
0
0
0
0
0
0
0
0
0
0
0
0
0
0
0
0
0
0
0
0
0
0
0
0
0
0
0
0
0
0
0
0
0
0
0
0
0
0
0
0
0
0
0
0
0
0
0
0
0
0
0
0
0
0
0
0
0
0
0
0
0
0
0
0
0
0
0
0
0
0
0
0
0
0
0
0
0
0
0
0
0
0
0
0
0
0
0
0
0
0
0
0
0
0
0
0
0
0
0
0
0
0
0
0
0
0
0
0
0
0
0
0
0
0
0
0
0
0
0
0
0
0
0
0
0
0
0
0
0
0
0
0
0
0
0
0
0
0
0
