3.59993e+07
690.285
2.71711
0.0129617
6.76181e-05
3.66867e-07
2.01646e-09
1.09986e-11
5.8495e-14
2.99198e-16
1.45763e-18
6.72271e-21
2.92552e-23
1.19955e-25
4.6339e-28
1.68771e-30
5.80077e-33
1.86121e-35
3.59605e-38
0
0
0
0
0
0
0
0
0
0
0
0
0
0
0
0
0
0
0
0
0
0
0
0
0
0
0
0
0
0
0
0
0
0
0
0
0
0
0
0
0
0
0
0
0
0
0
0
0
0
0
0
0
0
0
0
0
0
0
0
0
0
0
0
0
0
0
0
0
0
0
0
0
0
0
0
0
0
0
0
0
0
0
0
0
0
0
0
0
0
0
0
0
0
0
0
0
0
0
0
0
0
0
0
0
0
0
0
0
0
0
0
0
0
0
0
0
0
0
0
0
0
0
0
0
0
0
0
0
0
0
0
0
0
0
0
0
0
0
0
0
0
0
0
0
0
0
0
0
0
0
