3.59994e+07
629.183
2.26543
0.00980449
4.63278e-05
2.28262e-07
1.15087e-09
5.85989e-12
2.97405e-14
1.4852e-16
7.21319e-19
3.37468e-21
1.51012e-23
6.43211e-26
2.59996e-28
9.95844e-31
3.61165e-33
1.22741e-35
3.20726e-38
0
0
0
0
0
0
0
0
0
0
0
0
0
0
0
0
0
0
0
0
0
0
0
0
0
0
0
0
0
0
0
0
0
0
0
0
0
0
0
0
0
0
0
0
0
0
0
0
0
0
0
0
0
0
0
0
0
0
0
0
0
0
0
0
0
0
0
0
0
0
0
0
0
0
0
0
0
0
0
0
0
0
0
0
0
0
0
0
0
0
0
0
0
0
0
0
0
0
0
0
0
0
0
0
0
0
0
0
0
0
0
0
0
0
0
0
0
0
0
0
0
0
0
0
0
0
0
0
0
0
0
0
0
0
0
0
0
0
0
0
0
0
0
0
0
0
0
0
0
0
0
