3.5999e+07
985.474
5.45166
0.0374073
0.000283805
2.26578e-06
1.84928e-08
1.50904e-10
1.20996e-12
9.40863e-15
7.02783e-17
5.00835e-19
3.38941e-21
2.1718e-23
1.31544e-25
7.5268e-28
4.06902e-30
2.07953e-32
1.0033e-34
4.36744e-37
0
0
0
0
0
0
0
0
0
0
0
0
0
0
0
0
0
0
0
0
0
0
0
0
0
0
0
0
0
0
0
0
0
0
0
0
0
0
0
0
0
0
0
0
0
0
0
0
0
0
0
0
0
0
0
0
0
0
0
0
0
0
0
0
0
0
0
0
0
0
0
0
0
0
0
0
0
0
0
0
0
0
0
0
0
0
0
0
0
0
0
0
0
0
0
0
0
0
0
0
0
0
0
0
0
0
0
0
0
0
0
0
0
0
0
0
0
0
0
0
0
0
0
0
0
0
0
0
0
0
0
0
0
0
0
0
0
0
0
0
0
0
0
0
0
0
0
0
0
0
