3.59993e+07
688.38
2.69676
0.0127574
6.57223e-05
3.51076e-07
1.90128e-09
1.02767e-11
5.46832e-14
2.82914e-16
1.40818e-18
6.68834e-21
3.01432e-23
1.28468e-25
5.16933e-28
1.96318e-30
7.03904e-33
2.36277e-35
5.91164e-38
0
0
0
0
0
0
0
0
0
0
0
0
0
0
0
0
0
0
0
0
0
0
0
0
0
0
0
0
0
0
0
0
0
0
0
0
0
0
0
0
0
0
0
0
0
0
0
0
0
0
0
0
0
0
0
0
0
0
0
0
0
0
0
0
0
0
0
0
0
0
0
0
0
0
0
0
0
0
0
0
0
0
0
0
0
0
0
0
0
0
0
0
0
0
0
0
0
0
0
0
0
0
0
0
0
0
0
0
0
0
0
0
0
0
0
0
0
0
0
0
0
0
0
0
0
0
0
0
0
0
0
0
0
0
0
0
0
0
0
0
0
0
0
0
0
0
0
0
0
0
0
