3.5999e+07
1009.16
5.7113
0.0399817
0.000307482
2.47759e-06
2.04798e-08
1.71545e-10
1.44126e-12
1.20072e-14
9.79248e-17
7.72187e-19
5.82804e-21
4.17997e-23
2.83642e-25
1.81705e-27
1.09819e-29
6.26397e-32
3.37234e-34
1.69242e-36
0
0
0
0
0
0
0
0
0
0
0
0
0
0
0
0
0
0
0
0
0
0
0
0
0
0
0
0
0
0
0
0
0
0
0
0
0
0
0
0
0
0
0
0
0
0
0
0
0
0
0
0
0
0
0
0
0
0
0
0
0
0
0
0
0
0
0
0
0
0
0
0
0
0
0
0
0
0
0
0
0
0
0
0
0
0
0
0
0
0
0
0
0
0
0
0
0
0
0
0
0
0
0
0
0
0
0
0
0
0
0
0
0
0
0
0
0
0
0
0
0
0
0
0
0
0
0
0
0
0
0
0
0
0
0
0
0
0
0
0
0
0
0
0
0
0
0
0
0
0
