3.59995e+07
564.676
1.83595
0.00710972
2.99747e-05
1.31253e-07
5.85863e-10
2.63333e-12
1.17781e-14
5.18019e-17
2.21606e-19
9.13783e-22
3.60695e-24
1.35638e-26
4.84464e-29
1.64076e-31
5.25996e-34
1.54295e-36
0
0
0
0
0
0
0
0
0
0
0
0
0
0
0
0
0
0
0
0
0
0
0
0
0
0
0
0
0
0
0
0
0
0
0
0
0
0
0
0
0
0
0
0
0
0
0
0
0
0
0
0
0
0
0
0
0
0
0
0
0
0
0
0
0
0
0
0
0
0
0
0
0
0
0
0
0
0
0
0
0
0
0
0
0
0
0
0
0
0
0
0
0
0
0
0
0
0
0
0
0
0
0
0
0
0
0
0
0
0
0
0
0
0
0
0
0
0
0
0
0
0
0
0
0
0
0
0
0
0
0
0
0
0
0
0
0
0
0
0
0
0
0
0
0
0
0
0
0
0
0
0
