3.59993e+07
682.811
2.65612
0.0125153
6.48852e-05
3.55786e-07
2.03899e-09
1.2133e-11
7.42615e-14
4.60847e-16
2.84972e-18
1.72663e-20
1.01111e-22
5.66698e-25
3.02085e-27
1.52609e-29
7.29387e-32
3.29458e-34
1.3959e-36
5.37939e-39
0
0
0
0
0
0
0
0
0
0
0
0
0
0
0
0
0
0
0
0
0
0
0
0
0
0
0
0
0
0
0
0
0
0
0
0
0
0
0
0
0
0
0
0
0
0
0
0
0
0
0
0
0
0
0
0
0
0
0
0
0
0
0
0
0
0
0
0
0
0
0
0
0
0
0
0
0
0
0
0
0
0
0
0
0
0
0
0
0
0
0
0
0
0
0
0
0
0
0
0
0
0
0
0
0
0
0
0
0
0
0
0
0
0
0
0
0
0
0
0
0
0
0
0
0
0
0
0
0
0
0
0
0
0
0
0
0
0
0
0
0
0
0
0
0
0
0
0
0
0
