3.59993e+07
740.9
3.11863
0.0159876
8.99304e-05
5.29422e-07
3.18642e-09
1.92612e-11
1.1512e-13
6.71198e-16
3.77605e-18
2.03309e-20
1.04174e-22
5.06212e-25
2.32851e-27
1.01326e-29
4.17187e-32
1.62283e-34
5.71791e-37
0
0
0
0
0
0
0
0
0
0
0
0
0
0
0
0
0
0
0
0
0
0
0
0
0
0
0
0
0
0
0
0
0
0
0
0
0
0
0
0
0
0
0
0
0
0
0
0
0
0
0
0
0
0
0
0
0
0
0
0
0
0
0
0
0
0
0
0
0
0
0
0
0
0
0
0
0
0
0
0
0
0
0
0
0
0
0
0
0
0
0
0
0
0
0
0
0
0
0
0
0
0
0
0
0
0
0
0
0
0
0
0
0
0
0
0
0
0
0
0
0
0
0
0
0
0
0
0
0
0
0
0
0
0
0
0
0
0
0
0
0
0
0
0
0
0
0
0
0
0
0
