3.59993e+07
718.055
2.93083
0.0145261
7.91083e-05
4.54227e-07
2.70711e-09
1.65508e-11
1.02388e-13
6.3098e-16
3.815e-18
2.23433e-20
1.25572e-22
6.72999e-25
3.42689e-27
1.65467e-29
7.57059e-32
3.27941e-34
1.32676e-36
4.06424e-39
0
0
0
0
0
0
0
0
0
0
0
0
0
0
0
0
0
0
0
0
0
0
0
0
0
0
0
0
0
0
0
0
0
0
0
0
0
0
0
0
0
0
0
0
0
0
0
0
0
0
0
0
0
0
0
0
0
0
0
0
0
0
0
0
0
0
0
0
0
0
0
0
0
0
0
0
0
0
0
0
0
0
0
0
0
0
0
0
0
0
0
0
0
0
0
0
0
0
0
0
0
0
0
0
0
0
0
0
0
0
0
0
0
0
0
0
0
0
0
0
0
0
0
0
0
0
0
0
0
0
0
0
0
0
0
0
0
0
0
0
0
0
0
0
0
0
0
0
0
0
