3.59994e+07
664.829
2.52273
0.0115563
5.78733e-05
3.03057e-07
1.6346e-09
9.0163e-12
5.04723e-14
2.8343e-16
1.57304e-18
8.49893e-21
4.4143e-23
2.18456e-25
1.02449e-27
4.54018e-30
1.89941e-32
7.48518e-35
2.66911e-37
0
0
0
0
0
0
0
0
0
0
0
0
0
0
0
0
0
0
0
0
0
0
0
0
0
0
0
0
0
0
0
0
0
0
0
0
0
0
0
0
0
0
0
0
0
0
0
0
0
0
0
0
0
0
0
0
0
0
0
0
0
0
0
0
0
0
0
0
0
0
0
0
0
0
0
0
0
0
0
0
0
0
0
0
0
0
0
0
0
0
0
0
0
0
0
0
0
0
0
0
0
0
0
0
0
0
0
0
0
0
0
0
0
0
0
0
0
0
0
0
0
0
0
0
0
0
0
0
0
0
0
0
0
0
0
0
0
0
0
0
0
0
0
0
0
0
0
0
0
0
0
