3.59993e+07
679.954
2.63337
0.0123427
6.37498e-05
3.50571e-07
2.03991e-09
1.24867e-11
7.91013e-14
5.05795e-16
3.18264e-18
1.93217e-20
1.11744e-22
6.11316e-25
3.15331e-27
1.53226e-29
7.01655e-32
3.02938e-34
1.22743e-36
3.05767e-39
0
0
0
0
0
0
0
0
0
0
0
0
0
0
0
0
0
0
0
0
0
0
0
0
0
0
0
0
0
0
0
0
0
0
0
0
0
0
0
0
0
0
0
0
0
0
0
0
0
0
0
0
0
0
0
0
0
0
0
0
0
0
0
0
0
0
0
0
0
0
0
0
0
0
0
0
0
0
0
0
0
0
0
0
0
0
0
0
0
0
0
0
0
0
0
0
0
0
0
0
0
0
0
0
0
0
0
0
0
0
0
0
0
0
0
0
0
0
0
0
0
0
0
0
0
0
0
0
0
0
0
0
0
0
0
0
0
0
0
0
0
0
0
0
0
0
0
0
0
0
