3.59994e+07
630.518
2.27702
0.00991641
4.74432e-05
2.38777e-07
1.24235e-09
6.59025e-12
3.50768e-14
1.8415e-16
9.38881e-19
4.59278e-21
2.13779e-23
9.42123e-26
3.92092e-28
1.53967e-30
5.70481e-33
1.98336e-35
5.81416e-38
0
0
0
0
0
0
0
0
0
0
0
0
0
0
0
0
0
0
0
0
0
0
0
0
0
0
0
0
0
0
0
0
0
0
0
0
0
0
0
0
0
0
0
0
0
0
0
0
0
0
0
0
0
0
0
0
0
0
0
0
0
0
0
0
0
0
0
0
0
0
0
0
0
0
0
0
0
0
0
0
0
0
0
0
0
0
0
0
0
0
0
0
0
0
0
0
0
0
0
0
0
0
0
0
0
0
0
0
0
0
0
0
0
0
0
0
0
0
0
0
0
0
0
0
0
0
0
0
0
0
0
0
0
0
0
0
0
0
0
0
0
0
0
0
0
0
0
0
0
0
0
