3.59994e+07
653.848
2.43866
0.0109645
5.41332e-05
2.83965e-07
1.59283e-09
9.73833e-12
6.52523e-14
4.67281e-16
3.42088e-18
2.45809e-20
1.68826e-22
1.09301e-24
6.63144e-27
3.7648e-29
2.00139e-31
9.97916e-34
4.6661e-36
2.05927e-38
0
0
0
0
0
0
0
0
0
0
0
0
0
0
0
0
0
0
0
0
0
0
0
0
0
0
0
0
0
0
0
0
0
0
0
0
0
0
0
0
0
0
0
0
0
0
0
0
0
0
0
0
0
0
0
0
0
0
0
0
0
0
0
0
0
0
0
0
0
0
0
0
0
0
0
0
0
0
0
0
0
0
0
0
0
0
0
0
0
0
0
0
0
0
0
0
0
0
0
0
0
0
0
0
0
0
0
0
0
0
0
0
0
0
0
0
0
0
0
0
0
0
0
0
0
0
0
0
0
0
0
0
0
0
0
0
0
0
0
0
0
0
0
0
0
0
0
0
0
0
