3.59994e+07
635.96
2.31183
0.0101183
4.84947e-05
2.44297e-07
1.28106e-09
6.96902e-12
3.89974e-14
2.20818e-16
1.23979e-18
6.7749e-21
3.55407e-23
1.77431e-25
8.38977e-28
3.7494e-30
1.58287e-32
6.30331e-35
2.29992e-37
0
0
0
0
0
0
0
0
0
0
0
0
0
0
0
0
0
0
0
0
0
0
0
0
0
0
0
0
0
0
0
0
0
0
0
0
0
0
0
0
0
0
0
0
0
0
0
0
0
0
0
0
0
0
0
0
0
0
0
0
0
0
0
0
0
0
0
0
0
0
0
0
0
0
0
0
0
0
0
0
0
0
0
0
0
0
0
0
0
0
0
0
0
0
0
0
0
0
0
0
0
0
0
0
0
0
0
0
0
0
0
0
0
0
0
0
0
0
0
0
0
0
0
0
0
0
0
0
0
0
0
0
0
0
0
0
0
0
0
0
0
0
0
0
0
0
0
0
0
0
0
