3.59994e+07
585.094
1.96765
0.00792191
3.49259e-05
1.61413e-07
7.69667e-10
3.7457e-12
1.83728e-14
8.95207e-17
4.27082e-19
1.97063e-21
8.71419e-24
3.67057e-26
1.46749e-28
5.5591e-31
1.99375e-33
6.69372e-36
1.49553e-38
0
0
0
0
0
0
0
0
0
0
0
0
0
0
0
0
0
0
0
0
0
0
0
0
0
0
0
0
0
0
0
0
0
0
0
0
0
0
0
0
0
0
0
0
0
0
0
0
0
0
0
0
0
0
0
0
0
0
0
0
0
0
0
0
0
0
0
0
0
0
0
0
0
0
0
0
0
0
0
0
0
0
0
0
0
0
0
0
0
0
0
0
0
0
0
0
0
0
0
0
0
0
0
0
0
0
0
0
0
0
0
0
0
0
0
0
0
0
0
0
0
0
0
0
0
0
0
0
0
0
0
0
0
0
0
0
0
0
0
0
0
0
0
0
0
0
0
0
0
0
0
