3.5999e+07
944.696
5.02106
0.0329571
0.000237691
1.78839e-06
1.36283e-08
1.02921e-10
7.57942e-13
5.38131e-15
3.65547e-17
2.36423e-19
1.4517e-21
8.44967e-24
4.6595e-26
2.43453e-28
1.20584e-30
5.66544e-33
2.50648e-35
8.24578e-38
0
0
0
0
0
0
0
0
0
0
0
0
0
0
0
0
0
0
0
0
0
0
0
0
0
0
0
0
0
0
0
0
0
0
0
0
0
0
0
0
0
0
0
0
0
0
0
0
0
0
0
0
0
0
0
0
0
0
0
0
0
0
0
0
0
0
0
0
0
0
0
0
0
0
0
0
0
0
0
0
0
0
0
0
0
0
0
0
0
0
0
0
0
0
0
0
0
0
0
0
0
0
0
0
0
0
0
0
0
0
0
0
0
0
0
0
0
0
0
0
0
0
0
0
0
0
0
0
0
0
0
0
0
0
0
0
0
0
0
0
0
0
0
0
0
0
0
0
0
0
