3.59994e+07
626.017
2.24459
0.00968416
4.57073e-05
2.25578e-07
1.14421e-09
5.89492e-12
3.04458e-14
1.55346e-16
7.72125e-19
3.69524e-21
1.68857e-23
7.32796e-26
3.01117e-28
1.1701e-30
4.29814e-33
1.48174e-35
3.95273e-38
0
0
0
0
0
0
0
0
0
0
0
0
0
0
0
0
0
0
0
0
0
0
0
0
0
0
0
0
0
0
0
0
0
0
0
0
0
0
0
0
0
0
0
0
0
0
0
0
0
0
0
0
0
0
0
0
0
0
0
0
0
0
0
0
0
0
0
0
0
0
0
0
0
0
0
0
0
0
0
0
0
0
0
0
0
0
0
0
0
0
0
0
0
0
0
0
0
0
0
0
0
0
0
0
0
0
0
0
0
0
0
0
0
0
0
0
0
0
0
0
0
0
0
0
0
0
0
0
0
0
0
0
0
0
0
0
0
0
0
0
0
0
0
0
0
0
0
0
0
0
0
