3.59993e+07
668.147
2.54918
0.0117897
6.00084e-05
3.21155e-07
1.7655e-09
9.76156e-12
5.31662e-14
2.80187e-16
1.41004e-18
6.71912e-21
3.0176e-23
1.27469e-25
5.06296e-28
1.89232e-30
6.66314e-33
2.19637e-35
4.41308e-38
0
0
0
0
0
0
0
0
0
0
0
0
0
0
0
0
0
0
0
0
0
0
0
0
0
0
0
0
0
0
0
0
0
0
0
0
0
0
0
0
0
0
0
0
0
0
0
0
0
0
0
0
0
0
0
0
0
0
0
0
0
0
0
0
0
0
0
0
0
0
0
0
0
0
0
0
0
0
0
0
0
0
0
0
0
0
0
0
0
0
0
0
0
0
0
0
0
0
0
0
0
0
0
0
0
0
0
0
0
0
0
0
0
0
0
0
0
0
0
0
0
0
0
0
0
0
0
0
0
0
0
0
0
0
0
0
0
0
0
0
0
0
0
0
0
0
0
0
0
0
0
