3.59994e+07
648.2
2.39804
0.0106851
5.20018e-05
2.63709e-07
1.36494e-09
7.106e-12
3.67094e-14
1.85803e-16
9.1121e-19
4.2913e-21
1.92801e-23
8.22764e-26
3.32632e-28
1.27251e-30
4.60444e-33
1.56129e-35
4.11718e-38
0
0
0
0
0
0
0
0
0
0
0
0
0
0
0
0
0
0
0
0
0
0
0
0
0
0
0
0
0
0
0
0
0
0
0
0
0
0
0
0
0
0
0
0
0
0
0
0
0
0
0
0
0
0
0
0
0
0
0
0
0
0
0
0
0
0
0
0
0
0
0
0
0
0
0
0
0
0
0
0
0
0
0
0
0
0
0
0
0
0
0
0
0
0
0
0
0
0
0
0
0
0
0
0
0
0
0
0
0
0
0
0
0
0
0
0
0
0
0
0
0
0
0
0
0
0
0
0
0
0
0
0
0
0
0
0
0
0
0
0
0
0
0
0
0
0
0
0
0
0
0
