3.59994e+07
644.785
2.37427
0.0105321
5.10676e-05
2.58363e-07
1.3372e-09
6.98038e-12
3.62328e-14
1.8437e-16
9.08134e-19
4.2873e-21
1.92676e-23
8.20874e-26
3.30838e-28
1.26055e-30
4.54081e-33
1.53282e-35
3.95732e-38
0
0
0
0
0
0
0
0
0
0
0
0
0
0
0
0
0
0
0
0
0
0
0
0
0
0
0
0
0
0
0
0
0
0
0
0
0
0
0
0
0
0
0
0
0
0
0
0
0
0
0
0
0
0
0
0
0
0
0
0
0
0
0
0
0
0
0
0
0
0
0
0
0
0
0
0
0
0
0
0
0
0
0
0
0
0
0
0
0
0
0
0
0
0
0
0
0
0
0
0
0
0
0
0
0
0
0
0
0
0
0
0
0
0
0
0
0
0
0
0
0
0
0
0
0
0
0
0
0
0
0
0
0
0
0
0
0
0
0
0
0
0
0
0
0
0
0
0
0
0
0
