3.59991e+07
929.383
4.85373
0.0312539
0.000222703
1.69357e-06
1.3586e-08
1.13741e-10
9.76317e-13
8.3962e-15
7.07258e-17
5.73284e-19
4.41913e-21
3.21756e-23
2.20557e-25
1.42195e-27
8.62523e-30
4.92796e-32
2.6544e-34
1.33489e-36
0
0
0
0
0
0
0
0
0
0
0
0
0
0
0
0
0
0
0
0
0
0
0
0
0
0
0
0
0
0
0
0
0
0
0
0
0
0
0
0
0
0
0
0
0
0
0
0
0
0
0
0
0
0
0
0
0
0
0
0
0
0
0
0
0
0
0
0
0
0
0
0
0
0
0
0
0
0
0
0
0
0
0
0
0
0
0
0
0
0
0
0
0
0
0
0
0
0
0
0
0
0
0
0
0
0
0
0
0
0
0
0
0
0
0
0
0
0
0
0
0
0
0
0
0
0
0
0
0
0
0
0
0
0
0
0
0
0
0
0
0
0
0
0
0
0
0
0
0
0
