3.59993e+07
743.412
3.13477
0.01607
9.03663e-05
5.33275e-07
3.23551e-09
1.98524e-11
1.212e-13
7.25113e-16
4.19759e-18
2.32873e-20
1.23005e-22
6.16098e-25
2.91987e-27
1.30829e-29
5.54211e-32
2.21768e-34
8.03373e-37
0
0
0
0
0
0
0
0
0
0
0
0
0
0
0
0
0
0
0
0
0
0
0
0
0
0
0
0
0
0
0
0
0
0
0
0
0
0
0
0
0
0
0
0
0
0
0
0
0
0
0
0
0
0
0
0
0
0
0
0
0
0
0
0
0
0
0
0
0
0
0
0
0
0
0
0
0
0
0
0
0
0
0
0
0
0
0
0
0
0
0
0
0
0
0
0
0
0
0
0
0
0
0
0
0
0
0
0
0
0
0
0
0
0
0
0
0
0
0
0
0
0
0
0
0
0
0
0
0
0
0
0
0
0
0
0
0
0
0
0
0
0
0
0
0
0
0
0
0
0
0
