3.59994e+07
612.718
2.15294
0.00909322
4.21343e-05
2.05214e-07
1.03314e-09
5.30302e-12
2.73064e-14
1.38668e-16
6.84071e-19
3.24072e-21
1.46294e-23
6.2636e-26
2.53749e-28
9.71877e-31
3.51902e-33
1.19525e-35
2.98297e-38
0
0
0
0
0
0
0
0
0
0
0
0
0
0
0
0
0
0
0
0
0
0
0
0
0
0
0
0
0
0
0
0
0
0
0
0
0
0
0
0
0
0
0
0
0
0
0
0
0
0
0
0
0
0
0
0
0
0
0
0
0
0
0
0
0
0
0
0
0
0
0
0
0
0
0
0
0
0
0
0
0
0
0
0
0
0
0
0
0
0
0
0
0
0
0
0
0
0
0
0
0
0
0
0
0
0
0
0
0
0
0
0
0
0
0
0
0
0
0
0
0
0
0
0
0
0
0
0
0
0
0
0
0
0
0
0
0
0
0
0
0
0
0
0
0
0
0
0
0
0
0
