3.59993e+07
736.498
3.08657
0.0158008
8.95684e-05
5.40291e-07
3.41297e-09
2.23251e-11
1.49628e-13
1.01566e-15
6.88859e-18
4.6005e-20
2.98401e-22
1.85886e-24
1.10331e-26
6.20885e-29
3.30417e-31
1.66103e-33
7.85667e-36
3.43357e-38
0
0
0
0
0
0
0
0
0
0
0
0
0
0
0
0
0
0
0
0
0
0
0
0
0
0
0
0
0
0
0
0
0
0
0
0
0
0
0
0
0
0
0
0
0
0
0
0
0
0
0
0
0
0
0
0
0
0
0
0
0
0
0
0
0
0
0
0
0
0
0
0
0
0
0
0
0
0
0
0
0
0
0
0
0
0
0
0
0
0
0
0
0
0
0
0
0
0
0
0
0
0
0
0
0
0
0
0
0
0
0
0
0
0
0
0
0
0
0
0
0
0
0
0
0
0
0
0
0
0
0
0
0
0
0
0
0
0
0
0
0
0
0
0
0
0
0
0
0
0
