3.5999e+07
985.471
5.45139
0.0372577
0.000278533
2.15227e-06
1.66177e-08
1.25117e-10
9.03148e-13
6.18297e-15
3.98992e-17
2.41987e-19
1.37821e-21
7.3741e-24
3.71077e-26
1.75892e-28
7.86673e-31
3.32442e-33
1.30363e-35
2.36874e-38
0
0
0
0
0
0
0
0
0
0
0
0
0
0
0
0
0
0
0
0
0
0
0
0
0
0
0
0
0
0
0
0
0
0
0
0
0
0
0
0
0
0
0
0
0
0
0
0
0
0
0
0
0
0
0
0
0
0
0
0
0
0
0
0
0
0
0
0
0
0
0
0
0
0
0
0
0
0
0
0
0
0
0
0
0
0
0
0
0
0
0
0
0
0
0
0
0
0
0
0
0
0
0
0
0
0
0
0
0
0
0
0
0
0
0
0
0
0
0
0
0
0
0
0
0
0
0
0
0
0
0
0
0
0
0
0
0
0
0
0
0
0
0
0
0
0
0
0
0
0
