3.59994e+07
612.37
2.15181
0.00909521
4.2177e-05
2.0522e-07
1.02933e-09
5.26149e-12
2.71109e-14
1.39205e-16
7.03871e-19
3.46578e-21
1.64615e-23
7.48791e-26
3.24589e-28
1.33685e-30
5.22245e-33
1.92266e-35
6.24722e-38
0
0
0
0
0
0
0
0
0
0
0
0
0
0
0
0
0
0
0
0
0
0
0
0
0
0
0
0
0
0
0
0
0
0
0
0
0
0
0
0
0
0
0
0
0
0
0
0
0
0
0
0
0
0
0
0
0
0
0
0
0
0
0
0
0
0
0
0
0
0
0
0
0
0
0
0
0
0
0
0
0
0
0
0
0
0
0
0
0
0
0
0
0
0
0
0
0
0
0
0
0
0
0
0
0
0
0
0
0
0
0
0
0
0
0
0
0
0
0
0
0
0
0
0
0
0
0
0
0
0
0
0
0
0
0
0
0
0
0
0
0
0
0
0
0
0
0
0
0
0
0
