3.59993e+07
690.152
2.70987
0.0128738
6.70421e-05
3.67133e-07
2.08174e-09
1.2066e-11
7.03304e-14
4.04839e-16
2.26378e-18
1.21435e-20
6.19715e-23
2.99414e-25
1.36636e-27
5.88529e-30
2.39329e-32
9.1786e-35
3.15231e-37
0
0
0
0
0
0
0
0
0
0
0
0
0
0
0
0
0
0
0
0
0
0
0
0
0
0
0
0
0
0
0
0
0
0
0
0
0
0
0
0
0
0
0
0
0
0
0
0
0
0
0
0
0
0
0
0
0
0
0
0
0
0
0
0
0
0
0
0
0
0
0
0
0
0
0
0
0
0
0
0
0
0
0
0
0
0
0
0
0
0
0
0
0
0
0
0
0
0
0
0
0
0
0
0
0
0
0
0
0
0
0
0
0
0
0
0
0
0
0
0
0
0
0
0
0
0
0
0
0
0
0
0
0
0
0
0
0
0
0
0
0
0
0
0
0
0
0
0
0
0
0
