3.5999e+07
964.144
5.21773
0.0349195
0.00025808
2.01482e-06
1.62629e-08
1.33583e-10
1.10057e-12
8.96802e-15
7.13293e-17
5.47521e-19
4.02055e-21
2.80728e-23
1.85698e-25
1.16163e-27
6.8683e-30
3.83986e-32
2.02985e-34
1.00154e-36
0
0
0
0
0
0
0
0
0
0
0
0
0
0
0
0
0
0
0
0
0
0
0
0
0
0
0
0
0
0
0
0
0
0
0
0
0
0
0
0
0
0
0
0
0
0
0
0
0
0
0
0
0
0
0
0
0
0
0
0
0
0
0
0
0
0
0
0
0
0
0
0
0
0
0
0
0
0
0
0
0
0
0
0
0
0
0
0
0
0
0
0
0
0
0
0
0
0
0
0
0
0
0
0
0
0
0
0
0
0
0
0
0
0
0
0
0
0
0
0
0
0
0
0
0
0
0
0
0
0
0
0
0
0
0
0
0
0
0
0
0
0
0
0
0
0
0
0
0
0
