3.59994e+07
630.895
2.27626
0.00986875
4.66253e-05
2.28604e-07
1.13792e-09
5.66665e-12
2.79087e-14
1.34776e-16
6.34198e-19
2.89387e-21
1.27517e-23
5.40531e-26
2.19653e-28
8.53211e-31
3.16008e-33
1.10168e-35
3.27231e-38
0
0
0
0
0
0
0
0
0
0
0
0
0
0
0
0
0
0
0
0
0
0
0
0
0
0
0
0
0
0
0
0
0
0
0
0
0
0
0
0
0
0
0
0
0
0
0
0
0
0
0
0
0
0
0
0
0
0
0
0
0
0
0
0
0
0
0
0
0
0
0
0
0
0
0
0
0
0
0
0
0
0
0
0
0
0
0
0
0
0
0
0
0
0
0
0
0
0
0
0
0
0
0
0
0
0
0
0
0
0
0
0
0
0
0
0
0
0
0
0
0
0
0
0
0
0
0
0
0
0
0
0
0
0
0
0
0
0
0
0
0
0
0
0
0
0
0
0
0
0
0
