3.5999e+07
959.985
5.18442
0.0346815
0.0002562
1.99501e-06
1.60259e-08
1.30991e-10
1.07733e-12
8.81918e-15
7.10742e-17
5.58029e-19
4.22993e-21
3.07367e-23
2.13033e-25
1.40379e-27
8.77917e-30
5.207e-32
2.92711e-34
1.54161e-36
6.92042e-39
0
0
0
0
0
0
0
0
0
0
0
0
0
0
0
0
0
0
0
0
0
0
0
0
0
0
0
0
0
0
0
0
0
0
0
0
0
0
0
0
0
0
0
0
0
0
0
0
0
0
0
0
0
0
0
0
0
0
0
0
0
0
0
0
0
0
0
0
0
0
0
0
0
0
0
0
0
0
0
0
0
0
0
0
0
0
0
0
0
0
0
0
0
0
0
0
0
0
0
0
0
0
0
0
0
0
0
0
0
0
0
0
0
0
0
0
0
0
0
0
0
0
0
0
0
0
0
0
0
0
0
0
0
0
0
0
0
0
0
0
0
0
0
0
0
0
0
0
0
