3.59991e+07
887.554
4.44708
0.0274654
0.000186912
1.33963e-06
9.90999e-09
7.45926e-11
5.63316e-13
4.20553e-15
3.06025e-17
2.14502e-19
1.43584e-21
9.12787e-24
5.49394e-26
3.12664e-28
1.68224e-30
8.56098e-33
4.11259e-35
1.76821e-37
0
0
0
0
0
0
0
0
0
0
0
0
0
0
0
0
0
0
0
0
0
0
0
0
0
0
0
0
0
0
0
0
0
0
0
0
0
0
0
0
0
0
0
0
0
0
0
0
0
0
0
0
0
0
0
0
0
0
0
0
0
0
0
0
0
0
0
0
0
0
0
0
0
0
0
0
0
0
0
0
0
0
0
0
0
0
0
0
0
0
0
0
0
0
0
0
0
0
0
0
0
0
0
0
0
0
0
0
0
0
0
0
0
0
0
0
0
0
0
0
0
0
0
0
0
0
0
0
0
0
0
0
0
0
0
0
0
0
0
0
0
0
0
0
0
0
0
0
0
0
