3.59989e+07
1038.18
6.0465
0.0437265
0.00034827
2.90193e-06
2.45779e-08
2.07332e-10
1.71687e-12
1.38146e-14
1.07241e-16
7.99046e-19
5.69317e-21
3.86837e-23
2.50194e-25
1.53846e-27
8.98853e-30
4.989e-32
2.62809e-34
1.27504e-36
0
0
0
0
0
0
0
0
0
0
0
0
0
0
0
0
0
0
0
0
0
0
0
0
0
0
0
0
0
0
0
0
0
0
0
0
0
0
0
0
0
0
0
0
0
0
0
0
0
0
0
0
0
0
0
0
0
0
0
0
0
0
0
0
0
0
0
0
0
0
0
0
0
0
0
0
0
0
0
0
0
0
0
0
0
0
0
0
0
0
0
0
0
0
0
0
0
0
0
0
0
0
0
0
0
0
0
0
0
0
0
0
0
0
0
0
0
0
0
0
0
0
0
0
0
0
0
0
0
0
0
0
0
0
0
0
0
0
0
0
0
0
0
0
0
0
0
0
0
0
