3.59994e+07
577.242
1.91703
0.0076102
3.29998e-05
1.49285e-07
6.92293e-10
3.25329e-12
1.53064e-14
7.11759e-17
3.23147e-19
1.41792e-21
5.96718e-24
2.39593e-26
9.14842e-29
3.31593e-31
1.13944e-33
3.6558e-36
7.50058e-39
0
0
0
0
0
0
0
0
0
0
0
0
0
0
0
0
0
0
0
0
0
0
0
0
0
0
0
0
0
0
0
0
0
0
0
0
0
0
0
0
0
0
0
0
0
0
0
0
0
0
0
0
0
0
0
0
0
0
0
0
0
0
0
0
0
0
0
0
0
0
0
0
0
0
0
0
0
0
0
0
0
0
0
0
0
0
0
0
0
0
0
0
0
0
0
0
0
0
0
0
0
0
0
0
0
0
0
0
0
0
0
0
0
0
0
0
0
0
0
0
0
0
0
0
0
0
0
0
0
0
0
0
0
0
0
0
0
0
0
0
0
0
0
0
0
0
0
0
0
0
0
