3.59991e+07
896.671
4.53503
0.0283031
0.000195003
1.415e-06
1.05506e-08
7.9362e-11
5.93109e-13
4.34855e-15
3.09598e-17
2.12351e-19
1.39498e-21
8.74104e-24
5.2106e-26
2.95042e-28
1.58581e-30
8.0896e-33
3.90464e-35
1.64071e-37
0
0
0
0
0
0
0
0
0
0
0
0
0
0
0
0
0
0
0
0
0
0
0
0
0
0
0
0
0
0
0
0
0
0
0
0
0
0
0
0
0
0
0
0
0
0
0
0
0
0
0
0
0
0
0
0
0
0
0
0
0
0
0
0
0
0
0
0
0
0
0
0
0
0
0
0
0
0
0
0
0
0
0
0
0
0
0
0
0
0
0
0
0
0
0
0
0
0
0
0
0
0
0
0
0
0
0
0
0
0
0
0
0
0
0
0
0
0
0
0
0
0
0
0
0
0
0
0
0
0
0
0
0
0
0
0
0
0
0
0
0
0
0
0
0
0
0
0
0
0
