3.59993e+07
712.605
2.88511
0.0141371
7.55545e-05
4.19587e-07
2.3662e-09
1.3341e-11
7.43072e-14
4.05021e-16
2.144e-18
1.09542e-20
5.37503e-23
2.5232e-25
1.13003e-27
4.81955e-30
1.95541e-32
7.5188e-35
2.56476e-37
0
0
0
0
0
0
0
0
0
0
0
0
0
0
0
0
0
0
0
0
0
0
0
0
0
0
0
0
0
0
0
0
0
0
0
0
0
0
0
0
0
0
0
0
0
0
0
0
0
0
0
0
0
0
0
0
0
0
0
0
0
0
0
0
0
0
0
0
0
0
0
0
0
0
0
0
0
0
0
0
0
0
0
0
0
0
0
0
0
0
0
0
0
0
0
0
0
0
0
0
0
0
0
0
0
0
0
0
0
0
0
0
0
0
0
0
0
0
0
0
0
0
0
0
0
0
0
0
0
0
0
0
0
0
0
0
0
0
0
0
0
0
0
0
0
0
0
0
0
0
0
