3.59994e+07
645.943
2.38366
0.0106182
5.19938e-05
2.68986e-07
1.45633e-09
8.2195e-12
4.79124e-14
2.8355e-16
1.66871e-18
9.58339e-21
5.29609e-23
2.79096e-25
1.39525e-27
6.59996e-30
2.95126e-32
1.24631e-34
4.83353e-37
0
0
0
0
0
0
0
0
0
0
0
0
0
0
0
0
0
0
0
0
0
0
0
0
0
0
0
0
0
0
0
0
0
0
0
0
0
0
0
0
0
0
0
0
0
0
0
0
0
0
0
0
0
0
0
0
0
0
0
0
0
0
0
0
0
0
0
0
0
0
0
0
0
0
0
0
0
0
0
0
0
0
0
0
0
0
0
0
0
0
0
0
0
0
0
0
0
0
0
0
0
0
0
0
0
0
0
0
0
0
0
0
0
0
0
0
0
0
0
0
0
0
0
0
0
0
0
0
0
0
0
0
0
0
0
0
0
0
0
0
0
0
0
0
0
0
0
0
0
0
0
