3.59993e+07
730.055
3.03325
0.0153771
8.60714e-05
5.09674e-07
3.13125e-09
1.96491e-11
1.23985e-13
7.74729e-16
4.7287e-18
2.78836e-20
1.57571e-22
8.48798e-25
4.34472e-27
2.10991e-29
9.71584e-32
4.23974e-34
1.72792e-36
5.37939e-39
0
0
0
0
0
0
0
0
0
0
0
0
0
0
0
0
0
0
0
0
0
0
0
0
0
0
0
0
0
0
0
0
0
0
0
0
0
0
0
0
0
0
0
0
0
0
0
0
0
0
0
0
0
0
0
0
0
0
0
0
0
0
0
0
0
0
0
0
0
0
0
0
0
0
0
0
0
0
0
0
0
0
0
0
0
0
0
0
0
0
0
0
0
0
0
0
0
0
0
0
0
0
0
0
0
0
0
0
0
0
0
0
0
0
0
0
0
0
0
0
0
0
0
0
0
0
0
0
0
0
0
0
0
0
0
0
0
0
0
0
0
0
0
0
0
0
0
0
0
0
