3.59991e+07
917.623
4.73386
0.0300964
0.000210766
1.54997e-06
1.16437e-08
8.72813e-11
6.39668e-13
4.51087e-15
3.027e-17
1.91972e-19
1.14645e-21
6.43792e-24
3.39944e-26
1.68936e-28
7.9119e-31
3.49685e-33
1.44601e-35
3.83455e-38
0
0
0
0
0
0
0
0
0
0
0
0
0
0
0
0
0
0
0
0
0
0
0
0
0
0
0
0
0
0
0
0
0
0
0
0
0
0
0
0
0
0
0
0
0
0
0
0
0
0
0
0
0
0
0
0
0
0
0
0
0
0
0
0
0
0
0
0
0
0
0
0
0
0
0
0
0
0
0
0
0
0
0
0
0
0
0
0
0
0
0
0
0
0
0
0
0
0
0
0
0
0
0
0
0
0
0
0
0
0
0
0
0
0
0
0
0
0
0
0
0
0
0
0
0
0
0
0
0
0
0
0
0
0
0
0
0
0
0
0
0
0
0
0
0
0
0
0
0
0
