3.59994e+07
615.868
2.17942
0.0093112
4.38497e-05
2.17625e-07
1.11308e-09
5.75045e-12
2.94145e-14
1.46411e-16
6.99926e-19
3.18549e-21
1.37292e-23
5.58806e-26
2.14573e-28
7.77365e-31
2.6583e-33
8.46062e-36
1.64173e-38
0
0
0
0
0
0
0
0
0
0
0
0
0
0
0
0
0
0
0
0
0
0
0
0
0
0
0
0
0
0
0
0
0
0
0
0
0
0
0
0
0
0
0
0
0
0
0
0
0
0
0
0
0
0
0
0
0
0
0
0
0
0
0
0
0
0
0
0
0
0
0
0
0
0
0
0
0
0
0
0
0
0
0
0
0
0
0
0
0
0
0
0
0
0
0
0
0
0
0
0
0
0
0
0
0
0
0
0
0
0
0
0
0
0
0
0
0
0
0
0
0
0
0
0
0
0
0
0
0
0
0
0
0
0
0
0
0
0
0
0
0
0
0
0
0
0
0
0
0
0
0
