3.59991e+07
936.31
4.92934
0.0320233
0.000229632
1.74611e-06
1.38591e-08
1.13185e-10
9.33153e-13
7.60275e-15
6.0074e-17
4.54161e-19
3.25778e-21
2.20776e-23
1.41123e-25
8.50868e-28
4.84344e-30
2.6066e-32
1.32662e-34
6.25904e-37
0
0
0
0
0
0
0
0
0
0
0
0
0
0
0
0
0
0
0
0
0
0
0
0
0
0
0
0
0
0
0
0
0
0
0
0
0
0
0
0
0
0
0
0
0
0
0
0
0
0
0
0
0
0
0
0
0
0
0
0
0
0
0
0
0
0
0
0
0
0
0
0
0
0
0
0
0
0
0
0
0
0
0
0
0
0
0
0
0
0
0
0
0
0
0
0
0
0
0
0
0
0
0
0
0
0
0
0
0
0
0
0
0
0
0
0
0
0
0
0
0
0
0
0
0
0
0
0
0
0
0
0
0
0
0
0
0
0
0
0
0
0
0
0
0
0
0
0
0
0
