3.59994e+07
640.512
2.34557
0.0103564
5.01574e-05
2.54961e-07
1.33649e-09
7.13894e-12
3.84034e-14
2.0547e-16
1.0798e-18
5.51139e-21
2.70735e-23
1.27148e-25
5.68416e-28
2.4128e-30
9.71231e-33
3.69177e-35
1.20983e-37
0
0
0
0
0
0
0
0
0
0
0
0
0
0
0
0
0
0
0
0
0
0
0
0
0
0
0
0
0
0
0
0
0
0
0
0
0
0
0
0
0
0
0
0
0
0
0
0
0
0
0
0
0
0
0
0
0
0
0
0
0
0
0
0
0
0
0
0
0
0
0
0
0
0
0
0
0
0
0
0
0
0
0
0
0
0
0
0
0
0
0
0
0
0
0
0
0
0
0
0
0
0
0
0
0
0
0
0
0
0
0
0
0
0
0
0
0
0
0
0
0
0
0
0
0
0
0
0
0
0
0
0
0
0
0
0
0
0
0
0
0
0
0
0
0
0
0
0
0
0
0
