3.59993e+07
735.917
3.07629
0.0156463
8.77973e-05
5.23255e-07
3.25777e-09
2.08282e-11
1.33983e-13
8.49835e-16
5.22662e-18
3.07914e-20
1.72394e-22
9.13038e-25
4.56385e-27
2.15141e-29
9.56659e-32
4.01318e-34
1.55476e-36
0
0
0
0
0
0
0
0
0
0
0
0
0
0
0
0
0
0
0
0
0
0
0
0
0
0
0
0
0
0
0
0
0
0
0
0
0
0
0
0
0
0
0
0
0
0
0
0
0
0
0
0
0
0
0
0
0
0
0
0
0
0
0
0
0
0
0
0
0
0
0
0
0
0
0
0
0
0
0
0
0
0
0
0
0
0
0
0
0
0
0
0
0
0
0
0
0
0
0
0
0
0
0
0
0
0
0
0
0
0
0
0
0
0
0
0
0
0
0
0
0
0
0
0
0
0
0
0
0
0
0
0
0
0
0
0
0
0
0
0
0
0
0
0
0
0
0
0
0
0
0
