3.59989e+07
1025.04
5.88581
0.0418057
0.000326135
2.6564e-06
2.19378e-08
1.7957e-10
1.43077e-12
1.09476e-14
7.96899e-17
5.48606e-19
3.56021e-21
2.17493e-23
1.25062e-25
6.77368e-28
3.45992e-30
1.66903e-32
7.58419e-35
2.90799e-37
0
0
0
0
0
0
0
0
0
0
0
0
0
0
0
0
0
0
0
0
0
0
0
0
0
0
0
0
0
0
0
0
0
0
0
0
0
0
0
0
0
0
0
0
0
0
0
0
0
0
0
0
0
0
0
0
0
0
0
0
0
0
0
0
0
0
0
0
0
0
0
0
0
0
0
0
0
0
0
0
0
0
0
0
0
0
0
0
0
0
0
0
0
0
0
0
0
0
0
0
0
0
0
0
0
0
0
0
0
0
0
0
0
0
0
0
0
0
0
0
0
0
0
0
0
0
0
0
0
0
0
0
0
0
0
0
0
0
0
0
0
0
0
0
0
0
0
0
0
0
