3.59994e+07
598.31
2.05497
0.00848187
3.8523e-05
1.84509e-07
9.14527e-10
4.60777e-12
2.31271e-14
1.13444e-16
5.3571e-19
2.41055e-21
1.02721e-23
4.13203e-26
1.56705e-28
5.603e-31
1.88946e-33
5.92148e-36
8.91668e-39
0
0
0
0
0
0
0
0
0
0
0
0
0
0
0
0
0
0
0
0
0
0
0
0
0
0
0
0
0
0
0
0
0
0
0
0
0
0
0
0
0
0
0
0
0
0
0
0
0
0
0
0
0
0
0
0
0
0
0
0
0
0
0
0
0
0
0
0
0
0
0
0
0
0
0
0
0
0
0
0
0
0
0
0
0
0
0
0
0
0
0
0
0
0
0
0
0
0
0
0
0
0
0
0
0
0
0
0
0
0
0
0
0
0
0
0
0
0
0
0
0
0
0
0
0
0
0
0
0
0
0
0
0
0
0
0
0
0
0
0
0
0
0
0
0
0
0
0
0
0
0
