3.59993e+07
704.312
2.82038
0.0136788
7.27162e-05
4.05492e-07
2.3236e-09
1.34441e-11
7.71775e-14
4.32727e-16
2.34067e-18
1.21084e-20
5.95705e-23
2.77829e-25
1.22642e-27
5.12182e-30
2.02398e-32
7.54988e-35
2.43922e-37
0
0
0
0
0
0
0
0
0
0
0
0
0
0
0
0
0
0
0
0
0
0
0
0
0
0
0
0
0
0
0
0
0
0
0
0
0
0
0
0
0
0
0
0
0
0
0
0
0
0
0
0
0
0
0
0
0
0
0
0
0
0
0
0
0
0
0
0
0
0
0
0
0
0
0
0
0
0
0
0
0
0
0
0
0
0
0
0
0
0
0
0
0
0
0
0
0
0
0
0
0
0
0
0
0
0
0
0
0
0
0
0
0
0
0
0
0
0
0
0
0
0
0
0
0
0
0
0
0
0
0
0
0
0
0
0
0
0
0
0
0
0
0
0
0
0
0
0
0
0
0
