3.59994e+07
621.952
2.2173
0.00950103
4.44141e-05
2.15586e-07
1.06166e-09
5.21569e-12
2.5191e-14
1.18161e-16
5.33232e-19
2.29986e-21
9.43985e-24
3.6779e-26
1.35847e-28
4.75487e-31
1.57653e-33
4.83619e-36
8.91668e-39
0
0
0
0
0
0
0
0
0
0
0
0
0
0
0
0
0
0
0
0
0
0
0
0
0
0
0
0
0
0
0
0
0
0
0
0
0
0
0
0
0
0
0
0
0
0
0
0
0
0
0
0
0
0
0
0
0
0
0
0
0
0
0
0
0
0
0
0
0
0
0
0
0
0
0
0
0
0
0
0
0
0
0
0
0
0
0
0
0
0
0
0
0
0
0
0
0
0
0
0
0
0
0
0
0
0
0
0
0
0
0
0
0
0
0
0
0
0
0
0
0
0
0
0
0
0
0
0
0
0
0
0
0
0
0
0
0
0
0
0
0
0
0
0
0
0
0
0
0
0
0
