3.59994e+07
577.99
1.92267
0.00764288
3.31924e-05
1.5046e-07
6.98115e-10
3.26444e-12
1.5136e-14
6.85145e-17
2.98913e-19
1.24517e-21
4.92256e-24
1.8404e-26
6.49669e-29
2.16454e-31
6.80368e-34
1.94933e-36
0
0
0
0
0
0
0
0
0
0
0
0
0
0
0
0
0
0
0
0
0
0
0
0
0
0
0
0
0
0
0
0
0
0
0
0
0
0
0
0
0
0
0
0
0
0
0
0
0
0
0
0
0
0
0
0
0
0
0
0
0
0
0
0
0
0
0
0
0
0
0
0
0
0
0
0
0
0
0
0
0
0
0
0
0
0
0
0
0
0
0
0
0
0
0
0
0
0
0
0
0
0
0
0
0
0
0
0
0
0
0
0
0
0
0
0
0
0
0
0
0
0
0
0
0
0
0
0
0
0
0
0
0
0
0
0
0
0
0
0
0
0
0
0
0
0
0
0
0
0
0
0
