3.59993e+07
742.731
3.13044
0.0160135
8.96832e-05
5.28689e-07
3.24509e-09
2.06103e-11
1.34033e-13
8.78174e-16
5.69071e-18
3.58726e-20
2.17251e-22
1.25381e-24
6.86352e-27
3.55575e-29
1.74214e-31
8.07161e-34
3.51976e-36
1.21755e-38
0
0
0
0
0
0
0
0
0
0
0
0
0
0
0
0
0
0
0
0
0
0
0
0
0
0
0
0
0
0
0
0
0
0
0
0
0
0
0
0
0
0
0
0
0
0
0
0
0
0
0
0
0
0
0
0
0
0
0
0
0
0
0
0
0
0
0
0
0
0
0
0
0
0
0
0
0
0
0
0
0
0
0
0
0
0
0
0
0
0
0
0
0
0
0
0
0
0
0
0
0
0
0
0
0
0
0
0
0
0
0
0
0
0
0
0
0
0
0
0
0
0
0
0
0
0
0
0
0
0
0
0
0
0
0
0
0
0
0
0
0
0
0
0
0
0
0
0
0
0
