3.59993e+07
718.865
2.93837
0.014606
8.02126e-05
4.71247e-07
2.95764e-09
1.98584e-11
1.41026e-13
1.03183e-15
7.53947e-18
5.36087e-20
3.64599e-22
2.34882e-24
1.42664e-26
8.15655e-29
4.38995e-31
2.22624e-33
1.06251e-35
4.41114e-38
0
0
0
0
0
0
0
0
0
0
0
0
0
0
0
0
0
0
0
0
0
0
0
0
0
0
0
0
0
0
0
0
0
0
0
0
0
0
0
0
0
0
0
0
0
0
0
0
0
0
0
0
0
0
0
0
0
0
0
0
0
0
0
0
0
0
0
0
0
0
0
0
0
0
0
0
0
0
0
0
0
0
0
0
0
0
0
0
0
0
0
0
0
0
0
0
0
0
0
0
0
0
0
0
0
0
0
0
0
0
0
0
0
0
0
0
0
0
0
0
0
0
0
0
0
0
0
0
0
0
0
0
0
0
0
0
0
0
0
0
0
0
0
0
0
0
0
0
0
0
