3.59994e+07
585.566
1.96922
0.00790351
3.45301e-05
1.56613e-07
7.22199e-10
3.33346e-12
1.51708e-14
6.71547e-17
2.86005e-19
1.16288e-21
4.49187e-24
1.64381e-26
5.69229e-29
1.8649e-31
5.77669e-34
1.62828e-36
0
0
0
0
0
0
0
0
0
0
0
0
0
0
0
0
0
0
0
0
0
0
0
0
0
0
0
0
0
0
0
0
0
0
0
0
0
0
0
0
0
0
0
0
0
0
0
0
0
0
0
0
0
0
0
0
0
0
0
0
0
0
0
0
0
0
0
0
0
0
0
0
0
0
0
0
0
0
0
0
0
0
0
0
0
0
0
0
0
0
0
0
0
0
0
0
0
0
0
0
0
0
0
0
0
0
0
0
0
0
0
0
0
0
0
0
0
0
0
0
0
0
0
0
0
0
0
0
0
0
0
0
0
0
0
0
0
0
0
0
0
0
0
0
0
0
0
0
0
0
0
0
