3.59991e+07
892.355
4.49112
0.0278113
0.000188894
1.3369e-06
9.57841e-09
6.79476e-11
4.69004e-13
3.10994e-15
1.96404e-17
1.17502e-19
6.63974e-22
3.53908e-24
1.77899e-26
8.43762e-29
3.7796e-31
1.60016e-33
6.2764e-36
1.11861e-38
0
0
0
0
0
0
0
0
0
0
0
0
0
0
0
0
0
0
0
0
0
0
0
0
0
0
0
0
0
0
0
0
0
0
0
0
0
0
0
0
0
0
0
0
0
0
0
0
0
0
0
0
0
0
0
0
0
0
0
0
0
0
0
0
0
0
0
0
0
0
0
0
0
0
0
0
0
0
0
0
0
0
0
0
0
0
0
0
0
0
0
0
0
0
0
0
0
0
0
0
0
0
0
0
0
0
0
0
0
0
0
0
0
0
0
0
0
0
0
0
0
0
0
0
0
0
0
0
0
0
0
0
0
0
0
0
0
0
0
0
0
0
0
0
0
0
0
0
0
0
