3.59994e+07
625.461
2.24237
0.00970326
4.63294e-05
2.35048e-07
1.25349e-09
6.95396e-12
3.94282e-14
2.23508e-16
1.24107e-18
6.64624e-21
3.39803e-23
1.6489e-25
7.57174e-28
3.28677e-30
1.34868e-32
5.22251e-35
1.81558e-37
0
0
0
0
0
0
0
0
0
0
0
0
0
0
0
0
0
0
0
0
0
0
0
0
0
0
0
0
0
0
0
0
0
0
0
0
0
0
0
0
0
0
0
0
0
0
0
0
0
0
0
0
0
0
0
0
0
0
0
0
0
0
0
0
0
0
0
0
0
0
0
0
0
0
0
0
0
0
0
0
0
0
0
0
0
0
0
0
0
0
0
0
0
0
0
0
0
0
0
0
0
0
0
0
0
0
0
0
0
0
0
0
0
0
0
0
0
0
0
0
0
0
0
0
0
0
0
0
0
0
0
0
0
0
0
0
0
0
0
0
0
0
0
0
0
0
0
0
0
0
0
