3.59994e+07
591.639
2.01229
0.00819074
3.63254e-05
1.67169e-07
7.81268e-10
3.6516e-12
1.68279e-14
7.54809e-17
3.26069e-19
1.34611e-21
5.28394e-24
1.96644e-26
6.92923e-29
2.31141e-31
7.29518e-34
2.1036e-36
0
0
0
0
0
0
0
0
0
0
0
0
0
0
0
0
0
0
0
0
0
0
0
0
0
0
0
0
0
0
0
0
0
0
0
0
0
0
0
0
0
0
0
0
0
0
0
0
0
0
0
0
0
0
0
0
0
0
0
0
0
0
0
0
0
0
0
0
0
0
0
0
0
0
0
0
0
0
0
0
0
0
0
0
0
0
0
0
0
0
0
0
0
0
0
0
0
0
0
0
0
0
0
0
0
0
0
0
0
0
0
0
0
0
0
0
0
0
0
0
0
0
0
0
0
0
0
0
0
0
0
0
0
0
0
0
0
0
0
0
0
0
0
0
0
0
0
0
0
0
0
0
