3.59993e+07
722.174
2.96168
0.0147454
8.0743e-05
4.686e-07
2.85865e-09
1.82515e-11
1.20568e-13
8.07452e-16
5.35401e-18
3.44351e-20
2.11735e-22
1.23385e-24
6.7838e-27
3.51315e-29
1.71361e-31
7.87697e-34
3.4001e-36
1.23674e-38
0
0
0
0
0
0
0
0
0
0
0
0
0
0
0
0
0
0
0
0
0
0
0
0
0
0
0
0
0
0
0
0
0
0
0
0
0
0
0
0
0
0
0
0
0
0
0
0
0
0
0
0
0
0
0
0
0
0
0
0
0
0
0
0
0
0
0
0
0
0
0
0
0
0
0
0
0
0
0
0
0
0
0
0
0
0
0
0
0
0
0
0
0
0
0
0
0
0
0
0
0
0
0
0
0
0
0
0
0
0
0
0
0
0
0
0
0
0
0
0
0
0
0
0
0
0
0
0
0
0
0
0
0
0
0
0
0
0
0
0
0
0
0
0
0
0
0
0
0
0
