3.59994e+07
612.455
2.14983
0.00904687
4.15296e-05
1.98649e-07
9.71501e-10
4.78761e-12
2.34116e-14
1.11886e-16
5.15842e-19
2.27227e-21
9.50254e-24
3.75887e-26
1.404e-28
4.94991e-31
1.64717e-33
5.08133e-36
7.31804e-39
0
0
0
0
0
0
0
0
0
0
0
0
0
0
0
0
0
0
0
0
0
0
0
0
0
0
0
0
0
0
0
0
0
0
0
0
0
0
0
0
0
0
0
0
0
0
0
0
0
0
0
0
0
0
0
0
0
0
0
0
0
0
0
0
0
0
0
0
0
0
0
0
0
0
0
0
0
0
0
0
0
0
0
0
0
0
0
0
0
0
0
0
0
0
0
0
0
0
0
0
0
0
0
0
0
0
0
0
0
0
0
0
0
0
0
0
0
0
0
0
0
0
0
0
0
0
0
0
0
0
0
0
0
0
0
0
0
0
0
0
0
0
0
0
0
0
0
0
0
0
0
