3.59994e+07
643.826
2.3672
0.0104845
5.08616e-05
2.59288e-07
1.37416e-09
7.54607e-12
4.26672e-14
2.4508e-16
1.40358e-18
7.86412e-21
4.24513e-23
2.18474e-25
1.06528e-27
4.90603e-30
2.13158e-32
8.72524e-35
3.28103e-37
0
0
0
0
0
0
0
0
0
0
0
0
0
0
0
0
0
0
0
0
0
0
0
0
0
0
0
0
0
0
0
0
0
0
0
0
0
0
0
0
0
0
0
0
0
0
0
0
0
0
0
0
0
0
0
0
0
0
0
0
0
0
0
0
0
0
0
0
0
0
0
0
0
0
0
0
0
0
0
0
0
0
0
0
0
0
0
0
0
0
0
0
0
0
0
0
0
0
0
0
0
0
0
0
0
0
0
0
0
0
0
0
0
0
0
0
0
0
0
0
0
0
0
0
0
0
0
0
0
0
0
0
0
0
0
0
0
0
0
0
0
0
0
0
0
0
0
0
0
0
0
