3.59994e+07
624.404
2.23256
0.00960921
4.54441e-05
2.27001e-07
1.18313e-09
6.37172e-12
3.4937e-14
1.91379e-16
1.02757e-18
5.32344e-21
2.63141e-23
1.2325e-25
5.44989e-28
2.27175e-30
8.92577e-33
3.29553e-35
1.10333e-37
0
0
0
0
0
0
0
0
0
0
0
0
0
0
0
0
0
0
0
0
0
0
0
0
0
0
0
0
0
0
0
0
0
0
0
0
0
0
0
0
0
0
0
0
0
0
0
0
0
0
0
0
0
0
0
0
0
0
0
0
0
0
0
0
0
0
0
0
0
0
0
0
0
0
0
0
0
0
0
0
0
0
0
0
0
0
0
0
0
0
0
0
0
0
0
0
0
0
0
0
0
0
0
0
0
0
0
0
0
0
0
0
0
0
0
0
0
0
0
0
0
0
0
0
0
0
0
0
0
0
0
0
0
0
0
0
0
0
0
0
0
0
0
0
0
0
0
0
0
0
0
