3.59994e+07
604.416
2.09531
0.00870771
3.9502e-05
1.8644e-07
8.95314e-10
4.30001e-12
2.03249e-14
9.32266e-17
4.10458e-19
1.72172e-21
6.8494e-24
2.57834e-26
9.1771e-29
3.08935e-31
9.83733e-34
2.8712e-36
3.65902e-39
0
0
0
0
0
0
0
0
0
0
0
0
0
0
0
0
0
0
0
0
0
0
0
0
0
0
0
0
0
0
0
0
0
0
0
0
0
0
0
0
0
0
0
0
0
0
0
0
0
0
0
0
0
0
0
0
0
0
0
0
0
0
0
0
0
0
0
0
0
0
0
0
0
0
0
0
0
0
0
0
0
0
0
0
0
0
0
0
0
0
0
0
0
0
0
0
0
0
0
0
0
0
0
0
0
0
0
0
0
0
0
0
0
0
0
0
0
0
0
0
0
0
0
0
0
0
0
0
0
0
0
0
0
0
0
0
0
0
0
0
0
0
0
0
0
0
0
0
0
0
0
