3.59993e+07
685.089
2.6748
0.012673
6.61802e-05
3.65482e-07
2.09985e-09
1.23829e-11
7.37236e-14
4.35036e-16
2.50096e-18
1.38186e-20
7.27065e-23
3.6226e-25
1.70445e-27
7.56545e-30
3.16839e-32
1.25084e-34
4.47557e-37
0
0
0
0
0
0
0
0
0
0
0
0
0
0
0
0
0
0
0
0
0
0
0
0
0
0
0
0
0
0
0
0
0
0
0
0
0
0
0
0
0
0
0
0
0
0
0
0
0
0
0
0
0
0
0
0
0
0
0
0
0
0
0
0
0
0
0
0
0
0
0
0
0
0
0
0
0
0
0
0
0
0
0
0
0
0
0
0
0
0
0
0
0
0
0
0
0
0
0
0
0
0
0
0
0
0
0
0
0
0
0
0
0
0
0
0
0
0
0
0
0
0
0
0
0
0
0
0
0
0
0
0
0
0
0
0
0
0
0
0
0
0
0
0
0
0
0
0
0
0
0
