3.59989e+07
1057.48
6.26268
0.0459979
0.000373475
3.23158e-06
2.95067e-08
2.8205e-10
2.77708e-12
2.75114e-14
2.67808e-16
2.51493e-18
2.25148e-20
1.90902e-22
1.52854e-24
1.15489e-26
8.23776e-29
5.55347e-31
3.54316e-33
2.13977e-35
1.19001e-37
0
0
0
0
0
0
0
0
0
0
0
0
0
0
0
0
0
0
0
0
0
0
0
0
0
0
0
0
0
0
0
0
0
0
0
0
0
0
0
0
0
0
0
0
0
0
0
0
0
0
0
0
0
0
0
0
0
0
0
0
0
0
0
0
0
0
0
0
0
0
0
0
0
0
0
0
0
0
0
0
0
0
0
0
0
0
0
0
0
0
0
0
0
0
0
0
0
0
0
0
0
0
0
0
0
0
0
0
0
0
0
0
0
0
0
0
0
0
0
0
0
0
0
0
0
0
0
0
0
0
0
0
0
0
0
0
0
0
0
0
0
0
0
0
0
0
0
0
0
