3.59991e+07
887.174
4.44062
0.027406
0.00018742
1.36839e-06
1.05207e-08
8.4007e-11
6.83223e-13
5.53618e-15
4.38308e-17
3.34227e-19
2.43238e-21
1.68074e-23
1.09991e-25
6.81133e-28
3.99194e-30
2.21565e-32
1.1645e-34
5.72219e-37
0
0
0
0
0
0
0
0
0
0
0
0
0
0
0
0
0
0
0
0
0
0
0
0
0
0
0
0
0
0
0
0
0
0
0
0
0
0
0
0
0
0
0
0
0
0
0
0
0
0
0
0
0
0
0
0
0
0
0
0
0
0
0
0
0
0
0
0
0
0
0
0
0
0
0
0
0
0
0
0
0
0
0
0
0
0
0
0
0
0
0
0
0
0
0
0
0
0
0
0
0
0
0
0
0
0
0
0
0
0
0
0
0
0
0
0
0
0
0
0
0
0
0
0
0
0
0
0
0
0
0
0
0
0
0
0
0
0
0
0
0
0
0
0
0
0
0
0
0
0
