3.5999e+07
947.413
5.04488
0.0331195
0.000238256
1.78648e-06
1.36293e-08
1.04268e-10
7.91889e-13
5.9213e-15
4.3249e-17
3.06199e-19
2.08675e-21
1.36108e-23
8.46079e-26
4.99876e-28
2.80279e-30
1.49053e-32
7.50128e-35
3.43482e-37
0
0
0
0
0
0
0
0
0
0
0
0
0
0
0
0
0
0
0
0
0
0
0
0
0
0
0
0
0
0
0
0
0
0
0
0
0
0
0
0
0
0
0
0
0
0
0
0
0
0
0
0
0
0
0
0
0
0
0
0
0
0
0
0
0
0
0
0
0
0
0
0
0
0
0
0
0
0
0
0
0
0
0
0
0
0
0
0
0
0
0
0
0
0
0
0
0
0
0
0
0
0
0
0
0
0
0
0
0
0
0
0
0
0
0
0
0
0
0
0
0
0
0
0
0
0
0
0
0
0
0
0
0
0
0
0
0
0
0
0
0
0
0
0
0
0
0
0
0
0
