3.59993e+07
702.33
2.80581
0.0135784
7.18402e-05
3.95626e-07
2.2121e-09
1.23253e-11
6.73584e-14
3.56412e-16
1.80784e-18
8.72848e-21
3.99281e-23
1.72589e-25
7.04067e-28
2.71023e-30
9.84813e-33
3.35498e-35
9.06256e-38
0
0
0
0
0
0
0
0
0
0
0
0
0
0
0
0
0
0
0
0
0
0
0
0
0
0
0
0
0
0
0
0
0
0
0
0
0
0
0
0
0
0
0
0
0
0
0
0
0
0
0
0
0
0
0
0
0
0
0
0
0
0
0
0
0
0
0
0
0
0
0
0
0
0
0
0
0
0
0
0
0
0
0
0
0
0
0
0
0
0
0
0
0
0
0
0
0
0
0
0
0
0
0
0
0
0
0
0
0
0
0
0
0
0
0
0
0
0
0
0
0
0
0
0
0
0
0
0
0
0
0
0
0
0
0
0
0
0
0
0
0
0
0
0
0
0
0
0
0
0
0
