3.59994e+07
585.767
1.97216
0.00793607
3.47948e-05
1.58334e-07
7.32196e-10
3.39135e-12
1.55235e-14
6.93448e-17
2.99046e-19
1.23453e-21
4.84986e-24
1.80637e-26
6.36605e-29
2.12127e-31
6.67725e-34
1.91288e-36
0
0
0
0
0
0
0
0
0
0
0
0
0
0
0
0
0
0
0
0
0
0
0
0
0
0
0
0
0
0
0
0
0
0
0
0
0
0
0
0
0
0
0
0
0
0
0
0
0
0
0
0
0
0
0
0
0
0
0
0
0
0
0
0
0
0
0
0
0
0
0
0
0
0
0
0
0
0
0
0
0
0
0
0
0
0
0
0
0
0
0
0
0
0
0
0
0
0
0
0
0
0
0
0
0
0
0
0
0
0
0
0
0
0
0
0
0
0
0
0
0
0
0
0
0
0
0
0
0
0
0
0
0
0
0
0
0
0
0
0
0
0
0
0
0
0
0
0
0
0
0
0
