3.59991e+07
921.665
4.78647
0.0308314
0.000221968
1.72108e-06
1.40988e-08
1.19388e-10
1.01867e-12
8.54806e-15
6.92303e-17
5.34444e-19
3.90438e-21
2.68969e-23
1.74508e-25
1.06652e-27
6.14567e-30
3.34354e-32
1.71856e-34
8.14668e-37
0
0
0
0
0
0
0
0
0
0
0
0
0
0
0
0
0
0
0
0
0
0
0
0
0
0
0
0
0
0
0
0
0
0
0
0
0
0
0
0
0
0
0
0
0
0
0
0
0
0
0
0
0
0
0
0
0
0
0
0
0
0
0
0
0
0
0
0
0
0
0
0
0
0
0
0
0
0
0
0
0
0
0
0
0
0
0
0
0
0
0
0
0
0
0
0
0
0
0
0
0
0
0
0
0
0
0
0
0
0
0
0
0
0
0
0
0
0
0
0
0
0
0
0
0
0
0
0
0
0
0
0
0
0
0
0
0
0
0
0
0
0
0
0
0
0
0
0
0
0
