3.59994e+07
628.942
2.26408
0.0098165
4.66899e-05
2.33098e-07
1.1976e-09
6.2213e-12
3.20646e-14
1.61121e-16
7.78695e-19
3.58708e-21
1.56669e-23
6.47111e-26
2.5257e-28
9.31779e-31
3.2512e-33
1.06312e-35
2.22733e-38
0
0
0
0
0
0
0
0
0
0
0
0
0
0
0
0
0
0
0
0
0
0
0
0
0
0
0
0
0
0
0
0
0
0
0
0
0
0
0
0
0
0
0
0
0
0
0
0
0
0
0
0
0
0
0
0
0
0
0
0
0
0
0
0
0
0
0
0
0
0
0
0
0
0
0
0
0
0
0
0
0
0
0
0
0
0
0
0
0
0
0
0
0
0
0
0
0
0
0
0
0
0
0
0
0
0
0
0
0
0
0
0
0
0
0
0
0
0
0
0
0
0
0
0
0
0
0
0
0
0
0
0
0
0
0
0
0
0
0
0
0
0
0
0
0
0
0
0
0
0
0
