3.5999e+07
977.478
5.36452
0.0365113
0.000275167
2.19227e-06
1.8011e-08
1.49708e-10
1.2388e-12
1.00682e-14
7.95084e-17
6.05132e-19
4.41275e-21
3.07075e-23
2.03394e-25
1.28042e-27
7.65602e-30
4.34755e-32
2.34328e-34
1.17001e-36
4.44725e-39
0
0
0
0
0
0
0
0
0
0
0
0
0
0
0
0
0
0
0
0
0
0
0
0
0
0
0
0
0
0
0
0
0
0
0
0
0
0
0
0
0
0
0
0
0
0
0
0
0
0
0
0
0
0
0
0
0
0
0
0
0
0
0
0
0
0
0
0
0
0
0
0
0
0
0
0
0
0
0
0
0
0
0
0
0
0
0
0
0
0
0
0
0
0
0
0
0
0
0
0
0
0
0
0
0
0
0
0
0
0
0
0
0
0
0
0
0
0
0
0
0
0
0
0
0
0
0
0
0
0
0
0
0
0
0
0
0
0
0
0
0
0
0
0
0
0
0
0
0
