3.59994e+07
605.775
2.10479
0.00876722
3.99593e-05
1.9121e-07
9.47953e-10
4.81792e-12
2.4714e-14
1.25536e-16
6.20222e-19
2.93958e-21
1.32447e-23
5.64364e-26
2.26878e-28
8.5993e-31
3.0737e-33
1.02824e-35
2.49122e-38
0
0
0
0
0
0
0
0
0
0
0
0
0
0
0
0
0
0
0
0
0
0
0
0
0
0
0
0
0
0
0
0
0
0
0
0
0
0
0
0
0
0
0
0
0
0
0
0
0
0
0
0
0
0
0
0
0
0
0
0
0
0
0
0
0
0
0
0
0
0
0
0
0
0
0
0
0
0
0
0
0
0
0
0
0
0
0
0
0
0
0
0
0
0
0
0
0
0
0
0
0
0
0
0
0
0
0
0
0
0
0
0
0
0
0
0
0
0
0
0
0
0
0
0
0
0
0
0
0
0
0
0
0
0
0
0
0
0
0
0
0
0
0
0
0
0
0
0
0
0
0
