3.59994e+07
627.167
2.25136
0.00971124
4.56801e-05
2.23171e-07
1.10729e-09
5.49051e-12
2.68297e-14
1.27677e-16
5.86144e-19
2.57766e-21
1.0805e-23
4.3031e-26
1.62507e-28
5.81453e-31
1.96993e-33
6.18648e-36
1.11596e-38
0
0
0
0
0
0
0
0
0
0
0
0
0
0
0
0
0
0
0
0
0
0
0
0
0
0
0
0
0
0
0
0
0
0
0
0
0
0
0
0
0
0
0
0
0
0
0
0
0
0
0
0
0
0
0
0
0
0
0
0
0
0
0
0
0
0
0
0
0
0
0
0
0
0
0
0
0
0
0
0
0
0
0
0
0
0
0
0
0
0
0
0
0
0
0
0
0
0
0
0
0
0
0
0
0
0
0
0
0
0
0
0
0
0
0
0
0
0
0
0
0
0
0
0
0
0
0
0
0
0
0
0
0
0
0
0
0
0
0
0
0
0
0
0
0
0
0
0
0
0
0
