3.5999e+07
978.114
5.37702
0.0368155
0.000282093
2.3406e-06
2.09398e-08
2.01931e-10
2.07459e-12
2.21092e-14
2.36609e-16
2.4733e-18
2.47796e-20
2.35325e-22
2.10647e-24
1.77329e-26
1.40354e-28
1.04533e-30
7.33614e-33
4.85813e-35
3.00452e-37
0
0
0
0
0
0
0
0
0
0
0
0
0
0
0
0
0
0
0
0
0
0
0
0
0
0
0
0
0
0
0
0
0
0
0
0
0
0
0
0
0
0
0
0
0
0
0
0
0
0
0
0
0
0
0
0
0
0
0
0
0
0
0
0
0
0
0
0
0
0
0
0
0
0
0
0
0
0
0
0
0
0
0
0
0
0
0
0
0
0
0
0
0
0
0
0
0
0
0
0
0
0
0
0
0
0
0
0
0
0
0
0
0
0
0
0
0
0
0
0
0
0
0
0
0
0
0
0
0
0
0
0
0
0
0
0
0
0
0
0
0
0
0
0
0
0
0
0
0
