3.59989e+07
1034.05
5.98469
0.0428751
0.000338476
2.81923e-06
2.4275e-08
2.12446e-10
1.85581e-12
1.58922e-14
1.31392e-16
1.03722e-18
7.76334e-21
5.48839e-23
3.6591e-25
2.30022e-27
1.36437e-29
7.64487e-32
4.04929e-34
1.99896e-36
3.55174e-39
0
0
0
0
0
0
0
0
0
0
0
0
0
0
0
0
0
0
0
0
0
0
0
0
0
0
0
0
0
0
0
0
0
0
0
0
0
0
0
0
0
0
0
0
0
0
0
0
0
0
0
0
0
0
0
0
0
0
0
0
0
0
0
0
0
0
0
0
0
0
0
0
0
0
0
0
0
0
0
0
0
0
0
0
0
0
0
0
0
0
0
0
0
0
0
0
0
0
0
0
0
0
0
0
0
0
0
0
0
0
0
0
0
0
0
0
0
0
0
0
0
0
0
0
0
0
0
0
0
0
0
0
0
0
0
0
0
0
0
0
0
0
0
0
0
0
0
0
0
