3.59994e+07
586.968
1.97968
0.00798319
3.51486e-05
1.61811e-07
7.68905e-10
3.74605e-12
1.85278e-14
9.16966e-17
4.46771e-19
2.11153e-21
9.57119e-24
4.12936e-26
1.68806e-28
6.52409e-31
2.3815e-33
8.13863e-36
2.24559e-38
0
0
0
0
0
0
0
0
0
0
0
0
0
0
0
0
0
0
0
0
0
0
0
0
0
0
0
0
0
0
0
0
0
0
0
0
0
0
0
0
0
0
0
0
0
0
0
0
0
0
0
0
0
0
0
0
0
0
0
0
0
0
0
0
0
0
0
0
0
0
0
0
0
0
0
0
0
0
0
0
0
0
0
0
0
0
0
0
0
0
0
0
0
0
0
0
0
0
0
0
0
0
0
0
0
0
0
0
0
0
0
0
0
0
0
0
0
0
0
0
0
0
0
0
0
0
0
0
0
0
0
0
0
0
0
0
0
0
0
0
0
0
0
0
0
0
0
0
0
0
0
