3.59993e+07
715.693
2.91123
0.0143819
7.81187e-05
4.47345e-07
2.65115e-09
1.59955e-11
9.64932e-14
5.7181e-16
3.27948e-18
1.80053e-20
9.39514e-23
4.63961e-25
2.16389e-27
9.5256e-30
3.9589e-32
1.55224e-34
5.50645e-37
0
0
0
0
0
0
0
0
0
0
0
0
0
0
0
0
0
0
0
0
0
0
0
0
0
0
0
0
0
0
0
0
0
0
0
0
0
0
0
0
0
0
0
0
0
0
0
0
0
0
0
0
0
0
0
0
0
0
0
0
0
0
0
0
0
0
0
0
0
0
0
0
0
0
0
0
0
0
0
0
0
0
0
0
0
0
0
0
0
0
0
0
0
0
0
0
0
0
0
0
0
0
0
0
0
0
0
0
0
0
0
0
0
0
0
0
0
0
0
0
0
0
0
0
0
0
0
0
0
0
0
0
0
0
0
0
0
0
0
0
0
0
0
0
0
0
0
0
0
0
0
