3.59994e+07
648.994
2.40607
0.010754
5.2485e-05
2.66463e-07
1.37679e-09
7.12926e-12
3.64855e-14
1.82194e-16
8.78047e-19
4.04915e-21
1.77609e-23
7.38203e-26
2.90146e-28
1.07762e-30
3.78148e-33
1.24158e-35
2.86425e-38
0
0
0
0
0
0
0
0
0
0
0
0
0
0
0
0
0
0
0
0
0
0
0
0
0
0
0
0
0
0
0
0
0
0
0
0
0
0
0
0
0
0
0
0
0
0
0
0
0
0
0
0
0
0
0
0
0
0
0
0
0
0
0
0
0
0
0
0
0
0
0
0
0
0
0
0
0
0
0
0
0
0
0
0
0
0
0
0
0
0
0
0
0
0
0
0
0
0
0
0
0
0
0
0
0
0
0
0
0
0
0
0
0
0
0
0
0
0
0
0
0
0
0
0
0
0
0
0
0
0
0
0
0
0
0
0
0
0
0
0
0
0
0
0
0
0
0
0
0
0
0
