3.59994e+07
658.941
2.47772
0.0112576
5.6282e-05
2.97809e-07
1.64585e-09
9.38004e-12
5.41107e-14
3.09178e-16
1.716e-18
9.11959e-21
4.59919e-23
2.1905e-25
9.83346e-28
4.15986e-30
1.65949e-32
6.23534e-35
2.09073e-37
0
0
0
0
0
0
0
0
0
0
0
0
0
0
0
0
0
0
0
0
0
0
0
0
0
0
0
0
0
0
0
0
0
0
0
0
0
0
0
0
0
0
0
0
0
0
0
0
0
0
0
0
0
0
0
0
0
0
0
0
0
0
0
0
0
0
0
0
0
0
0
0
0
0
0
0
0
0
0
0
0
0
0
0
0
0
0
0
0
0
0
0
0
0
0
0
0
0
0
0
0
0
0
0
0
0
0
0
0
0
0
0
0
0
0
0
0
0
0
0
0
0
0
0
0
0
0
0
0
0
0
0
0
0
0
0
0
0
0
0
0
0
0
0
0
0
0
0
0
0
0
