3.59991e+07
888.759
4.44456
0.0273275
0.000185658
1.35207e-06
1.06659e-08
9.35402e-11
9.17727e-13
9.71568e-15
1.04861e-16
1.10191e-18
1.09803e-20
1.02523e-22
8.93378e-25
7.26471e-27
5.522e-29
3.93276e-31
2.63107e-33
1.65682e-35
9.85271e-38
0
0
0
0
0
0
0
0
0
0
0
0
0
0
0
0
0
0
0
0
0
0
0
0
0
0
0
0
0
0
0
0
0
0
0
0
0
0
0
0
0
0
0
0
0
0
0
0
0
0
0
0
0
0
0
0
0
0
0
0
0
0
0
0
0
0
0
0
0
0
0
0
0
0
0
0
0
0
0
0
0
0
0
0
0
0
0
0
0
0
0
0
0
0
0
0
0
0
0
0
0
0
0
0
0
0
0
0
0
0
0
0
0
0
0
0
0
0
0
0
0
0
0
0
0
0
0
0
0
0
0
0
0
0
0
0
0
0
0
0
0
0
0
0
0
0
0
0
0
