3.59994e+07
630.263
2.27135
0.00984414
4.66904e-05
2.31838e-07
1.18277e-09
6.10471e-12
3.13462e-14
1.57499e-16
7.63645e-19
3.53653e-21
1.55395e-23
6.45364e-26
2.52876e-28
9.34488e-31
3.25754e-33
1.06044e-35
2.39178e-38
0
0
0
0
0
0
0
0
0
0
0
0
0
0
0
0
0
0
0
0
0
0
0
0
0
0
0
0
0
0
0
0
0
0
0
0
0
0
0
0
0
0
0
0
0
0
0
0
0
0
0
0
0
0
0
0
0
0
0
0
0
0
0
0
0
0
0
0
0
0
0
0
0
0
0
0
0
0
0
0
0
0
0
0
0
0
0
0
0
0
0
0
0
0
0
0
0
0
0
0
0
0
0
0
0
0
0
0
0
0
0
0
0
0
0
0
0
0
0
0
0
0
0
0
0
0
0
0
0
0
0
0
0
0
0
0
0
0
0
0
0
0
0
0
0
0
0
0
0
0
0
