3.59993e+07
667.406
2.53975
0.0116466
5.80673e-05
2.99356e-07
1.56108e-09
8.12482e-12
4.17556e-14
2.09853e-16
1.02217e-18
4.78779e-21
2.14308e-23
9.12563e-26
3.68587e-28
1.40993e-30
5.10379e-33
1.73253e-35
4.86724e-38
0
0
0
0
0
0
0
0
0
0
0
0
0
0
0
0
0
0
0
0
0
0
0
0
0
0
0
0
0
0
0
0
0
0
0
0
0
0
0
0
0
0
0
0
0
0
0
0
0
0
0
0
0
0
0
0
0
0
0
0
0
0
0
0
0
0
0
0
0
0
0
0
0
0
0
0
0
0
0
0
0
0
0
0
0
0
0
0
0
0
0
0
0
0
0
0
0
0
0
0
0
0
0
0
0
0
0
0
0
0
0
0
0
0
0
0
0
0
0
0
0
0
0
0
0
0
0
0
0
0
0
0
0
0
0
0
0
0
0
0
0
0
0
0
0
0
0
0
0
0
0
