3.59989e+07
1039
6.04305
0.0435154
0.000343985
2.83867e-06
2.38021e-08
1.98911e-10
1.63271e-12
1.30214e-14
1.00116e-16
7.38026e-19
5.19709e-21
3.48773e-23
2.22751e-25
1.35303e-27
7.81538e-30
4.29376e-32
2.24176e-34
1.08132e-36
3.55174e-39
0
0
0
0
0
0
0
0
0
0
0
0
0
0
0
0
0
0
0
0
0
0
0
0
0
0
0
0
0
0
0
0
0
0
0
0
0
0
0
0
0
0
0
0
0
0
0
0
0
0
0
0
0
0
0
0
0
0
0
0
0
0
0
0
0
0
0
0
0
0
0
0
0
0
0
0
0
0
0
0
0
0
0
0
0
0
0
0
0
0
0
0
0
0
0
0
0
0
0
0
0
0
0
0
0
0
0
0
0
0
0
0
0
0
0
0
0
0
0
0
0
0
0
0
0
0
0
0
0
0
0
0
0
0
0
0
0
0
0
0
0
0
0
0
0
0
0
0
0
