3.59993e+07
684.01
2.6631
0.012494
6.37342e-05
3.37031e-07
1.81122e-09
9.77938e-12
5.25982e-14
2.79594e-16
1.45714e-18
7.386e-21
3.61465e-23
1.69758e-25
7.61603e-28
3.25417e-30
1.32174e-32
5.07689e-35
1.69912e-37
0
0
0
0
0
0
0
0
0
0
0
0
0
0
0
0
0
0
0
0
0
0
0
0
0
0
0
0
0
0
0
0
0
0
0
0
0
0
0
0
0
0
0
0
0
0
0
0
0
0
0
0
0
0
0
0
0
0
0
0
0
0
0
0
0
0
0
0
0
0
0
0
0
0
0
0
0
0
0
0
0
0
0
0
0
0
0
0
0
0
0
0
0
0
0
0
0
0
0
0
0
0
0
0
0
0
0
0
0
0
0
0
0
0
0
0
0
0
0
0
0
0
0
0
0
0
0
0
0
0
0
0
0
0
0
0
0
0
0
0
0
0
0
0
0
0
0
0
0
0
0
