3.59994e+07
572.073
1.885
0.00742172
3.19138e-05
1.43009e-07
6.5471e-10
3.01758e-12
1.37978e-14
6.17193e-17
2.66904e-19
1.10599e-21
4.36496e-24
1.63467e-26
5.79763e-29
1.94591e-31
6.17572e-34
1.78783e-36
0
0
0
0
0
0
0
0
0
0
0
0
0
0
0
0
0
0
0
0
0
0
0
0
0
0
0
0
0
0
0
0
0
0
0
0
0
0
0
0
0
0
0
0
0
0
0
0
0
0
0
0
0
0
0
0
0
0
0
0
0
0
0
0
0
0
0
0
0
0
0
0
0
0
0
0
0
0
0
0
0
0
0
0
0
0
0
0
0
0
0
0
0
0
0
0
0
0
0
0
0
0
0
0
0
0
0
0
0
0
0
0
0
0
0
0
0
0
0
0
0
0
0
0
0
0
0
0
0
0
0
0
0
0
0
0
0
0
0
0
0
0
0
0
0
0
0
0
0
0
0
0
