3.59991e+07
921.005
4.78007
0.0306403
0.000217021
1.62431e-06
1.25539e-08
9.83213e-11
7.67023e-13
5.87226e-15
4.3604e-17
3.11342e-19
2.12514e-21
1.38144e-23
8.53261e-26
5.00169e-28
2.78122e-30
1.46703e-32
7.32704e-35
3.23871e-37
0
0
0
0
0
0
0
0
0
0
0
0
0
0
0
0
0
0
0
0
0
0
0
0
0
0
0
0
0
0
0
0
0
0
0
0
0
0
0
0
0
0
0
0
0
0
0
0
0
0
0
0
0
0
0
0
0
0
0
0
0
0
0
0
0
0
0
0
0
0
0
0
0
0
0
0
0
0
0
0
0
0
0
0
0
0
0
0
0
0
0
0
0
0
0
0
0
0
0
0
0
0
0
0
0
0
0
0
0
0
0
0
0
0
0
0
0
0
0
0
0
0
0
0
0
0
0
0
0
0
0
0
0
0
0
0
0
0
0
0
0
0
0
0
0
0
0
0
0
0
