3.59991e+07
928.168
4.85035
0.0313535
0.000223637
1.67152e-06
1.2707e-08
9.61961e-11
7.14714e-13
5.1624e-15
3.60302e-17
2.41991e-19
1.55942e-21
9.61982e-24
5.67073e-26
3.19007e-28
1.711e-30
8.74396e-33
4.23933e-35
1.79958e-37
0
0
0
0
0
0
0
0
0
0
0
0
0
0
0
0
0
0
0
0
0
0
0
0
0
0
0
0
0
0
0
0
0
0
0
0
0
0
0
0
0
0
0
0
0
0
0
0
0
0
0
0
0
0
0
0
0
0
0
0
0
0
0
0
0
0
0
0
0
0
0
0
0
0
0
0
0
0
0
0
0
0
0
0
0
0
0
0
0
0
0
0
0
0
0
0
0
0
0
0
0
0
0
0
0
0
0
0
0
0
0
0
0
0
0
0
0
0
0
0
0
0
0
0
0
0
0
0
0
0
0
0
0
0
0
0
0
0
0
0
0
0
0
0
0
0
0
0
0
0
