3.59993e+07
722.405
2.96454
0.0147802
8.11448e-05
4.72605e-07
2.89038e-09
1.84163e-11
1.20485e-13
7.92624e-16
5.12957e-18
3.20719e-20
1.91341e-22
1.08131e-24
5.76727e-27
2.89965e-29
1.37458e-31
6.14748e-34
2.57589e-36
7.09087e-39
0
0
0
0
0
0
0
0
0
0
0
0
0
0
0
0
0
0
0
0
0
0
0
0
0
0
0
0
0
0
0
0
0
0
0
0
0
0
0
0
0
0
0
0
0
0
0
0
0
0
0
0
0
0
0
0
0
0
0
0
0
0
0
0
0
0
0
0
0
0
0
0
0
0
0
0
0
0
0
0
0
0
0
0
0
0
0
0
0
0
0
0
0
0
0
0
0
0
0
0
0
0
0
0
0
0
0
0
0
0
0
0
0
0
0
0
0
0
0
0
0
0
0
0
0
0
0
0
0
0
0
0
0
0
0
0
0
0
0
0
0
0
0
0
0
0
0
0
0
0
