3.59991e+07
905.301
4.61226
0.0288873
0.00019864
1.43209e-06
1.05738e-08
7.8418e-11
5.7339e-13
4.06614e-15
2.76087e-17
1.77926e-19
1.08268e-21
6.20471e-24
3.34634e-26
1.69908e-28
8.13042e-31
3.67107e-33
1.55427e-35
5.01247e-38
0
0
0
0
0
0
0
0
0
0
0
0
0
0
0
0
0
0
0
0
0
0
0
0
0
0
0
0
0
0
0
0
0
0
0
0
0
0
0
0
0
0
0
0
0
0
0
0
0
0
0
0
0
0
0
0
0
0
0
0
0
0
0
0
0
0
0
0
0
0
0
0
0
0
0
0
0
0
0
0
0
0
0
0
0
0
0
0
0
0
0
0
0
0
0
0
0
0
0
0
0
0
0
0
0
0
0
0
0
0
0
0
0
0
0
0
0
0
0
0
0
0
0
0
0
0
0
0
0
0
0
0
0
0
0
0
0
0
0
0
0
0
0
0
0
0
0
0
0
0
