3.59994e+07
574.508
1.8994
0.00748831
3.21497e-05
1.43613e-07
6.56158e-10
3.03132e-12
1.3987e-14
6.36203e-17
2.81763e-19
1.20263e-21
4.9093e-24
1.90672e-26
7.02405e-29
2.45042e-31
8.08608e-34
2.45725e-36
3.65902e-39
0
0
0
0
0
0
0
0
0
0
0
0
0
0
0
0
0
0
0
0
0
0
0
0
0
0
0
0
0
0
0
0
0
0
0
0
0
0
0
0
0
0
0
0
0
0
0
0
0
0
0
0
0
0
0
0
0
0
0
0
0
0
0
0
0
0
0
0
0
0
0
0
0
0
0
0
0
0
0
0
0
0
0
0
0
0
0
0
0
0
0
0
0
0
0
0
0
0
0
0
0
0
0
0
0
0
0
0
0
0
0
0
0
0
0
0
0
0
0
0
0
0
0
0
0
0
0
0
0
0
0
0
0
0
0
0
0
0
0
0
0
0
0
0
0
0
0
0
0
0
0
