3.59991e+07
889.194
4.46563
0.0277082
0.000189998
1.37163e-06
1.01453e-08
7.52988e-11
5.51705e-13
3.9409e-15
2.71868e-17
1.79859e-19
1.13527e-21
6.81281e-24
3.87859e-26
2.09245e-28
1.06938e-30
5.17805e-33
2.36301e-35
9.30723e-38
0
0
0
0
0
0
0
0
0
0
0
0
0
0
0
0
0
0
0
0
0
0
0
0
0
0
0
0
0
0
0
0
0
0
0
0
0
0
0
0
0
0
0
0
0
0
0
0
0
0
0
0
0
0
0
0
0
0
0
0
0
0
0
0
0
0
0
0
0
0
0
0
0
0
0
0
0
0
0
0
0
0
0
0
0
0
0
0
0
0
0
0
0
0
0
0
0
0
0
0
0
0
0
0
0
0
0
0
0
0
0
0
0
0
0
0
0
0
0
0
0
0
0
0
0
0
0
0
0
0
0
0
0
0
0
0
0
0
0
0
0
0
0
0
0
0
0
0
0
0
