3.59995e+07
567.631
1.85779
0.00726369
3.10769e-05
1.39498e-07
6.49633e-10
3.12224e-12
1.53407e-14
7.585e-17
3.70368e-19
1.75533e-21
7.96958e-24
3.43673e-26
1.40091e-28
5.38641e-31
1.95212e-33
6.61627e-36
1.81271e-38
0
0
0
0
0
0
0
0
0
0
0
0
0
0
0
0
0
0
0
0
0
0
0
0
0
0
0
0
0
0
0
0
0
0
0
0
0
0
0
0
0
0
0
0
0
0
0
0
0
0
0
0
0
0
0
0
0
0
0
0
0
0
0
0
0
0
0
0
0
0
0
0
0
0
0
0
0
0
0
0
0
0
0
0
0
0
0
0
0
0
0
0
0
0
0
0
0
0
0
0
0
0
0
0
0
0
0
0
0
0
0
0
0
0
0
0
0
0
0
0
0
0
0
0
0
0
0
0
0
0
0
0
0
0
0
0
0
0
0
0
0
0
0
0
0
0
0
0
0
0
0
