3.59994e+07
614.385
2.16705
0.00920458
4.29612e-05
2.11045e-07
1.07245e-09
5.55602e-12
2.8849e-14
1.47506e-16
7.31405e-19
3.47716e-21
1.57312e-23
6.74347e-26
2.73329e-28
1.04693e-30
3.79001e-33
1.28657e-35
3.20726e-38
0
0
0
0
0
0
0
0
0
0
0
0
0
0
0
0
0
0
0
0
0
0
0
0
0
0
0
0
0
0
0
0
0
0
0
0
0
0
0
0
0
0
0
0
0
0
0
0
0
0
0
0
0
0
0
0
0
0
0
0
0
0
0
0
0
0
0
0
0
0
0
0
0
0
0
0
0
0
0
0
0
0
0
0
0
0
0
0
0
0
0
0
0
0
0
0
0
0
0
0
0
0
0
0
0
0
0
0
0
0
0
0
0
0
0
0
0
0
0
0
0
0
0
0
0
0
0
0
0
0
0
0
0
0
0
0
0
0
0
0
0
0
0
0
0
0
0
0
0
0
0
