3.59994e+07
609.891
2.13517
0.00898754
4.14638e-05
2.00584e-07
1.00087e-09
5.09235e-12
2.60641e-14
1.3213e-16
6.5347e-19
3.11386e-21
1.41685e-23
6.12105e-26
2.50287e-28
9.67382e-31
3.53307e-33
1.20887e-35
3.20726e-38
0
0
0
0
0
0
0
0
0
0
0
0
0
0
0
0
0
0
0
0
0
0
0
0
0
0
0
0
0
0
0
0
0
0
0
0
0
0
0
0
0
0
0
0
0
0
0
0
0
0
0
0
0
0
0
0
0
0
0
0
0
0
0
0
0
0
0
0
0
0
0
0
0
0
0
0
0
0
0
0
0
0
0
0
0
0
0
0
0
0
0
0
0
0
0
0
0
0
0
0
0
0
0
0
0
0
0
0
0
0
0
0
0
0
0
0
0
0
0
0
0
0
0
0
0
0
0
0
0
0
0
0
0
0
0
0
0
0
0
0
0
0
0
0
0
0
0
0
0
0
0
