3.59989e+07
1055.23
6.24991
0.0462162
0.000381493
3.37322e-06
3.123e-08
2.96198e-10
2.81512e-12
2.62939e-14
2.37771e-16
2.06053e-18
1.70052e-20
1.33181e-22
9.88213e-25
6.94398e-27
4.62196e-29
2.91616e-31
1.74537e-33
9.87869e-36
4.55893e-38
0
0
0
0
0
0
0
0
0
0
0
0
0
0
0
0
0
0
0
0
0
0
0
0
0
0
0
0
0
0
0
0
0
0
0
0
0
0
0
0
0
0
0
0
0
0
0
0
0
0
0
0
0
0
0
0
0
0
0
0
0
0
0
0
0
0
0
0
0
0
0
0
0
0
0
0
0
0
0
0
0
0
0
0
0
0
0
0
0
0
0
0
0
0
0
0
0
0
0
0
0
0
0
0
0
0
0
0
0
0
0
0
0
0
0
0
0
0
0
0
0
0
0
0
0
0
0
0
0
0
0
0
0
0
0
0
0
0
0
0
0
0
0
0
0
0
0
0
0
