3.59993e+07
705.05
2.83176
0.0137816
7.33269e-05
4.06696e-07
2.29686e-09
1.29686e-11
7.20118e-14
3.87796e-16
2.00356e-18
9.85636e-21
4.59492e-23
2.02465e-25
8.42309e-28
3.30853e-30
1.22763e-32
4.2819e-35
1.16316e-37
0
0
0
0
0
0
0
0
0
0
0
0
0
0
0
0
0
0
0
0
0
0
0
0
0
0
0
0
0
0
0
0
0
0
0
0
0
0
0
0
0
0
0
0
0
0
0
0
0
0
0
0
0
0
0
0
0
0
0
0
0
0
0
0
0
0
0
0
0
0
0
0
0
0
0
0
0
0
0
0
0
0
0
0
0
0
0
0
0
0
0
0
0
0
0
0
0
0
0
0
0
0
0
0
0
0
0
0
0
0
0
0
0
0
0
0
0
0
0
0
0
0
0
0
0
0
0
0
0
0
0
0
0
0
0
0
0
0
0
0
0
0
0
0
0
0
0
0
0
0
0
