3.59993e+07
727.807
3.01188
0.0151843
8.43295e-05
4.93255e-07
2.96824e-09
1.79946e-11
1.0769e-13
6.25292e-16
3.47776e-18
1.8374e-20
9.17736e-23
4.32353e-25
1.91991e-27
8.03899e-30
3.17682e-32
1.18344e-34
3.80517e-37
0
0
0
0
0
0
0
0
0
0
0
0
0
0
0
0
0
0
0
0
0
0
0
0
0
0
0
0
0
0
0
0
0
0
0
0
0
0
0
0
0
0
0
0
0
0
0
0
0
0
0
0
0
0
0
0
0
0
0
0
0
0
0
0
0
0
0
0
0
0
0
0
0
0
0
0
0
0
0
0
0
0
0
0
0
0
0
0
0
0
0
0
0
0
0
0
0
0
0
0
0
0
0
0
0
0
0
0
0
0
0
0
0
0
0
0
0
0
0
0
0
0
0
0
0
0
0
0
0
0
0
0
0
0
0
0
0
0
0
0
0
0
0
0
0
0
0
0
0
0
0
