3.59993e+07
745.683
3.15132
0.0161487
9.03846e-05
5.28103e-07
3.15452e-09
1.89615e-11
1.13059e-13
6.60311e-16
3.7384e-18
2.03534e-20
1.05941e-22
5.2507e-25
2.47167e-27
1.10349e-29
4.66966e-32
1.86983e-34
6.75464e-37
0
0
0
0
0
0
0
0
0
0
0
0
0
0
0
0
0
0
0
0
0
0
0
0
0
0
0
0
0
0
0
0
0
0
0
0
0
0
0
0
0
0
0
0
0
0
0
0
0
0
0
0
0
0
0
0
0
0
0
0
0
0
0
0
0
0
0
0
0
0
0
0
0
0
0
0
0
0
0
0
0
0
0
0
0
0
0
0
0
0
0
0
0
0
0
0
0
0
0
0
0
0
0
0
0
0
0
0
0
0
0
0
0
0
0
0
0
0
0
0
0
0
0
0
0
0
0
0
0
0
0
0
0
0
0
0
0
0
0
0
0
0
0
0
0
0
0
0
0
0
0
