3.59993e+07
673.446
2.58551
0.0120065
6.11656e-05
3.27091e-07
1.79968e-09
1.00113e-11
5.52746e-14
2.97672e-16
1.54179e-18
7.60464e-21
3.54975e-23
1.56285e-25
6.48107e-28
2.53139e-30
9.31813e-33
3.21785e-35
9.35994e-38
0
0
0
0
0
0
0
0
0
0
0
0
0
0
0
0
0
0
0
0
0
0
0
0
0
0
0
0
0
0
0
0
0
0
0
0
0
0
0
0
0
0
0
0
0
0
0
0
0
0
0
0
0
0
0
0
0
0
0
0
0
0
0
0
0
0
0
0
0
0
0
0
0
0
0
0
0
0
0
0
0
0
0
0
0
0
0
0
0
0
0
0
0
0
0
0
0
0
0
0
0
0
0
0
0
0
0
0
0
0
0
0
0
0
0
0
0
0
0
0
0
0
0
0
0
0
0
0
0
0
0
0
0
0
0
0
0
0
0
0
0
0
0
0
0
0
0
0
0
0
0
