3.59993e+07
683.028
2.65711
0.0124957
6.42438e-05
3.44851e-07
1.89517e-09
1.05181e-11
5.81852e-14
3.1667e-16
1.67521e-18
8.52746e-21
4.14556e-23
1.91495e-25
8.38002e-28
3.46926e-30
1.35819e-32
5.01004e-35
1.63349e-37
0
0
0
0
0
0
0
0
0
0
0
0
0
0
0
0
0
0
0
0
0
0
0
0
0
0
0
0
0
0
0
0
0
0
0
0
0
0
0
0
0
0
0
0
0
0
0
0
0
0
0
0
0
0
0
0
0
0
0
0
0
0
0
0
0
0
0
0
0
0
0
0
0
0
0
0
0
0
0
0
0
0
0
0
0
0
0
0
0
0
0
0
0
0
0
0
0
0
0
0
0
0
0
0
0
0
0
0
0
0
0
0
0
0
0
0
0
0
0
0
0
0
0
0
0
0
0
0
0
0
0
0
0
0
0
0
0
0
0
0
0
0
0
0
0
0
0
0
0
0
0
