3.59993e+07
736.868
3.08303
0.0156815
8.75085e-05
5.11844e-07
3.06366e-09
1.83771e-11
1.08332e-13
6.17427e-16
3.36162e-18
1.73472e-20
8.44604e-23
3.8714e-25
1.66962e-27
6.77777e-30
2.59236e-32
9.32249e-35
2.89663e-37
0
0
0
0
0
0
0
0
0
0
0
0
0
0
0
0
0
0
0
0
0
0
0
0
0
0
0
0
0
0
0
0
0
0
0
0
0
0
0
0
0
0
0
0
0
0
0
0
0
0
0
0
0
0
0
0
0
0
0
0
0
0
0
0
0
0
0
0
0
0
0
0
0
0
0
0
0
0
0
0
0
0
0
0
0
0
0
0
0
0
0
0
0
0
0
0
0
0
0
0
0
0
0
0
0
0
0
0
0
0
0
0
0
0
0
0
0
0
0
0
0
0
0
0
0
0
0
0
0
0
0
0
0
0
0
0
0
0
0
0
0
0
0
0
0
0
0
0
0
0
0
