3.59994e+07
632.939
2.29283
0.0100098
4.79063e-05
2.40259e-07
1.23844e-09
6.46032e-12
3.3548e-14
1.70642e-16
8.38563e-19
3.9406e-21
1.75878e-23
7.42601e-26
2.96047e-28
1.11381e-30
3.95539e-33
1.31377e-35
2.97739e-38
0
0
0
0
0
0
0
0
0
0
0
0
0
0
0
0
0
0
0
0
0
0
0
0
0
0
0
0
0
0
0
0
0
0
0
0
0
0
0
0
0
0
0
0
0
0
0
0
0
0
0
0
0
0
0
0
0
0
0
0
0
0
0
0
0
0
0
0
0
0
0
0
0
0
0
0
0
0
0
0
0
0
0
0
0
0
0
0
0
0
0
0
0
0
0
0
0
0
0
0
0
0
0
0
0
0
0
0
0
0
0
0
0
0
0
0
0
0
0
0
0
0
0
0
0
0
0
0
0
0
0
0
0
0
0
0
0
0
0
0
0
0
0
0
0
0
0
0
0
0
0
