3.5999e+07
946.81
5.03489
0.0330318
0.000238357
1.80314e-06
1.39412e-08
1.08099e-10
8.27917e-13
6.18908e-15
4.47578e-17
3.11123e-19
2.06954e-21
1.31336e-23
7.93615e-26
4.56086e-28
2.49145e-30
1.29345e-32
6.36512e-35
2.75877e-37
0
0
0
0
0
0
0
0
0
0
0
0
0
0
0
0
0
0
0
0
0
0
0
0
0
0
0
0
0
0
0
0
0
0
0
0
0
0
0
0
0
0
0
0
0
0
0
0
0
0
0
0
0
0
0
0
0
0
0
0
0
0
0
0
0
0
0
0
0
0
0
0
0
0
0
0
0
0
0
0
0
0
0
0
0
0
0
0
0
0
0
0
0
0
0
0
0
0
0
0
0
0
0
0
0
0
0
0
0
0
0
0
0
0
0
0
0
0
0
0
0
0
0
0
0
0
0
0
0
0
0
0
0
0
0
0
0
0
0
0
0
0
0
0
0
0
0
0
0
0
