3.5999e+07
1008.08
5.6929
0.0397435
0.000305642
2.47863e-06
2.07991e-08
1.78412e-10
1.5467e-12
1.33787e-14
1.13873e-16
9.41261e-19
7.4746e-21
5.65791e-23
4.06211e-25
2.75866e-27
1.7702e-29
1.07331e-31
6.15059e-34
3.30539e-36
1.55218e-38
0
0
0
0
0
0
0
0
0
0
0
0
0
0
0
0
0
0
0
0
0
0
0
0
0
0
0
0
0
0
0
0
0
0
0
0
0
0
0
0
0
0
0
0
0
0
0
0
0
0
0
0
0
0
0
0
0
0
0
0
0
0
0
0
0
0
0
0
0
0
0
0
0
0
0
0
0
0
0
0
0
0
0
0
0
0
0
0
0
0
0
0
0
0
0
0
0
0
0
0
0
0
0
0
0
0
0
0
0
0
0
0
0
0
0
0
0
0
0
0
0
0
0
0
0
0
0
0
0
0
0
0
0
0
0
0
0
0
0
0
0
0
0
0
0
0
0
0
0
