3.59994e+07
624.258
2.23089
0.00959273
4.52919e-05
2.2657e-07
1.20301e-09
6.873e-12
4.24092e-14
2.76977e-16
1.84531e-18
1.20989e-20
7.61383e-23
4.53427e-25
2.53853e-27
1.33308e-29
6.567e-32
3.03754e-34
1.31579e-36
5.37939e-39
0
0
0
0
0
0
0
0
0
0
0
0
0
0
0
0
0
0
0
0
0
0
0
0
0
0
0
0
0
0
0
0
0
0
0
0
0
0
0
0
0
0
0
0
0
0
0
0
0
0
0
0
0
0
0
0
0
0
0
0
0
0
0
0
0
0
0
0
0
0
0
0
0
0
0
0
0
0
0
0
0
0
0
0
0
0
0
0
0
0
0
0
0
0
0
0
0
0
0
0
0
0
0
0
0
0
0
0
0
0
0
0
0
0
0
0
0
0
0
0
0
0
0
0
0
0
0
0
0
0
0
0
0
0
0
0
0
0
0
0
0
0
0
0
0
0
0
0
0
0
