3.59993e+07
707.402
2.84853
0.0139316
7.51603e-05
4.3227e-07
2.63131e-09
1.67879e-11
1.09831e-13
7.1594e-16
4.5308e-18
2.73346e-20
1.55565e-22
8.30982e-25
4.1598e-27
1.95222e-29
8.6014e-32
3.5627e-34
1.37578e-36
0
0
0
0
0
0
0
0
0
0
0
0
0
0
0
0
0
0
0
0
0
0
0
0
0
0
0
0
0
0
0
0
0
0
0
0
0
0
0
0
0
0
0
0
0
0
0
0
0
0
0
0
0
0
0
0
0
0
0
0
0
0
0
0
0
0
0
0
0
0
0
0
0
0
0
0
0
0
0
0
0
0
0
0
0
0
0
0
0
0
0
0
0
0
0
0
0
0
0
0
0
0
0
0
0
0
0
0
0
0
0
0
0
0
0
0
0
0
0
0
0
0
0
0
0
0
0
0
0
0
0
0
0
0
0
0
0
0
0
0
0
0
0
0
0
0
0
0
0
0
0
