3.5999e+07
972.621
5.31924
0.0360438
0.000269665
2.12309e-06
1.71343e-08
1.38813e-10
1.10835e-12
8.58804e-15
6.38159e-17
4.51041e-19
3.01687e-21
1.90455e-23
1.13369e-25
6.36382e-28
3.37149e-30
1.68776e-32
7.97275e-35
3.32223e-37
0
0
0
0
0
0
0
0
0
0
0
0
0
0
0
0
0
0
0
0
0
0
0
0
0
0
0
0
0
0
0
0
0
0
0
0
0
0
0
0
0
0
0
0
0
0
0
0
0
0
0
0
0
0
0
0
0
0
0
0
0
0
0
0
0
0
0
0
0
0
0
0
0
0
0
0
0
0
0
0
0
0
0
0
0
0
0
0
0
0
0
0
0
0
0
0
0
0
0
0
0
0
0
0
0
0
0
0
0
0
0
0
0
0
0
0
0
0
0
0
0
0
0
0
0
0
0
0
0
0
0
0
0
0
0
0
0
0
0
0
0
0
0
0
0
0
0
0
0
0
