3.59991e+07
886.679
4.43094
0.0272482
0.000184145
1.30245e-06
9.40224e-09
6.80465e-11
4.86785e-13
3.40302e-15
2.30376e-17
1.49972e-19
9.34017e-22
5.54576e-24
3.13259e-26
1.68155e-28
8.57524e-31
4.15452e-33
1.89984e-35
7.37534e-38
0
0
0
0
0
0
0
0
0
0
0
0
0
0
0
0
0
0
0
0
0
0
0
0
0
0
0
0
0
0
0
0
0
0
0
0
0
0
0
0
0
0
0
0
0
0
0
0
0
0
0
0
0
0
0
0
0
0
0
0
0
0
0
0
0
0
0
0
0
0
0
0
0
0
0
0
0
0
0
0
0
0
0
0
0
0
0
0
0
0
0
0
0
0
0
0
0
0
0
0
0
0
0
0
0
0
0
0
0
0
0
0
0
0
0
0
0
0
0
0
0
0
0
0
0
0
0
0
0
0
0
0
0
0
0
0
0
0
0
0
0
0
0
0
0
0
0
0
0
0
