3.59995e+07
563.168
1.82615
0.00705893
2.98117e-05
1.31526e-07
5.95427e-10
2.72858e-12
1.24735e-14
5.60618e-17
2.44643e-19
1.02663e-21
4.11524e-24
1.5689e-26
5.67445e-29
1.94468e-31
6.30776e-34
1.88309e-36
0
0
0
0
0
0
0
0
0
0
0
0
0
0
0
0
0
0
0
0
0
0
0
0
0
0
0
0
0
0
0
0
0
0
0
0
0
0
0
0
0
0
0
0
0
0
0
0
0
0
0
0
0
0
0
0
0
0
0
0
0
0
0
0
0
0
0
0
0
0
0
0
0
0
0
0
0
0
0
0
0
0
0
0
0
0
0
0
0
0
0
0
0
0
0
0
0
0
0
0
0
0
0
0
0
0
0
0
0
0
0
0
0
0
0
0
0
0
0
0
0
0
0
0
0
0
0
0
0
0
0
0
0
0
0
0
0
0
0
0
0
0
0
0
0
0
0
0
0
0
0
0
