3.59991e+07
923.738
4.80412
0.0308457
0.000218264
1.62236e-06
1.2346e-08
9.43031e-11
7.11076e-13
5.22082e-15
3.69259e-17
2.49613e-19
1.604e-21
9.76519e-24
5.62238e-26
3.05949e-28
1.57375e-30
7.65667e-33
3.51071e-35
1.37482e-37
0
0
0
0
0
0
0
0
0
0
0
0
0
0
0
0
0
0
0
0
0
0
0
0
0
0
0
0
0
0
0
0
0
0
0
0
0
0
0
0
0
0
0
0
0
0
0
0
0
0
0
0
0
0
0
0
0
0
0
0
0
0
0
0
0
0
0
0
0
0
0
0
0
0
0
0
0
0
0
0
0
0
0
0
0
0
0
0
0
0
0
0
0
0
0
0
0
0
0
0
0
0
0
0
0
0
0
0
0
0
0
0
0
0
0
0
0
0
0
0
0
0
0
0
0
0
0
0
0
0
0
0
0
0
0
0
0
0
0
0
0
0
0
0
0
0
0
0
0
0
