3.59993e+07
694.516
2.74529
0.0131342
6.8825e-05
3.77598e-07
2.12293e-09
1.20104e-11
6.71441e-14
3.64905e-16
1.90324e-18
9.44277e-21
4.43268e-23
1.9633e-25
8.19668e-28
3.22633e-30
1.19824e-32
4.18214e-35
1.21055e-37
0
0
0
0
0
0
0
0
0
0
0
0
0
0
0
0
0
0
0
0
0
0
0
0
0
0
0
0
0
0
0
0
0
0
0
0
0
0
0
0
0
0
0
0
0
0
0
0
0
0
0
0
0
0
0
0
0
0
0
0
0
0
0
0
0
0
0
0
0
0
0
0
0
0
0
0
0
0
0
0
0
0
0
0
0
0
0
0
0
0
0
0
0
0
0
0
0
0
0
0
0
0
0
0
0
0
0
0
0
0
0
0
0
0
0
0
0
0
0
0
0
0
0
0
0
0
0
0
0
0
0
0
0
0
0
0
0
0
0
0
0
0
0
0
0
0
0
0
0
0
0
