3.59991e+07
889.507
4.45195
0.0273504
0.000184165
1.29679e-06
9.335e-09
6.75987e-11
4.85684e-13
3.42001e-15
2.33547e-17
1.5336e-19
9.62305e-22
5.74541e-24
3.25546e-26
1.7483e-28
8.89546e-31
4.28852e-33
1.94971e-35
7.55532e-38
0
0
0
0
0
0
0
0
0
0
0
0
0
0
0
0
0
0
0
0
0
0
0
0
0
0
0
0
0
0
0
0
0
0
0
0
0
0
0
0
0
0
0
0
0
0
0
0
0
0
0
0
0
0
0
0
0
0
0
0
0
0
0
0
0
0
0
0
0
0
0
0
0
0
0
0
0
0
0
0
0
0
0
0
0
0
0
0
0
0
0
0
0
0
0
0
0
0
0
0
0
0
0
0
0
0
0
0
0
0
0
0
0
0
0
0
0
0
0
0
0
0
0
0
0
0
0
0
0
0
0
0
0
0
0
0
0
0
0
0
0
0
0
0
0
0
0
0
0
0
