3.59991e+07
919.302
4.75493
0.0303565
0.000214811
1.62217e-06
1.28638e-08
1.05358e-10
8.72457e-13
7.14267e-15
5.67306e-17
4.31362e-19
3.11476e-21
2.12682e-23
1.37097e-25
8.34161e-28
4.79415e-30
2.60564e-32
1.33974e-34
6.41014e-37
0
0
0
0
0
0
0
0
0
0
0
0
0
0
0
0
0
0
0
0
0
0
0
0
0
0
0
0
0
0
0
0
0
0
0
0
0
0
0
0
0
0
0
0
0
0
0
0
0
0
0
0
0
0
0
0
0
0
0
0
0
0
0
0
0
0
0
0
0
0
0
0
0
0
0
0
0
0
0
0
0
0
0
0
0
0
0
0
0
0
0
0
0
0
0
0
0
0
0
0
0
0
0
0
0
0
0
0
0
0
0
0
0
0
0
0
0
0
0
0
0
0
0
0
0
0
0
0
0
0
0
0
0
0
0
0
0
0
0
0
0
0
0
0
0
0
0
0
0
0
