3.59991e+07
903.294
4.59912
0.0288916
0.000199849
1.44958e-06
1.07432e-08
7.97963e-11
5.84758e-13
4.17502e-15
2.87623e-17
1.89833e-19
1.1944e-21
7.1411e-24
4.04989e-26
2.17699e-28
1.10919e-30
5.3586e-33
2.44163e-35
9.77081e-38
0
0
0
0
0
0
0
0
0
0
0
0
0
0
0
0
0
0
0
0
0
0
0
0
0
0
0
0
0
0
0
0
0
0
0
0
0
0
0
0
0
0
0
0
0
0
0
0
0
0
0
0
0
0
0
0
0
0
0
0
0
0
0
0
0
0
0
0
0
0
0
0
0
0
0
0
0
0
0
0
0
0
0
0
0
0
0
0
0
0
0
0
0
0
0
0
0
0
0
0
0
0
0
0
0
0
0
0
0
0
0
0
0
0
0
0
0
0
0
0
0
0
0
0
0
0
0
0
0
0
0
0
0
0
0
0
0
0
0
0
0
0
0
0
0
0
0
0
0
0
