3.59994e+07
602.392
2.08392
0.00864396
3.90603e-05
1.83016e-07
8.71133e-10
4.15949e-12
1.97007e-14
9.15447e-17
4.131e-19
1.79461e-21
7.45516e-24
2.94745e-26
1.10566e-28
3.9288e-31
1.32078e-33
4.10664e-36
7.31804e-39
0
0
0
0
0
0
0
0
0
0
0
0
0
0
0
0
0
0
0
0
0
0
0
0
0
0
0
0
0
0
0
0
0
0
0
0
0
0
0
0
0
0
0
0
0
0
0
0
0
0
0
0
0
0
0
0
0
0
0
0
0
0
0
0
0
0
0
0
0
0
0
0
0
0
0
0
0
0
0
0
0
0
0
0
0
0
0
0
0
0
0
0
0
0
0
0
0
0
0
0
0
0
0
0
0
0
0
0
0
0
0
0
0
0
0
0
0
0
0
0
0
0
0
0
0
0
0
0
0
0
0
0
0
0
0
0
0
0
0
0
0
0
0
0
0
0
0
0
0
0
0
