3.59994e+07
593.261
2.02162
0.00825696
3.70622e-05
1.77145e-07
9.08692e-10
5.08831e-12
3.10996e-14
2.01598e-16
1.32754e-18
8.55482e-21
5.26709e-23
3.0594e-25
1.66739e-27
8.51394e-30
4.07522e-32
1.83056e-34
7.71354e-37
3.05767e-39
0
0
0
0
0
0
0
0
0
0
0
0
0
0
0
0
0
0
0
0
0
0
0
0
0
0
0
0
0
0
0
0
0
0
0
0
0
0
0
0
0
0
0
0
0
0
0
0
0
0
0
0
0
0
0
0
0
0
0
0
0
0
0
0
0
0
0
0
0
0
0
0
0
0
0
0
0
0
0
0
0
0
0
0
0
0
0
0
0
0
0
0
0
0
0
0
0
0
0
0
0
0
0
0
0
0
0
0
0
0
0
0
0
0
0
0
0
0
0
0
0
0
0
0
0
0
0
0
0
0
0
0
0
0
0
0
0
0
0
0
0
0
0
0
0
0
0
0
0
0
