3.59989e+07
1057.94
6.26753
0.0460156
0.000371654
3.14982e-06
2.73621e-08
2.39616e-10
2.08497e-12
1.7782e-14
1.46829e-16
1.16206e-18
8.75083e-21
6.24065e-23
4.20399e-25
2.67257e-27
1.60355e-29
9.08803e-32
4.86736e-34
2.42465e-36
4.44725e-39
0
0
0
0
0
0
0
0
0
0
0
0
0
0
0
0
0
0
0
0
0
0
0
0
0
0
0
0
0
0
0
0
0
0
0
0
0
0
0
0
0
0
0
0
0
0
0
0
0
0
0
0
0
0
0
0
0
0
0
0
0
0
0
0
0
0
0
0
0
0
0
0
0
0
0
0
0
0
0
0
0
0
0
0
0
0
0
0
0
0
0
0
0
0
0
0
0
0
0
0
0
0
0
0
0
0
0
0
0
0
0
0
0
0
0
0
0
0
0
0
0
0
0
0
0
0
0
0
0
0
0
0
0
0
0
0
0
0
0
0
0
0
0
0
0
0
0
0
0
