3.5999e+07
1004.1
5.65564
0.0394683
0.000304143
2.46802e-06
2.04962e-08
1.69963e-10
1.37788e-12
1.0745e-14
7.97143e-17
5.58825e-19
3.68887e-21
2.28976e-23
1.33649e-25
7.3416e-28
3.80047e-30
1.85681e-32
8.54833e-35
3.39399e-37
0
0
0
0
0
0
0
0
0
0
0
0
0
0
0
0
0
0
0
0
0
0
0
0
0
0
0
0
0
0
0
0
0
0
0
0
0
0
0
0
0
0
0
0
0
0
0
0
0
0
0
0
0
0
0
0
0
0
0
0
0
0
0
0
0
0
0
0
0
0
0
0
0
0
0
0
0
0
0
0
0
0
0
0
0
0
0
0
0
0
0
0
0
0
0
0
0
0
0
0
0
0
0
0
0
0
0
0
0
0
0
0
0
0
0
0
0
0
0
0
0
0
0
0
0
0
0
0
0
0
0
0
0
0
0
0
0
0
0
0
0
0
0
0
0
0
0
0
0
0
