3.59995e+07
559.808
1.80741
0.00696358
2.94197e-05
1.30998e-07
6.08033e-10
2.91502e-12
1.42084e-14
6.8988e-17
3.27195e-19
1.49286e-21
6.48673e-24
2.66864e-26
1.03658e-28
3.79846e-31
1.31308e-33
4.23627e-36
7.50058e-39
0
0
0
0
0
0
0
0
0
0
0
0
0
0
0
0
0
0
0
0
0
0
0
0
0
0
0
0
0
0
0
0
0
0
0
0
0
0
0
0
0
0
0
0
0
0
0
0
0
0
0
0
0
0
0
0
0
0
0
0
0
0
0
0
0
0
0
0
0
0
0
0
0
0
0
0
0
0
0
0
0
0
0
0
0
0
0
0
0
0
0
0
0
0
0
0
0
0
0
0
0
0
0
0
0
0
0
0
0
0
0
0
0
0
0
0
0
0
0
0
0
0
0
0
0
0
0
0
0
0
0
0
0
0
0
0
0
0
0
0
0
0
0
0
0
0
0
0
0
0
0
