3.59991e+07
886.877
4.42644
0.0270964
0.000181385
1.26136e-06
8.86048e-09
6.1639e-11
4.18564e-13
2.74608e-15
1.72831e-17
1.03853e-19
5.94038e-22
3.22904e-24
1.66685e-26
8.17114e-29
3.80565e-31
1.68449e-33
6.98217e-36
1.58634e-38
0
0
0
0
0
0
0
0
0
0
0
0
0
0
0
0
0
0
0
0
0
0
0
0
0
0
0
0
0
0
0
0
0
0
0
0
0
0
0
0
0
0
0
0
0
0
0
0
0
0
0
0
0
0
0
0
0
0
0
0
0
0
0
0
0
0
0
0
0
0
0
0
0
0
0
0
0
0
0
0
0
0
0
0
0
0
0
0
0
0
0
0
0
0
0
0
0
0
0
0
0
0
0
0
0
0
0
0
0
0
0
0
0
0
0
0
0
0
0
0
0
0
0
0
0
0
0
0
0
0
0
0
0
0
0
0
0
0
0
0
0
0
0
0
0
0
0
0
0
0
