3.59995e+07
566.226
1.84426
0.00714093
2.99719e-05
1.29744e-07
5.67593e-10
2.4803e-12
1.07266e-14
4.55232e-17
1.88079e-19
7.50933e-22
2.87929e-24
1.05496e-26
3.68056e-29
1.21993e-31
3.83153e-34
1.08688e-36
0
0
0
0
0
0
0
0
0
0
0
0
0
0
0
0
0
0
0
0
0
0
0
0
0
0
0
0
0
0
0
0
0
0
0
0
0
0
0
0
0
0
0
0
0
0
0
0
0
0
0
0
0
0
0
0
0
0
0
0
0
0
0
0
0
0
0
0
0
0
0
0
0
0
0
0
0
0
0
0
0
0
0
0
0
0
0
0
0
0
0
0
0
0
0
0
0
0
0
0
0
0
0
0
0
0
0
0
0
0
0
0
0
0
0
0
0
0
0
0
0
0
0
0
0
0
0
0
0
0
0
0
0
0
0
0
0
0
0
0
0
0
0
0
0
0
0
0
0
0
0
0
