3.59993e+07
708.112
2.85156
0.0138957
7.39097e-05
4.09871e-07
2.32226e-09
1.32325e-11
7.46321e-14
4.10314e-16
2.17066e-18
1.09445e-20
5.22684e-23
2.35618e-25
1.00107e-27
4.00827e-30
1.51338e-32
5.36984e-35
1.61471e-37
0
0
0
0
0
0
0
0
0
0
0
0
0
0
0
0
0
0
0
0
0
0
0
0
0
0
0
0
0
0
0
0
0
0
0
0
0
0
0
0
0
0
0
0
0
0
0
0
0
0
0
0
0
0
0
0
0
0
0
0
0
0
0
0
0
0
0
0
0
0
0
0
0
0
0
0
0
0
0
0
0
0
0
0
0
0
0
0
0
0
0
0
0
0
0
0
0
0
0
0
0
0
0
0
0
0
0
0
0
0
0
0
0
0
0
0
0
0
0
0
0
0
0
0
0
0
0
0
0
0
0
0
0
0
0
0
0
0
0
0
0
0
0
0
0
0
0
0
0
0
0
