3.59994e+07
620.555
2.20657
0.00943915
4.41542e-05
2.15035e-07
1.06449e-09
5.25746e-12
2.54732e-14
1.19387e-16
5.35686e-19
2.28568e-21
9.23856e-24
3.53092e-26
1.27544e-28
4.3559e-31
1.40681e-33
4.18313e-36
3.65902e-39
0
0
0
0
0
0
0
0
0
0
0
0
0
0
0
0
0
0
0
0
0
0
0
0
0
0
0
0
0
0
0
0
0
0
0
0
0
0
0
0
0
0
0
0
0
0
0
0
0
0
0
0
0
0
0
0
0
0
0
0
0
0
0
0
0
0
0
0
0
0
0
0
0
0
0
0
0
0
0
0
0
0
0
0
0
0
0
0
0
0
0
0
0
0
0
0
0
0
0
0
0
0
0
0
0
0
0
0
0
0
0
0
0
0
0
0
0
0
0
0
0
0
0
0
0
0
0
0
0
0
0
0
0
0
0
0
0
0
0
0
0
0
0
0
0
0
0
0
0
0
0
