3.59993e+07
694.753
2.74802
0.0131719
6.92421e-05
3.81086e-07
2.14531e-09
1.2119e-11
6.75028e-14
3.65235e-16
1.89787e-18
9.39658e-21
4.41089e-23
1.95767e-25
8.20552e-28
3.24777e-30
1.21447e-32
4.27166e-35
1.23259e-37
0
0
0
0
0
0
0
0
0
0
0
0
0
0
0
0
0
0
0
0
0
0
0
0
0
0
0
0
0
0
0
0
0
0
0
0
0
0
0
0
0
0
0
0
0
0
0
0
0
0
0
0
0
0
0
0
0
0
0
0
0
0
0
0
0
0
0
0
0
0
0
0
0
0
0
0
0
0
0
0
0
0
0
0
0
0
0
0
0
0
0
0
0
0
0
0
0
0
0
0
0
0
0
0
0
0
0
0
0
0
0
0
0
0
0
0
0
0
0
0
0
0
0
0
0
0
0
0
0
0
0
0
0
0
0
0
0
0
0
0
0
0
0
0
0
0
0
0
0
0
0
