3.59994e+07
639.966
2.34073
0.0103031
4.94871e-05
2.4716e-07
1.2563e-09
6.40424e-12
3.23243e-14
1.59681e-16
7.64383e-19
3.51749e-21
1.54687e-23
6.47508e-26
2.57381e-28
9.7043e-31
3.46884e-33
1.16185e-35
2.4572e-38
0
0
0
0
0
0
0
0
0
0
0
0
0
0
0
0
0
0
0
0
0
0
0
0
0
0
0
0
0
0
0
0
0
0
0
0
0
0
0
0
0
0
0
0
0
0
0
0
0
0
0
0
0
0
0
0
0
0
0
0
0
0
0
0
0
0
0
0
0
0
0
0
0
0
0
0
0
0
0
0
0
0
0
0
0
0
0
0
0
0
0
0
0
0
0
0
0
0
0
0
0
0
0
0
0
0
0
0
0
0
0
0
0
0
0
0
0
0
0
0
0
0
0
0
0
0
0
0
0
0
0
0
0
0
0
0
0
0
0
0
0
0
0
0
0
0
0
0
0
0
0
