3.59995e+07
561.166
1.81513
0.00699461
2.93968e-05
1.28724e-07
5.76722e-10
2.60766e-12
1.17198e-14
5.15532e-17
2.19013e-19
8.89661e-22
3.43282e-24
1.25331e-26
4.32133e-29
1.40631e-31
4.31562e-34
1.19671e-36
0
0
0
0
0
0
0
0
0
0
0
0
0
0
0
0
0
0
0
0
0
0
0
0
0
0
0
0
0
0
0
0
0
0
0
0
0
0
0
0
0
0
0
0
0
0
0
0
0
0
0
0
0
0
0
0
0
0
0
0
0
0
0
0
0
0
0
0
0
0
0
0
0
0
0
0
0
0
0
0
0
0
0
0
0
0
0
0
0
0
0
0
0
0
0
0
0
0
0
0
0
0
0
0
0
0
0
0
0
0
0
0
0
0
0
0
0
0
0
0
0
0
0
0
0
0
0
0
0
0
0
0
0
0
0
0
0
0
0
0
0
0
0
0
0
0
0
0
0
0
0
0
