3.59993e+07
690.576
2.71491
0.0129225
6.74819e-05
3.70257e-07
2.0941e-09
1.20139e-11
6.87509e-14
3.86262e-16
2.103e-18
1.09919e-20
5.4821e-23
2.59989e-25
1.1705e-27
5.00001e-30
2.02686e-32
7.78074e-35
2.6176e-37
0
0
0
0
0
0
0
0
0
0
0
0
0
0
0
0
0
0
0
0
0
0
0
0
0
0
0
0
0
0
0
0
0
0
0
0
0
0
0
0
0
0
0
0
0
0
0
0
0
0
0
0
0
0
0
0
0
0
0
0
0
0
0
0
0
0
0
0
0
0
0
0
0
0
0
0
0
0
0
0
0
0
0
0
0
0
0
0
0
0
0
0
0
0
0
0
0
0
0
0
0
0
0
0
0
0
0
0
0
0
0
0
0
0
0
0
0
0
0
0
0
0
0
0
0
0
0
0
0
0
0
0
0
0
0
0
0
0
0
0
0
0
0
0
0
0
0
0
0
0
0
