3.59994e+07
592.33
2.01538
0.0082029
3.63676e-05
1.67457e-07
7.85995e-10
3.71775e-12
1.7528e-14
8.14431e-17
3.68942e-19
1.61446e-21
6.77573e-24
2.71352e-26
1.03354e-28
3.7371e-31
1.281e-33
4.08876e-36
7.50058e-39
0
0
0
0
0
0
0
0
0
0
0
0
0
0
0
0
0
0
0
0
0
0
0
0
0
0
0
0
0
0
0
0
0
0
0
0
0
0
0
0
0
0
0
0
0
0
0
0
0
0
0
0
0
0
0
0
0
0
0
0
0
0
0
0
0
0
0
0
0
0
0
0
0
0
0
0
0
0
0
0
0
0
0
0
0
0
0
0
0
0
0
0
0
0
0
0
0
0
0
0
0
0
0
0
0
0
0
0
0
0
0
0
0
0
0
0
0
0
0
0
0
0
0
0
0
0
0
0
0
0
0
0
0
0
0
0
0
0
0
0
0
0
0
0
0
0
0
0
0
0
0
