3.59989e+07
1027.84
5.92592
0.0425272
0.000338969
2.86979e-06
2.52249e-08
2.26281e-10
2.0404e-12
1.82329e-14
1.59367e-16
1.34734e-18
1.09216e-20
8.43557e-23
6.18337e-25
4.29209e-27
2.81882e-29
1.75161e-31
1.03024e-33
5.69148e-36
2.89511e-38
0
0
0
0
0
0
0
0
0
0
0
0
0
0
0
0
0
0
0
0
0
0
0
0
0
0
0
0
0
0
0
0
0
0
0
0
0
0
0
0
0
0
0
0
0
0
0
0
0
0
0
0
0
0
0
0
0
0
0
0
0
0
0
0
0
0
0
0
0
0
0
0
0
0
0
0
0
0
0
0
0
0
0
0
0
0
0
0
0
0
0
0
0
0
0
0
0
0
0
0
0
0
0
0
0
0
0
0
0
0
0
0
0
0
0
0
0
0
0
0
0
0
0
0
0
0
0
0
0
0
0
0
0
0
0
0
0
0
0
0
0
0
0
0
0
0
0
0
0
