3.59993e+07
683.836
2.66369
0.012544
6.46176e-05
3.48229e-07
1.92815e-09
1.08283e-11
6.08611e-14
3.37698e-16
1.82681e-18
9.53797e-21
4.77158e-23
2.27643e-25
1.03285e-27
4.45067e-30
1.82063e-32
7.05229e-35
2.46642e-37
0
0
0
0
0
0
0
0
0
0
0
0
0
0
0
0
0
0
0
0
0
0
0
0
0
0
0
0
0
0
0
0
0
0
0
0
0
0
0
0
0
0
0
0
0
0
0
0
0
0
0
0
0
0
0
0
0
0
0
0
0
0
0
0
0
0
0
0
0
0
0
0
0
0
0
0
0
0
0
0
0
0
0
0
0
0
0
0
0
0
0
0
0
0
0
0
0
0
0
0
0
0
0
0
0
0
0
0
0
0
0
0
0
0
0
0
0
0
0
0
0
0
0
0
0
0
0
0
0
0
0
0
0
0
0
0
0
0
0
0
0
0
0
0
0
0
0
0
0
0
0
