3.5999e+07
956.822
5.13112
0.0339612
0.000248533
1.93797e-06
1.59715e-08
1.39192e-10
1.27892e-12
1.2205e-14
1.17946e-16
1.12361e-18
1.03308e-20
9.04225e-23
7.47796e-25
5.82352e-27
4.2668e-29
2.94281e-31
1.91281e-33
1.17212e-35
6.69696e-38
0
0
0
0
0
0
0
0
0
0
0
0
0
0
0
0
0
0
0
0
0
0
0
0
0
0
0
0
0
0
0
0
0
0
0
0
0
0
0
0
0
0
0
0
0
0
0
0
0
0
0
0
0
0
0
0
0
0
0
0
0
0
0
0
0
0
0
0
0
0
0
0
0
0
0
0
0
0
0
0
0
0
0
0
0
0
0
0
0
0
0
0
0
0
0
0
0
0
0
0
0
0
0
0
0
0
0
0
0
0
0
0
0
0
0
0
0
0
0
0
0
0
0
0
0
0
0
0
0
0
0
0
0
0
0
0
0
0
0
0
0
0
0
0
0
0
0
0
0
