3.59993e+07
743.006
3.13154
0.0160415
9.01339e-05
5.31372e-07
3.21725e-09
1.96573e-11
1.19174e-13
7.06044e-16
4.03717e-18
2.20776e-20
1.1477e-22
5.65137e-25
2.63132e-27
1.15794e-29
4.81768e-32
1.89349e-34
6.76491e-37
0
0
0
0
0
0
0
0
0
0
0
0
0
0
0
0
0
0
0
0
0
0
0
0
0
0
0
0
0
0
0
0
0
0
0
0
0
0
0
0
0
0
0
0
0
0
0
0
0
0
0
0
0
0
0
0
0
0
0
0
0
0
0
0
0
0
0
0
0
0
0
0
0
0
0
0
0
0
0
0
0
0
0
0
0
0
0
0
0
0
0
0
0
0
0
0
0
0
0
0
0
0
0
0
0
0
0
0
0
0
0
0
0
0
0
0
0
0
0
0
0
0
0
0
0
0
0
0
0
0
0
0
0
0
0
0
0
0
0
0
0
0
0
0
0
0
0
0
0
0
0
