3.59994e+07
645.136
2.37803
0.0105859
5.1829e-05
2.67988e-07
1.44469e-09
8.04933e-12
4.57627e-14
2.60925e-16
1.46493e-18
7.97253e-21
4.15794e-23
2.06291e-25
9.69666e-28
4.30995e-30
1.81055e-32
7.17738e-35
2.57681e-37
0
0
0
0
0
0
0
0
0
0
0
0
0
0
0
0
0
0
0
0
0
0
0
0
0
0
0
0
0
0
0
0
0
0
0
0
0
0
0
0
0
0
0
0
0
0
0
0
0
0
0
0
0
0
0
0
0
0
0
0
0
0
0
0
0
0
0
0
0
0
0
0
0
0
0
0
0
0
0
0
0
0
0
0
0
0
0
0
0
0
0
0
0
0
0
0
0
0
0
0
0
0
0
0
0
0
0
0
0
0
0
0
0
0
0
0
0
0
0
0
0
0
0
0
0
0
0
0
0
0
0
0
0
0
0
0
0
0
0
0
0
0
0
0
0
0
0
0
0
0
0
