3.59991e+07
937.831
4.95222
0.0323748
0.000234579
1.79896e-06
1.42037e-08
1.12736e-10
8.81432e-13
6.68338e-15
4.86082e-17
3.36672e-19
2.21114e-21
1.37383e-23
8.06799e-26
4.47836e-28
2.35103e-30
1.16836e-32
5.48507e-35
2.21236e-37
0
0
0
0
0
0
0
0
0
0
0
0
0
0
0
0
0
0
0
0
0
0
0
0
0
0
0
0
0
0
0
0
0
0
0
0
0
0
0
0
0
0
0
0
0
0
0
0
0
0
0
0
0
0
0
0
0
0
0
0
0
0
0
0
0
0
0
0
0
0
0
0
0
0
0
0
0
0
0
0
0
0
0
0
0
0
0
0
0
0
0
0
0
0
0
0
0
0
0
0
0
0
0
0
0
0
0
0
0
0
0
0
0
0
0
0
0
0
0
0
0
0
0
0
0
0
0
0
0
0
0
0
0
0
0
0
0
0
0
0
0
0
0
0
0
0
0
0
0
0
