3.59993e+07
747.412
3.17104
0.0163799
9.30064e-05
5.55849e-07
3.42587e-09
2.14081e-11
1.33372e-13
8.15614e-16
4.83389e-18
2.75067e-20
1.49354e-22
7.7094e-25
3.77581e-27
1.75336e-29
7.71997e-32
3.22091e-34
1.23433e-36
3.05767e-39
0
0
0
0
0
0
0
0
0
0
0
0
0
0
0
0
0
0
0
0
0
0
0
0
0
0
0
0
0
0
0
0
0
0
0
0
0
0
0
0
0
0
0
0
0
0
0
0
0
0
0
0
0
0
0
0
0
0
0
0
0
0
0
0
0
0
0
0
0
0
0
0
0
0
0
0
0
0
0
0
0
0
0
0
0
0
0
0
0
0
0
0
0
0
0
0
0
0
0
0
0
0
0
0
0
0
0
0
0
0
0
0
0
0
0
0
0
0
0
0
0
0
0
0
0
0
0
0
0
0
0
0
0
0
0
0
0
0
0
0
0
0
0
0
0
0
0
0
0
0
