3.5999e+07
981.83
5.40775
0.0369379
0.000279962
2.25971e-06
1.90659e-08
1.65553e-10
1.45406e-12
1.2684e-14
1.08079e-16
8.87827e-19
6.96678e-21
5.19204e-23
3.66306e-25
2.44299e-27
1.53973e-29
9.17496e-32
5.17112e-34
2.73136e-36
1.2475e-38
0
0
0
0
0
0
0
0
0
0
0
0
0
0
0
0
0
0
0
0
0
0
0
0
0
0
0
0
0
0
0
0
0
0
0
0
0
0
0
0
0
0
0
0
0
0
0
0
0
0
0
0
0
0
0
0
0
0
0
0
0
0
0
0
0
0
0
0
0
0
0
0
0
0
0
0
0
0
0
0
0
0
0
0
0
0
0
0
0
0
0
0
0
0
0
0
0
0
0
0
0
0
0
0
0
0
0
0
0
0
0
0
0
0
0
0
0
0
0
0
0
0
0
0
0
0
0
0
0
0
0
0
0
0
0
0
0
0
0
0
0
0
0
0
0
0
0
0
0
