3.59994e+07
620.497
2.20632
0.00943783
4.42932e-05
2.19216e-07
1.13242e-09
6.06132e-12
3.31465e-14
1.81444e-16
9.73258e-19
5.02727e-21
2.47126e-23
1.14812e-25
5.02466e-28
2.06941e-30
8.02289e-33
2.91912e-35
9.4129e-38
0
0
0
0
0
0
0
0
0
0
0
0
0
0
0
0
0
0
0
0
0
0
0
0
0
0
0
0
0
0
0
0
0
0
0
0
0
0
0
0
0
0
0
0
0
0
0
0
0
0
0
0
0
0
0
0
0
0
0
0
0
0
0
0
0
0
0
0
0
0
0
0
0
0
0
0
0
0
0
0
0
0
0
0
0
0
0
0
0
0
0
0
0
0
0
0
0
0
0
0
0
0
0
0
0
0
0
0
0
0
0
0
0
0
0
0
0
0
0
0
0
0
0
0
0
0
0
0
0
0
0
0
0
0
0
0
0
0
0
0
0
0
0
0
0
0
0
0
0
0
0
