3.59995e+07
566.161
1.84747
0.0072017
3.06719e-05
1.36108e-07
6.16767e-10
2.81353e-12
1.27435e-14
5.6567e-17
2.43337e-19
1.00566e-21
3.96828e-24
1.48905e-26
5.30084e-29
1.78815e-31
5.7085e-34
1.68132e-36
0
0
0
0
0
0
0
0
0
0
0
0
0
0
0
0
0
0
0
0
0
0
0
0
0
0
0
0
0
0
0
0
0
0
0
0
0
0
0
0
0
0
0
0
0
0
0
0
0
0
0
0
0
0
0
0
0
0
0
0
0
0
0
0
0
0
0
0
0
0
0
0
0
0
0
0
0
0
0
0
0
0
0
0
0
0
0
0
0
0
0
0
0
0
0
0
0
0
0
0
0
0
0
0
0
0
0
0
0
0
0
0
0
0
0
0
0
0
0
0
0
0
0
0
0
0
0
0
0
0
0
0
0
0
0
0
0
0
0
0
0
0
0
0
0
0
0
0
0
0
0
0
