3.59991e+07
911.791
4.67345
0.0294677
0.000204089
1.47699e-06
1.08459e-08
7.89284e-11
5.58556e-13
3.79128e-15
2.44613e-17
1.49235e-19
8.58731e-22
4.65695e-24
2.38105e-26
1.149e-28
5.24067e-31
2.26218e-33
9.11334e-36
1.21755e-38
0
0
0
0
0
0
0
0
0
0
0
0
0
0
0
0
0
0
0
0
0
0
0
0
0
0
0
0
0
0
0
0
0
0
0
0
0
0
0
0
0
0
0
0
0
0
0
0
0
0
0
0
0
0
0
0
0
0
0
0
0
0
0
0
0
0
0
0
0
0
0
0
0
0
0
0
0
0
0
0
0
0
0
0
0
0
0
0
0
0
0
0
0
0
0
0
0
0
0
0
0
0
0
0
0
0
0
0
0
0
0
0
0
0
0
0
0
0
0
0
0
0
0
0
0
0
0
0
0
0
0
0
0
0
0
0
0
0
0
0
0
0
0
0
0
0
0
0
0
0
