3.59993e+07
672.204
2.57946
0.0119794
6.10417e-05
3.26833e-07
1.81042e-09
1.02831e-11
5.9381e-14
3.45088e-16
1.99411e-18
1.1313e-20
6.22737e-23
3.29436e-25
1.66329e-27
7.97951e-30
3.62822e-32
1.56037e-34
6.21575e-37
0
0
0
0
0
0
0
0
0
0
0
0
0
0
0
0
0
0
0
0
0
0
0
0
0
0
0
0
0
0
0
0
0
0
0
0
0
0
0
0
0
0
0
0
0
0
0
0
0
0
0
0
0
0
0
0
0
0
0
0
0
0
0
0
0
0
0
0
0
0
0
0
0
0
0
0
0
0
0
0
0
0
0
0
0
0
0
0
0
0
0
0
0
0
0
0
0
0
0
0
0
0
0
0
0
0
0
0
0
0
0
0
0
0
0
0
0
0
0
0
0
0
0
0
0
0
0
0
0
0
0
0
0
0
0
0
0
0
0
0
0
0
0
0
0
0
0
0
0
0
0
