3.59994e+07
571.357
1.88031
0.00739681
3.18284e-05
1.43016e-07
6.57267e-10
3.03805e-12
1.38851e-14
6.17793e-17
2.64327e-19
1.07838e-21
4.17357e-24
1.52828e-26
5.28989e-29
1.73098e-31
5.35314e-34
1.50865e-36
0
0
0
0
0
0
0
0
0
0
0
0
0
0
0
0
0
0
0
0
0
0
0
0
0
0
0
0
0
0
0
0
0
0
0
0
0
0
0
0
0
0
0
0
0
0
0
0
0
0
0
0
0
0
0
0
0
0
0
0
0
0
0
0
0
0
0
0
0
0
0
0
0
0
0
0
0
0
0
0
0
0
0
0
0
0
0
0
0
0
0
0
0
0
0
0
0
0
0
0
0
0
0
0
0
0
0
0
0
0
0
0
0
0
0
0
0
0
0
0
0
0
0
0
0
0
0
0
0
0
0
0
0
0
0
0
0
0
0
0
0
0
0
0
0
0
0
0
0
0
0
0
