-4.806994855e-01
-4.806884855e-01
-4.806774855e-01
-4.806664855e-01
-4.806554855e-01
-4.806444855e-01
-4.806334855e-01
-4.806224855e-01
-4.806114855e-01
-4.806004854e-01
-4.805894854e-01
-4.805784854e-01
-4.805674854e-01
-4.805564854e-01
-4.805454854e-01
-4.805344854e-01
-4.805234854e-01
-4.805124854e-01
-4.805014853e-01
-4.804904853e-01
-4.804794853e-01
-4.804684853e-01
-4.804574853e-01
-4.804464853e-01
-4.804354853e-01
-4.804244853e-01
-4.804134853e-01
-4.804024852e-01
-4.803914852e-01
-4.803804852e-01
-4.803694852e-01
-4.803584852e-01
-4.803474852e-01
-4.803364852e-01
-4.803254852e-01
-4.803144852e-01
-4.803034851e-01
-4.802924851e-01
-4.802814851e-01
-4.802704851e-01
-4.802594851e-01
-4.802484851e-01
-4.802374851e-01
-4.802264851e-01
-4.802154851e-01
-4.802044850e-01
-4.801934850e-01
-4.801824850e-01
-4.801714850e-01
-4.801604850e-01
-4.801494850e-01
-4.801384850e-01
-4.801274850e-01
-4.801164850e-01
-4.801054849e-01
-4.800944849e-01
-4.800834849e-01
-4.800724849e-01
-4.800614849e-01
-4.800504849e-01
-4.800394849e-01
-4.800284849e-01
-4.800174849e-01
-4.800064848e-01
-4.799954848e-01
-4.799844848e-01
-4.799734848e-01
-4.799624848e-01
-4.799514848e-01
-4.799404848e-01
-4.799294848e-01
-4.799184848e-01
-4.799074847e-01
-4.798964847e-01
-4.798854847e-01
-4.798744847e-01
-4.798634847e-01
-4.798524847e-01
-4.798414847e-01
-4.798304847e-01
-4.798194847e-01
-4.798084846e-01
-4.797974846e-01
-4.797864846e-01
-4.797754846e-01
-4.797644846e-01
-4.797534846e-01
-4.797424846e-01
-4.797314846e-01
-4.797204846e-01
-4.797094845e-01
-4.796984845e-01
-4.796874845e-01
-4.796764845e-01
-4.796654845e-01
-4.796544845e-01
-4.796434845e-01
-4.796324845e-01
-4.796214845e-01
-4.796104844e-01
