-3.211993244e-01
-3.211883244e-01
-3.211773244e-01
-3.211663244e-01
-3.211553244e-01
-3.211443244e-01
-3.211333244e-01
-3.211223244e-01
-3.211113243e-01
-3.211003243e-01
-3.210893243e-01
-3.210783243e-01
-3.210673243e-01
-3.210563243e-01
-3.210453243e-01
-3.210343243e-01
-3.210233243e-01
-3.210123242e-01
-3.210013242e-01
-3.209903242e-01
-3.209793242e-01
-3.209683242e-01
-3.209573242e-01
-3.209463242e-01
-3.209353242e-01
-3.209243242e-01
-3.209133241e-01
-3.209023241e-01
-3.208913241e-01
-3.208803241e-01
-3.208693241e-01
-3.208583241e-01
-3.208473241e-01
-3.208363241e-01
-3.208253241e-01
-3.208143240e-01
-3.208033240e-01
-3.207923240e-01
-3.207813240e-01
-3.207703240e-01
-3.207593240e-01
-3.207483240e-01
-3.207373240e-01
-3.207263240e-01
-3.207153239e-01
-3.207043239e-01
-3.206933239e-01
-3.206823239e-01
-3.206713239e-01
-3.206603239e-01
-3.206493239e-01
-3.206383239e-01
-3.206273239e-01
-3.206163238e-01
-3.206053238e-01
-3.205943238e-01
-3.205833238e-01
-3.205723238e-01
-3.205613238e-01
-3.205503238e-01
-3.205393238e-01
-3.205283238e-01
-3.205173237e-01
-3.205063237e-01
-3.204953237e-01
-3.204843237e-01
-3.204733237e-01
-3.204623237e-01
-3.204513237e-01
-3.204403237e-01
-3.204293237e-01
-3.204183236e-01
-3.204073236e-01
-3.203963236e-01
-3.203853236e-01
-3.203743236e-01
-3.203633236e-01
-3.203523236e-01
-3.203413236e-01
-3.203303236e-01
-3.203193235e-01
-3.203083235e-01
-3.202973235e-01
-3.202863235e-01
-3.202753235e-01
-3.202643235e-01
-3.202533235e-01
-3.202423235e-01
-3.202313235e-01
-3.202203234e-01
-3.202093234e-01
-3.201983234e-01
-3.201873234e-01
-3.201763234e-01
-3.201653234e-01
-3.201543234e-01
-3.201433234e-01
-3.201323234e-01
-3.201213233e-01
-3.201103233e-01
