-5.785995844e-01
-5.785885844e-01
-5.785775844e-01
-5.785665844e-01
-5.785555844e-01
-5.785445844e-01
-5.785335844e-01
-5.785225844e-01
-5.785115844e-01
-5.785005843e-01
-5.784895843e-01
-5.784785843e-01
-5.784675843e-01
-5.784565843e-01
-5.784455843e-01
-5.784345843e-01
-5.784235843e-01
-5.784125843e-01
-5.784015842e-01
-5.783905842e-01
-5.783795842e-01
-5.783685842e-01
-5.783575842e-01
-5.783465842e-01
-5.783355842e-01
-5.783245842e-01
-5.783135842e-01
-5.783025841e-01
-5.782915841e-01
-5.782805841e-01
-5.782695841e-01
-5.782585841e-01
-5.782475841e-01
-5.782365841e-01
-5.782255841e-01
-5.782145841e-01
-5.782035840e-01
-5.781925840e-01
-5.781815840e-01
-5.781705840e-01
-5.781595840e-01
-5.781485840e-01
-5.781375840e-01
-5.781265840e-01
-5.781155840e-01
-5.781045839e-01
-5.780935839e-01
-5.780825839e-01
-5.780715839e-01
-5.780605839e-01
-5.780495839e-01
-5.780385839e-01
-5.780275839e-01
-5.780165839e-01
-5.780055838e-01
-5.779945838e-01
-5.779835838e-01
-5.779725838e-01
-5.779615838e-01
-5.779505838e-01
-5.779395838e-01
-5.779285838e-01
-5.779175838e-01
-5.779065837e-01
-5.778955837e-01
-5.778845837e-01
-5.778735837e-01
-5.778625837e-01
-5.778515837e-01
-5.778405837e-01
-5.778295837e-01
-5.778185837e-01
-5.778075836e-01
-5.777965836e-01
-5.777855836e-01
-5.777745836e-01
-5.777635836e-01
-5.777525836e-01
-5.777415836e-01
-5.777305836e-01
-5.777195836e-01
-5.777085835e-01
-5.776975835e-01
-5.776865835e-01
-5.776755835e-01
-5.776645835e-01
-5.776535835e-01
-5.776425835e-01
-5.776315835e-01
-5.776205835e-01
-5.776095834e-01
-5.775985834e-01
-5.775875834e-01
-5.775765834e-01
-5.775655834e-01
-5.775545834e-01
-5.775435834e-01
-5.775325834e-01
-5.775215834e-01
-5.775105833e-01
