-9.481999578e-01
-9.481889578e-01
-9.481779578e-01
-9.481669577e-01
-9.481559577e-01
-9.481449577e-01
-9.481339577e-01
-9.481229577e-01
-9.481119577e-01
-9.481009577e-01
-9.480899577e-01
-9.480789577e-01
-9.480679576e-01
-9.480569576e-01
-9.480459576e-01
-9.480349576e-01
-9.480239576e-01
-9.480129576e-01
-9.480019576e-01
-9.479909576e-01
-9.479799576e-01
-9.479689575e-01
-9.479579575e-01
-9.479469575e-01
-9.479359575e-01
-9.479249575e-01
-9.479139575e-01
-9.479029575e-01
-9.478919575e-01
-9.478809575e-01
-9.478699574e-01
-9.478589574e-01
-9.478479574e-01
-9.478369574e-01
-9.478259574e-01
-9.478149574e-01
-9.478039574e-01
-9.477929574e-01
-9.477819574e-01
-9.477709573e-01
-9.477599573e-01
-9.477489573e-01
-9.477379573e-01
-9.477269573e-01
-9.477159573e-01
-9.477049573e-01
-9.476939573e-01
-9.476829573e-01
-9.476719572e-01
-9.476609572e-01
-9.476499572e-01
-9.476389572e-01
-9.476279572e-01
-9.476169572e-01
-9.476059572e-01
-9.475949572e-01
-9.475839572e-01
-9.475729571e-01
-9.475619571e-01
-9.475509571e-01
-9.475399571e-01
-9.475289571e-01
-9.475179571e-01
-9.475069571e-01
-9.474959571e-01
-9.474849571e-01
-9.474739570e-01
-9.474629570e-01
-9.474519570e-01
-9.474409570e-01
-9.474299570e-01
-9.474189570e-01
-9.474079570e-01
-9.473969570e-01
-9.473859570e-01
-9.473749569e-01
-9.473639569e-01
-9.473529569e-01
-9.473419569e-01
-9.473309569e-01
-9.473199569e-01
-9.473089569e-01
-9.472979569e-01
-9.472869569e-01
-9.472759568e-01
-9.472649568e-01
-9.472539568e-01
-9.472429568e-01
-9.472319568e-01
-9.472209568e-01
-9.472099568e-01
-9.471989568e-01
-9.471879568e-01
-9.471769567e-01
-9.471659567e-01
-9.471549567e-01
-9.471439567e-01
-9.471329567e-01
-9.471219567e-01
-9.471109567e-01
