-4.465994511e-01
-4.465884511e-01
-4.465774511e-01
-4.465664511e-01
-4.465554511e-01
-4.465444510e-01
-4.465334510e-01
-4.465224510e-01
-4.465114510e-01
-4.465004510e-01
-4.464894510e-01
-4.464784510e-01
-4.464674510e-01
-4.464564510e-01
-4.464454509e-01
-4.464344509e-01
-4.464234509e-01
-4.464124509e-01
-4.464014509e-01
-4.463904509e-01
-4.463794509e-01
-4.463684509e-01
-4.463574509e-01
-4.463464508e-01
-4.463354508e-01
-4.463244508e-01
-4.463134508e-01
-4.463024508e-01
-4.462914508e-01
-4.462804508e-01
-4.462694508e-01
-4.462584508e-01
-4.462474507e-01
-4.462364507e-01
-4.462254507e-01
-4.462144507e-01
-4.462034507e-01
-4.461924507e-01
-4.461814507e-01
-4.461704507e-01
-4.461594507e-01
-4.461484506e-01
-4.461374506e-01
-4.461264506e-01
-4.461154506e-01
-4.461044506e-01
-4.460934506e-01
-4.460824506e-01
-4.460714506e-01
-4.460604506e-01
-4.460494505e-01
-4.460384505e-01
-4.460274505e-01
-4.460164505e-01
-4.460054505e-01
-4.459944505e-01
-4.459834505e-01
-4.459724505e-01
-4.459614505e-01
-4.459504504e-01
-4.459394504e-01
-4.459284504e-01
-4.459174504e-01
-4.459064504e-01
-4.458954504e-01
-4.458844504e-01
-4.458734504e-01
-4.458624504e-01
-4.458514503e-01
-4.458404503e-01
-4.458294503e-01
-4.458184503e-01
-4.458074503e-01
-4.457964503e-01
-4.457854503e-01
-4.457744503e-01
-4.457634503e-01
-4.457524502e-01
-4.457414502e-01
-4.457304502e-01
-4.457194502e-01
-4.457084502e-01
-4.456974502e-01
-4.456864502e-01
-4.456754502e-01
-4.456644502e-01
-4.456534501e-01
-4.456424501e-01
-4.456314501e-01
-4.456204501e-01
-4.456094501e-01
-4.455984501e-01
-4.455874501e-01
-4.455764501e-01
-4.455654501e-01
-4.455544500e-01
-4.455434500e-01
-4.455324500e-01
-4.455214500e-01
-4.455104500e-01
