-4.025994067e-01
-4.025884066e-01
-4.025774066e-01
-4.025664066e-01
-4.025554066e-01
-4.025444066e-01
-4.025334066e-01
-4.025224066e-01
-4.025114066e-01
-4.025004066e-01
-4.024894065e-01
-4.024784065e-01
-4.024674065e-01
-4.024564065e-01
-4.024454065e-01
-4.024344065e-01
-4.024234065e-01
-4.024124065e-01
-4.024014065e-01
-4.023904064e-01
-4.023794064e-01
-4.023684064e-01
-4.023574064e-01
-4.023464064e-01
-4.023354064e-01
-4.023244064e-01
-4.023134064e-01
-4.023024064e-01
-4.022914063e-01
-4.022804063e-01
-4.022694063e-01
-4.022584063e-01
-4.022474063e-01
-4.022364063e-01
-4.022254063e-01
-4.022144063e-01
-4.022034063e-01
-4.021924062e-01
-4.021814062e-01
-4.021704062e-01
-4.021594062e-01
-4.021484062e-01
-4.021374062e-01
-4.021264062e-01
-4.021154062e-01
-4.021044062e-01
-4.020934061e-01
-4.020824061e-01
-4.020714061e-01
-4.020604061e-01
-4.020494061e-01
-4.020384061e-01
-4.020274061e-01
-4.020164061e-01
-4.020054061e-01
-4.019944060e-01
-4.019834060e-01
-4.019724060e-01
-4.019614060e-01
-4.019504060e-01
-4.019394060e-01
-4.019284060e-01
-4.019174060e-01
-4.019064060e-01
-4.018954059e-01
-4.018844059e-01
-4.018734059e-01
-4.018624059e-01
-4.018514059e-01
-4.018404059e-01
-4.018294059e-01
-4.018184059e-01
-4.018074059e-01
-4.017964058e-01
-4.017854058e-01
-4.017744058e-01
-4.017634058e-01
-4.017524058e-01
-4.017414058e-01
-4.017304058e-01
-4.017194058e-01
-4.017084058e-01
-4.016974057e-01
-4.016864057e-01
-4.016754057e-01
-4.016644057e-01
-4.016534057e-01
-4.016424057e-01
-4.016314057e-01
-4.016204057e-01
-4.016094057e-01
-4.015984056e-01
-4.015874056e-01
-4.015764056e-01
-4.015654056e-01
-4.015544056e-01
-4.015434056e-01
-4.015324056e-01
-4.015214056e-01
-4.015104056e-01
