-8.579998667e-01
-8.579888667e-01
-8.579778666e-01
-8.579668666e-01
-8.579558666e-01
-8.579448666e-01
-8.579338666e-01
-8.579228666e-01
-8.579118666e-01
-8.579008666e-01
-8.578898666e-01
-8.578788665e-01
-8.578678665e-01
-8.578568665e-01
-8.578458665e-01
-8.578348665e-01
-8.578238665e-01
-8.578128665e-01
-8.578018665e-01
-8.577908665e-01
-8.577798664e-01
-8.577688664e-01
-8.577578664e-01
-8.577468664e-01
-8.577358664e-01
-8.577248664e-01
-8.577138664e-01
-8.577028664e-01
-8.576918664e-01
-8.576808663e-01
-8.576698663e-01
-8.576588663e-01
-8.576478663e-01
-8.576368663e-01
-8.576258663e-01
-8.576148663e-01
-8.576038663e-01
-8.575928663e-01
-8.575818662e-01
-8.575708662e-01
-8.575598662e-01
-8.575488662e-01
-8.575378662e-01
-8.575268662e-01
-8.575158662e-01
-8.575048662e-01
-8.574938662e-01
-8.574828661e-01
-8.574718661e-01
-8.574608661e-01
-8.574498661e-01
-8.574388661e-01
-8.574278661e-01
-8.574168661e-01
-8.574058661e-01
-8.573948661e-01
-8.573838660e-01
-8.573728660e-01
-8.573618660e-01
-8.573508660e-01
-8.573398660e-01
-8.573288660e-01
-8.573178660e-01
-8.573068660e-01
-8.572958660e-01
-8.572848659e-01
-8.572738659e-01
-8.572628659e-01
-8.572518659e-01
-8.572408659e-01
-8.572298659e-01
-8.572188659e-01
-8.572078659e-01
-8.571968659e-01
-8.571858658e-01
-8.571748658e-01
-8.571638658e-01
-8.571528658e-01
-8.571418658e-01
-8.571308658e-01
-8.571198658e-01
-8.571088658e-01
-8.570978658e-01
-8.570868657e-01
-8.570758657e-01
-8.570648657e-01
-8.570538657e-01
-8.570428657e-01
-8.570318657e-01
-8.570208657e-01
-8.570098657e-01
-8.569988657e-01
-8.569878656e-01
-8.569768656e-01
-8.569658656e-01
-8.569548656e-01
-8.569438656e-01
-8.569328656e-01
-8.569218656e-01
-8.569108656e-01
