-1.649901666e-02
-1.648801664e-02
-1.647701663e-02
-1.646601662e-02
-1.645501661e-02
-1.644401660e-02
-1.643301659e-02
-1.642201658e-02
-1.641101657e-02
-1.640001656e-02
-1.638901654e-02
-1.637801653e-02
-1.636701652e-02
-1.635601651e-02
-1.634501650e-02
-1.633401649e-02
-1.632301648e-02
-1.631201647e-02
-1.630101646e-02
-1.629001644e-02
-1.627901643e-02
-1.626801642e-02
-1.625701641e-02
-1.624601640e-02
-1.623501639e-02
-1.622401638e-02
-1.621301637e-02
-1.620201636e-02
-1.619101634e-02
-1.618001633e-02
-1.616901632e-02
-1.615801631e-02
-1.614701630e-02
-1.613601629e-02
-1.612501628e-02
-1.611401627e-02
-1.610301626e-02
-1.609201624e-02
-1.608101623e-02
-1.607001622e-02
-1.605901621e-02
-1.604801620e-02
-1.603701619e-02
-1.602601618e-02
-1.601501617e-02
-1.600401616e-02
-1.599301614e-02
-1.598201613e-02
-1.597101612e-02
-1.596001611e-02
-1.594901610e-02
-1.593801609e-02
-1.592701608e-02
-1.591601607e-02
-1.590501606e-02
-1.589401604e-02
-1.588301603e-02
-1.587201602e-02
-1.586101601e-02
-1.585001600e-02
-1.583901599e-02
-1.582801598e-02
-1.581701597e-02
-1.580601596e-02
-1.579501594e-02
-1.578401593e-02
-1.577301592e-02
-1.576201591e-02
-1.575101590e-02
-1.574001589e-02
-1.572901588e-02
-1.571801587e-02
-1.570701586e-02
-1.569601584e-02
-1.568501583e-02
-1.567401582e-02
-1.566301581e-02
-1.565201580e-02
-1.564101579e-02
-1.563001578e-02
-1.561901577e-02
-1.560801576e-02
-1.559701574e-02
-1.558601573e-02
-1.557501572e-02
-1.556401571e-02
-1.555301570e-02
-1.554201569e-02
-1.553101568e-02
-1.552001567e-02
-1.550901566e-02
-1.549801564e-02
-1.548701563e-02
-1.547601562e-02
-1.546501561e-02
-1.545401560e-02
-1.544301559e-02
-1.543201558e-02
-1.542101557e-02
-1.541001556e-02
