-1.319901332e-02
-1.318801331e-02
-1.317701330e-02
-1.316601329e-02
-1.315501328e-02
-1.314401327e-02
-1.313301326e-02
-1.312201324e-02
-1.311101323e-02
-1.310001322e-02
-1.308901321e-02
-1.307801320e-02
-1.306701319e-02
-1.305601318e-02
-1.304501317e-02
-1.303401316e-02
-1.302301314e-02
-1.301201313e-02
-1.300101312e-02
-1.299001311e-02
-1.297901310e-02
-1.296801309e-02
-1.295701308e-02
-1.294601307e-02
-1.293501306e-02
-1.292401304e-02
-1.291301303e-02
-1.290201302e-02
-1.289101301e-02
-1.288001300e-02
-1.286901299e-02
-1.285801298e-02
-1.284701297e-02
-1.283601296e-02
-1.282501294e-02
-1.281401293e-02
-1.280301292e-02
-1.279201291e-02
-1.278101290e-02
-1.277001289e-02
-1.275901288e-02
-1.274801287e-02
-1.273701286e-02
-1.272601284e-02
-1.271501283e-02
-1.270401282e-02
-1.269301281e-02
-1.268201280e-02
-1.267101279e-02
-1.266001278e-02
-1.264901277e-02
-1.263801276e-02
-1.262701274e-02
-1.261601273e-02
-1.260501272e-02
-1.259401271e-02
-1.258301270e-02
-1.257201269e-02
-1.256101268e-02
-1.255001267e-02
-1.253901266e-02
-1.252801264e-02
-1.251701263e-02
-1.250601262e-02
-1.249501261e-02
-1.248401260e-02
-1.247301259e-02
-1.246201258e-02
-1.245101257e-02
-1.244001256e-02
-1.242901254e-02
-1.241801253e-02
-1.240701252e-02
-1.239601251e-02
-1.238501250e-02
-1.237401249e-02
-1.236301248e-02
-1.235201247e-02
-1.234101246e-02
-1.233001244e-02
-1.231901243e-02
-1.230801242e-02
-1.229701241e-02
-1.228601240e-02
-1.227501239e-02
-1.226401238e-02
-1.225301237e-02
-1.224201236e-02
-1.223101234e-02
-1.222001233e-02
-1.220901232e-02
-1.219801231e-02
-1.218701230e-02
-1.217601229e-02
-1.216501228e-02
-1.215401227e-02
-1.214301226e-02
-1.213201224e-02
-1.212101223e-02
-1.211001222e-02
