-5.378995433e-01
-5.378885433e-01
-5.378775433e-01
-5.378665433e-01
-5.378555433e-01
-5.378445433e-01
-5.378335433e-01
-5.378225433e-01
-5.378115432e-01
-5.378005432e-01
-5.377895432e-01
-5.377785432e-01
-5.377675432e-01
-5.377565432e-01
-5.377455432e-01
-5.377345432e-01
-5.377235432e-01
-5.377125431e-01
-5.377015431e-01
-5.376905431e-01
-5.376795431e-01
-5.376685431e-01
-5.376575431e-01
-5.376465431e-01
-5.376355431e-01
-5.376245431e-01
-5.376135430e-01
-5.376025430e-01
-5.375915430e-01
-5.375805430e-01
-5.375695430e-01
-5.375585430e-01
-5.375475430e-01
-5.375365430e-01
-5.375255430e-01
-5.375145429e-01
-5.375035429e-01
-5.374925429e-01
-5.374815429e-01
-5.374705429e-01
-5.374595429e-01
-5.374485429e-01
-5.374375429e-01
-5.374265429e-01
-5.374155428e-01
-5.374045428e-01
-5.373935428e-01
-5.373825428e-01
-5.373715428e-01
-5.373605428e-01
-5.373495428e-01
-5.373385428e-01
-5.373275428e-01
-5.373165427e-01
-5.373055427e-01
-5.372945427e-01
-5.372835427e-01
-5.372725427e-01
-5.372615427e-01
-5.372505427e-01
-5.372395427e-01
-5.372285427e-01
-5.372175426e-01
-5.372065426e-01
-5.371955426e-01
-5.371845426e-01
-5.371735426e-01
-5.371625426e-01
-5.371515426e-01
-5.371405426e-01
-5.371295426e-01
-5.371185425e-01
-5.371075425e-01
-5.370965425e-01
-5.370855425e-01
-5.370745425e-01
-5.370635425e-01
-5.370525425e-01
-5.370415425e-01
-5.370305425e-01
-5.370195424e-01
-5.370085424e-01
-5.369975424e-01
-5.369865424e-01
-5.369755424e-01
-5.369645424e-01
-5.369535424e-01
-5.369425424e-01
-5.369315424e-01
-5.369205423e-01
-5.369095423e-01
-5.368985423e-01
-5.368875423e-01
-5.368765423e-01
-5.368655423e-01
-5.368545423e-01
-5.368435423e-01
-5.368325423e-01
-5.368215422e-01
-5.368105422e-01
