-5.367995422e-01
-5.367885422e-01
-5.367775422e-01
-5.367665422e-01
-5.367555422e-01
-5.367445422e-01
-5.367335422e-01
-5.367225421e-01
-5.367115421e-01
-5.367005421e-01
-5.366895421e-01
-5.366785421e-01
-5.366675421e-01
-5.366565421e-01
-5.366455421e-01
-5.366345421e-01
-5.366235420e-01
-5.366125420e-01
-5.366015420e-01
-5.365905420e-01
-5.365795420e-01
-5.365685420e-01
-5.365575420e-01
-5.365465420e-01
-5.365355420e-01
-5.365245419e-01
-5.365135419e-01
-5.365025419e-01
-5.364915419e-01
-5.364805419e-01
-5.364695419e-01
-5.364585419e-01
-5.364475419e-01
-5.364365419e-01
-5.364255418e-01
-5.364145418e-01
-5.364035418e-01
-5.363925418e-01
-5.363815418e-01
-5.363705418e-01
-5.363595418e-01
-5.363485418e-01
-5.363375418e-01
-5.363265417e-01
-5.363155417e-01
-5.363045417e-01
-5.362935417e-01
-5.362825417e-01
-5.362715417e-01
-5.362605417e-01
-5.362495417e-01
-5.362385417e-01
-5.362275416e-01
-5.362165416e-01
-5.362055416e-01
-5.361945416e-01
-5.361835416e-01
-5.361725416e-01
-5.361615416e-01
-5.361505416e-01
-5.361395416e-01
-5.361285415e-01
-5.361175415e-01
-5.361065415e-01
-5.360955415e-01
-5.360845415e-01
-5.360735415e-01
-5.360625415e-01
-5.360515415e-01
-5.360405415e-01
-5.360295414e-01
-5.360185414e-01
-5.360075414e-01
-5.359965414e-01
-5.359855414e-01
-5.359745414e-01
-5.359635414e-01
-5.359525414e-01
-5.359415414e-01
-5.359305413e-01
-5.359195413e-01
-5.359085413e-01
-5.358975413e-01
-5.358865413e-01
-5.358755413e-01
-5.358645413e-01
-5.358535413e-01
-5.358425413e-01
-5.358315412e-01
-5.358205412e-01
-5.358095412e-01
-5.357985412e-01
-5.357875412e-01
-5.357765412e-01
-5.357655412e-01
-5.357545412e-01
-5.357435412e-01
-5.357325411e-01
-5.357215411e-01
-5.357105411e-01
