-2.870992900e-01
-2.870882900e-01
-2.870772900e-01
-2.870662900e-01
-2.870552899e-01
-2.870442899e-01
-2.870332899e-01
-2.870222899e-01
-2.870112899e-01
-2.870002899e-01
-2.869892899e-01
-2.869782899e-01
-2.869672899e-01
-2.869562898e-01
-2.869452898e-01
-2.869342898e-01
-2.869232898e-01
-2.869122898e-01
-2.869012898e-01
-2.868902898e-01
-2.868792898e-01
-2.868682898e-01
-2.868572897e-01
-2.868462897e-01
-2.868352897e-01
-2.868242897e-01
-2.868132897e-01
-2.868022897e-01
-2.867912897e-01
-2.867802897e-01
-2.867692897e-01
-2.867582896e-01
-2.867472896e-01
-2.867362896e-01
-2.867252896e-01
-2.867142896e-01
-2.867032896e-01
-2.866922896e-01
-2.866812896e-01
-2.866702896e-01
-2.866592895e-01
-2.866482895e-01
-2.866372895e-01
-2.866262895e-01
-2.866152895e-01
-2.866042895e-01
-2.865932895e-01
-2.865822895e-01
-2.865712895e-01
-2.865602894e-01
-2.865492894e-01
-2.865382894e-01
-2.865272894e-01
-2.865162894e-01
-2.865052894e-01
-2.864942894e-01
-2.864832894e-01
-2.864722894e-01
-2.864612893e-01
-2.864502893e-01
-2.864392893e-01
-2.864282893e-01
-2.864172893e-01
-2.864062893e-01
-2.863952893e-01
-2.863842893e-01
-2.863732893e-01
-2.863622892e-01
-2.863512892e-01
-2.863402892e-01
-2.863292892e-01
-2.863182892e-01
-2.863072892e-01
-2.862962892e-01
-2.862852892e-01
-2.862742892e-01
-2.862632891e-01
-2.862522891e-01
-2.862412891e-01
-2.862302891e-01
-2.862192891e-01
-2.862082891e-01
-2.861972891e-01
-2.861862891e-01
-2.861752891e-01
-2.861642890e-01
-2.861532890e-01
-2.861422890e-01
-2.861312890e-01
-2.861202890e-01
-2.861092890e-01
-2.860982890e-01
-2.860872890e-01
-2.860762890e-01
-2.860652889e-01
-2.860542889e-01
-2.860432889e-01
-2.860322889e-01
-2.860212889e-01
-2.860102889e-01
