-9.052999144e-01
-9.052889144e-01
-9.052779144e-01
-9.052669144e-01
-9.052559144e-01
-9.052449144e-01
-9.052339144e-01
-9.052229144e-01
-9.052119144e-01
-9.052009143e-01
-9.051899143e-01
-9.051789143e-01
-9.051679143e-01
-9.051569143e-01
-9.051459143e-01
-9.051349143e-01
-9.051239143e-01
-9.051129143e-01
-9.051019142e-01
-9.050909142e-01
-9.050799142e-01
-9.050689142e-01
-9.050579142e-01
-9.050469142e-01
-9.050359142e-01
-9.050249142e-01
-9.050139142e-01
-9.050029141e-01
-9.049919141e-01
-9.049809141e-01
-9.049699141e-01
-9.049589141e-01
-9.049479141e-01
-9.049369141e-01
-9.049259141e-01
-9.049149141e-01
-9.049039140e-01
-9.048929140e-01
-9.048819140e-01
-9.048709140e-01
-9.048599140e-01
-9.048489140e-01
-9.048379140e-01
-9.048269140e-01
-9.048159140e-01
-9.048049139e-01
-9.047939139e-01
-9.047829139e-01
-9.047719139e-01
-9.047609139e-01
-9.047499139e-01
-9.047389139e-01
-9.047279139e-01
-9.047169139e-01
-9.047059138e-01
-9.046949138e-01
-9.046839138e-01
-9.046729138e-01
-9.046619138e-01
-9.046509138e-01
-9.046399138e-01
-9.046289138e-01
-9.046179138e-01
-9.046069137e-01
-9.045959137e-01
-9.045849137e-01
-9.045739137e-01
-9.045629137e-01
-9.045519137e-01
-9.045409137e-01
-9.045299137e-01
-9.045189137e-01
-9.045079136e-01
-9.044969136e-01
-9.044859136e-01
-9.044749136e-01
-9.044639136e-01
-9.044529136e-01
-9.044419136e-01
-9.044309136e-01
-9.044199136e-01
-9.044089135e-01
-9.043979135e-01
-9.043869135e-01
-9.043759135e-01
-9.043649135e-01
-9.043539135e-01
-9.043429135e-01
-9.043319135e-01
-9.043209135e-01
-9.043099134e-01
-9.042989134e-01
-9.042879134e-01
-9.042769134e-01
-9.042659134e-01
-9.042549134e-01
-9.042439134e-01
-9.042329134e-01
-9.042219134e-01
-9.042109133e-01
