-5.312995367e-01
-5.312885367e-01
-5.312775366e-01
-5.312665366e-01
-5.312555366e-01
-5.312445366e-01
-5.312335366e-01
-5.312225366e-01
-5.312115366e-01
-5.312005366e-01
-5.311895366e-01
-5.311785365e-01
-5.311675365e-01
-5.311565365e-01
-5.311455365e-01
-5.311345365e-01
-5.311235365e-01
-5.311125365e-01
-5.311015365e-01
-5.310905365e-01
-5.310795364e-01
-5.310685364e-01
-5.310575364e-01
-5.310465364e-01
-5.310355364e-01
-5.310245364e-01
-5.310135364e-01
-5.310025364e-01
-5.309915364e-01
-5.309805363e-01
-5.309695363e-01
-5.309585363e-01
-5.309475363e-01
-5.309365363e-01
-5.309255363e-01
-5.309145363e-01
-5.309035363e-01
-5.308925363e-01
-5.308815362e-01
-5.308705362e-01
-5.308595362e-01
-5.308485362e-01
-5.308375362e-01
-5.308265362e-01
-5.308155362e-01
-5.308045362e-01
-5.307935362e-01
-5.307825361e-01
-5.307715361e-01
-5.307605361e-01
-5.307495361e-01
-5.307385361e-01
-5.307275361e-01
-5.307165361e-01
-5.307055361e-01
-5.306945361e-01
-5.306835360e-01
-5.306725360e-01
-5.306615360e-01
-5.306505360e-01
-5.306395360e-01
-5.306285360e-01
-5.306175360e-01
-5.306065360e-01
-5.305955360e-01
-5.305845359e-01
-5.305735359e-01
-5.305625359e-01
-5.305515359e-01
-5.305405359e-01
-5.305295359e-01
-5.305185359e-01
-5.305075359e-01
-5.304965359e-01
-5.304855358e-01
-5.304745358e-01
-5.304635358e-01
-5.304525358e-01
-5.304415358e-01
-5.304305358e-01
-5.304195358e-01
-5.304085358e-01
-5.303975358e-01
-5.303865357e-01
-5.303755357e-01
-5.303645357e-01
-5.303535357e-01
-5.303425357e-01
-5.303315357e-01
-5.303205357e-01
-5.303095357e-01
-5.302985357e-01
-5.302875356e-01
-5.302765356e-01
-5.302655356e-01
-5.302545356e-01
-5.302435356e-01
-5.302325356e-01
-5.302215356e-01
-5.302105356e-01
