-4.289994333e-01
-4.289884333e-01
-4.289774333e-01
-4.289664333e-01
-4.289554333e-01
-4.289444333e-01
-4.289334333e-01
-4.289224332e-01
-4.289114332e-01
-4.289004332e-01
-4.288894332e-01
-4.288784332e-01
-4.288674332e-01
-4.288564332e-01
-4.288454332e-01
-4.288344332e-01
-4.288234331e-01
-4.288124331e-01
-4.288014331e-01
-4.287904331e-01
-4.287794331e-01
-4.287684331e-01
-4.287574331e-01
-4.287464331e-01
-4.287354331e-01
-4.287244330e-01
-4.287134330e-01
-4.287024330e-01
-4.286914330e-01
-4.286804330e-01
-4.286694330e-01
-4.286584330e-01
-4.286474330e-01
-4.286364330e-01
-4.286254329e-01
-4.286144329e-01
-4.286034329e-01
-4.285924329e-01
-4.285814329e-01
-4.285704329e-01
-4.285594329e-01
-4.285484329e-01
-4.285374329e-01
-4.285264328e-01
-4.285154328e-01
-4.285044328e-01
-4.284934328e-01
-4.284824328e-01
-4.284714328e-01
-4.284604328e-01
-4.284494328e-01
-4.284384328e-01
-4.284274327e-01
-4.284164327e-01
-4.284054327e-01
-4.283944327e-01
-4.283834327e-01
-4.283724327e-01
-4.283614327e-01
-4.283504327e-01
-4.283394327e-01
-4.283284326e-01
-4.283174326e-01
-4.283064326e-01
-4.282954326e-01
-4.282844326e-01
-4.282734326e-01
-4.282624326e-01
-4.282514326e-01
-4.282404326e-01
-4.282294325e-01
-4.282184325e-01
-4.282074325e-01
-4.281964325e-01
-4.281854325e-01
-4.281744325e-01
-4.281634325e-01
-4.281524325e-01
-4.281414325e-01
-4.281304324e-01
-4.281194324e-01
-4.281084324e-01
-4.280974324e-01
-4.280864324e-01
-4.280754324e-01
-4.280644324e-01
-4.280534324e-01
-4.280424324e-01
-4.280314323e-01
-4.280204323e-01
-4.280094323e-01
-4.279984323e-01
-4.279874323e-01
-4.279764323e-01
-4.279654323e-01
-4.279544323e-01
-4.279434323e-01
-4.279324322e-01
-4.279214322e-01
-4.279104322e-01
