4.341773311e-02
4.139503702e-02
4.073806392e-02
3.881069551e-02
4.164753824e-02
3.985814423e-02
3.310514937e-02
4.232120589e-02
3.646348955e-02
4.452906233e-02
3.891995040e-02
4.315795731e-02
3.468726517e-02
3.492675529e-02
3.470474899e-02
3.673101382e-02
3.636519770e-02
3.537234892e-02
4.412609489e-02
4.210210508e-02
3.242426178e-02
4.446699056e-02
3.633705490e-02
3.346943764e-02
3.298302954e-02
3.676370331e-02
4.249220130e-02
3.779588189e-02
3.206730233e-02
3.157313705e-02
3.976966596e-02
3.241874654e-02
4.171968006e-02
4.235341693e-02
3.879253578e-02
3.459076695e-02
4.009888955e-02
3.704647387e-02
4.115480998e-02
3.585987569e-02
3.715888101e-02
3.049471508e-02
3.970105522e-02
3.718513290e-02
4.079650826e-02
4.458291011e-02
3.537110498e-02
4.350944729e-02
3.071760463e-02
3.520866785e-02
4.014944683e-02
3.444877915e-02
3.706719783e-02
3.474847367e-02
3.525971351e-02
4.490300402e-02
4.261170166e-02
3.501698605e-02
4.244991440e-02
3.985147255e-02
3.227133462e-02
3.237285264e-02
3.977947282e-02
3.247393919e-02
4.498470995e-02
3.457586888e-02
3.611258514e-02
3.717621875e-02
4.038804003e-02
4.028142648e-02
3.236367199e-02
3.861382269e-02
4.481447421e-02
4.135710738e-02
4.479491993e-02
3.531051763e-02
3.971839359e-02
3.163727119e-02
3.010688433e-02
4.393800385e-02
4.395166071e-02
3.213759049e-02
3.854038359e-02
4.216900779e-02
3.279231044e-02
3.312392017e-02
4.373732723e-02
4.449096325e-02
4.312407838e-02
3.465649419e-02
3.215541225e-02
3.760849747e-02
3.073118465e-02
3.829328161e-02
3.961771048e-02
3.803463289e-02
3.972696050e-02
3.628463605e-02
3.851577926e-02
3.087749265e-02
3.246882013e-02
3.638769011e-02
3.360767665e-02
3.541611572e-02
4.224725084e-02
4.226217878e-02
3.336664425e-02
3.395523697e-02
4.193725977e-02
3.949075922e-02
3.816750631e-02
3.089359425e-02
4.224573414e-02
3.682150886e-02
3.774389894e-02
4.175229243e-02
3.413737084e-02
4.169431203e-02
3.108026687e-02
3.225208487e-02
3.634454351e-02
3.687529196e-02
3.113316968e-02
4.335609990e-02
3.521404999e-02
3.693273016e-02
4.163506848e-02
3.678597445e-02
3.808846889e-02
3.669864332e-02
3.872928225e-02
3.670281350e-02
3.307975339e-02
4.075795375e-02
4.125346459e-02
3.117633357e-02
3.924447614e-02
4.369741344e-02
3.493268225e-02
3.841462154e-02
3.508462795e-02
3.968473068e-02
3.161928539e-02
4.105675229e-02
3.223536432e-02
4.121235647e-02
4.152221769e-02
3.969405612e-02
4.340073462e-02
4.374723491e-02
3.121999562e-02
4.164896023e-02
3.882569521e-02
3.504286765e-02
4.109162648e-02
3.387112364e-02
3.414272952e-02
3.925065680e-02
3.159512975e-02
4.006098081e-02
3.986112459e-02
3.563079766e-02
3.194359889e-02
3.365370323e-02
3.511038304e-02
3.999372055e-02
4.234860958e-02
4.114950528e-02
4.257912097e-02
3.206356413e-02
4.346392548e-02
3.694547623e-02
4.484226063e-02
3.522300763e-02
3.462105110e-02
3.903297495e-02
3.024148364e-02
3.602105899e-02
3.811492890e-02
3.621732741e-02
4.292232865e-02
4.163718721e-02
3.009948488e-02
3.735439212e-02
3.310565564e-02
4.112239667e-02
4.228478931e-02
3.409996206e-02
3.559013436e-02
3.681175855e-02
3.691045464e-02
3.528575042e-02
3.992917236e-02
4.177430085e-02
3.322572982e-02
3.430399729e-02
4.243264739e-02
3.461747682e-02
3.150431976e-02
3.994889550e-02
3.473824318e-02
4.036907460e-02
3.090325100e-02
3.886941705e-02
4.404210980e-02
3.061630166e-02
3.642476967e-02
3.363525156e-02
4.409970581e-02
4.297321070e-02
3.632685067e-02
3.078046309e-02
3.374186800e-02
4.258239634e-02
3.316529624e-02
4.343520995e-02
3.408914072e-02
3.594059305e-02
4.028995350e-02
4.297229125e-02
4.001813257e-02
4.127942425e-02
3.951998649e-02
3.956272333e-02
3.474954395e-02
3.218765698e-02
3.656016074e-02
3.676195809e-02
4.095510134e-02
3.584052618e-02
4.371663885e-02
3.400751210e-02
3.484602279e-02
4.336375332e-02
3.619873198e-02
3.872491147e-02
3.328525986e-02
4.216910524e-02
3.244444120e-02
3.684821304e-02
3.499643474e-02
3.163292175e-02
3.107296010e-02
4.285847230e-02
3.564891625e-02
3.517645324e-02
3.428159049e-02
3.545136514e-02
3.504508153e-02
3.128136122e-02
3.166818763e-02
4.365830237e-02
3.114058200e-02
3.076459397e-02
3.580553643e-02
4.167630781e-02
4.161734957e-02
3.302096635e-02
4.412016143e-02
4.321313014e-02
4.304128941e-02
3.770930985e-02
3.613728886e-02
3.953859798e-02
3.115846856e-02
3.945841906e-02
4.308897245e-02
3.700759449e-02
3.399755604e-02
3.635857003e-02
4.167815443e-02
4.254632586e-02
3.643315050e-02
3.483825713e-02
4.205022860e-02
4.307896897e-02
3.294633084e-02
4.266760814e-02
3.753501623e-02
4.250975583e-02
3.479569690e-02
3.135810392e-02
4.308750984e-02
4.024104282e-02
3.171848059e-02
3.014958402e-02
3.391115543e-02
3.263932287e-02
3.987570903e-02
3.367160518e-02
3.182609697e-02
3.554530535e-02
3.589619593e-02
4.497358846e-02
3.303844952e-02
3.852687473e-02
3.996907483e-02
3.847201524e-02
4.170241946e-02
3.893089852e-02
4.449806247e-02
3.516189903e-02
4.402680975e-02
3.792262163e-02
4.468451656e-02
4.413663025e-02
4.122466408e-02
3.558421643e-02
3.154483868e-02
3.072965780e-02
3.336329013e-02
3.583434199e-02
3.461581817e-02
3.932856266e-02
4.127267374e-02
3.104591052e-02
4.127445577e-02
3.947154057e-02
3.203352392e-02
4.179830574e-02
3.630228662e-02
4.272971847e-02
3.375390582e-02
3.167416479e-02
3.306775022e-02
3.368207690e-02
3.779363756e-02
3.773602461e-02
3.223546158e-02
3.636681777e-02
4.358051952e-02
3.065371705e-02
3.101783209e-02
3.162140973e-02
3.448323992e-02
3.601853044e-02
3.692890902e-02
4.216613737e-02
3.169671575e-02
3.501645697e-02
3.468203511e-02
3.265483359e-02
3.941970751e-02
3.691661742e-02
3.555760434e-02
3.088511286e-02
4.196866666e-02
4.033618744e-02
3.160213543e-02
3.358677572e-02
3.366104046e-02
4.266773265e-02
3.968407381e-02
3.331081042e-02
4.210964125e-02
3.647633221e-02
3.587704596e-02
3.557321353e-02
3.830328279e-02
4.140363675e-02
3.377342472e-02
3.986166888e-02
3.313812395e-02
4.438280500e-02
3.811009784e-02
3.966135925e-02
3.343564318e-02
4.199451600e-02
3.111511803e-02
3.098701243e-02
4.173755189e-02
4.298593664e-02
4.388157588e-02
3.027636318e-02
3.871117458e-02
3.105433236e-02
3.082603244e-02
4.109589745e-02
3.990438147e-02
3.621937243e-02
3.575793917e-02
4.472711964e-02
4.344143445e-02
3.160499361e-02
3.291761200e-02
3.399702057e-02
3.266798491e-02
3.015752962e-02
4.082688679e-02
3.286829654e-02
3.361913003e-02
3.388406028e-02
4.070271536e-02
3.533197894e-02
3.657438843e-02
3.952707209e-02
3.534458929e-02
3.391653013e-02
3.408788308e-02
3.941505639e-02
3.329278255e-02
3.936249424e-02
3.533894035e-02
3.996414824e-02
3.095476653e-02
3.945249079e-02
4.159868135e-02
3.891157525e-02
3.135176127e-02
3.677901196e-02
3.740871495e-02
3.508893387e-02
3.669032537e-02
3.192712360e-02
4.377224555e-02
3.163789970e-02
4.246078461e-02
4.103121924e-02
3.660033289e-02
3.969309105e-02
4.491118898e-02
3.095964156e-02
3.007348739e-02
3.121611953e-02
4.356616924e-02
4.422930206e-02
3.038612349e-02
3.725975600e-02
4.044806858e-02
3.381491935e-02
3.290116329e-02
3.965979053e-02
3.035378650e-02
4.251784822e-02
3.537940487e-02
4.257983637e-02
3.138295352e-02
4.260623469e-02
3.253883281e-02
4.244466425e-02
3.956495431e-02
4.402044458e-02
4.230294975e-02
3.407014531e-02
3.799847549e-02
3.502332731e-02
3.410114094e-02
4.180295525e-02
4.071406891e-02
3.901069180e-02
4.185573504e-02
4.447177837e-02
3.208173651e-02
4.270664711e-02
3.346732338e-02
3.082572174e-02
4.435991786e-02
3.722332254e-02
3.166076436e-02
3.988367889e-02
4.142422343e-02
4.053543707e-02
3.636461023e-02
4.289267956e-02
3.190467313e-02
3.581393731e-02
3.509131469e-02
3.007182652e-02
3.798324505e-02
3.160679254e-02
3.585050685e-02
4.382378246e-02
3.414924505e-02
3.359540830e-02
4.059944013e-02
3.941937743e-02
3.176226226e-02
4.161236940e-02
4.332693905e-02
3.573492060e-02
3.788635041e-02
3.360430192e-02
3.807610215e-02
3.950389380e-02
4.304119361e-02
4.244446963e-02
3.757722967e-02
3.271994857e-02
3.035898968e-02
3.381173741e-02
3.500751366e-02
3.286010995e-02
3.120984746e-02
4.494911581e-02
4.046671550e-02
3.311270053e-02
3.399963695e-02
3.111121591e-02
3.184484857e-02
3.495541992e-02
