6.055151619e-02
6.563638232e-02
6.294174602e-02
7.274088919e-02
6.783758178e-02
6.237107639e-02
7.004356611e-02
7.266680975e-02
7.305703115e-02
6.247951062e-02
6.791748836e-02
6.776854749e-02
6.639556989e-02
6.997179234e-02
6.788042968e-02
6.154759925e-02
6.675016018e-02
7.495387710e-02
7.069778778e-02
6.109538374e-02
6.311103127e-02
7.100819142e-02
7.259882931e-02
7.175627355e-02
6.709370235e-02
6.289952964e-02
6.327248021e-02
6.419086355e-02
6.695438958e-02
6.977956586e-02
6.084803364e-02
7.087979986e-02
6.499426003e-02
6.795078964e-02
6.025664460e-02
6.029037868e-02
6.446439754e-02
7.170854873e-02
6.300477273e-02
6.069547757e-02
7.018660710e-02
7.298544922e-02
6.999633304e-02
7.365111194e-02
6.063023588e-02
6.359509397e-02
6.251131470e-02
6.565364272e-02
6.073602600e-02
7.365577416e-02
6.047231454e-02
6.767515445e-02
6.785626297e-02
6.912577951e-02
7.174148229e-02
6.917080534e-02
6.516780081e-02
6.785896953e-02
7.272524660e-02
6.700111473e-02
6.501471700e-02
6.867198863e-02
6.044077001e-02
6.458613370e-02
6.963399503e-02
6.254857029e-02
6.900093517e-02
7.007663039e-02
6.911177955e-02
7.124102449e-02
6.023656759e-02
6.036515841e-02
6.408022212e-02
6.383593622e-02
7.274548100e-02
6.728954259e-02
6.223340358e-02
7.040397087e-02
6.223879111e-02
7.475621091e-02
6.532859940e-02
6.223301649e-02
7.193417732e-02
6.961147394e-02
6.648570976e-02
6.235878684e-02
7.423202472e-02
6.404490337e-02
6.386555433e-02
6.062755542e-02
6.514462459e-02
6.302551336e-02
7.095366082e-02
7.314617236e-02
6.731352765e-02
7.225033836e-02
7.196218100e-02
7.090606108e-02
6.777404985e-02
6.545031001e-02
6.283599433e-02
6.896218563e-02
6.377531345e-02
7.017997262e-02
7.380933740e-02
6.557429160e-02
6.459487706e-02
6.052676270e-02
7.487984677e-02
7.307650672e-02
6.463126008e-02
6.407483319e-02
7.441979312e-02
7.263177157e-02
6.059206918e-02
6.224339559e-02
6.523135086e-02
7.160835658e-02
6.278218674e-02
7.094723644e-02
6.448409911e-02
6.574015966e-02
6.883392022e-02
6.489297027e-02
6.465952718e-02
7.315982563e-02
6.980119078e-02
6.886049994e-02
6.077809473e-02
6.770614205e-02
6.813505701e-02
6.629853371e-02
6.822087962e-02
6.907717581e-02
6.398827435e-02
7.090980178e-02
6.359002977e-02
6.965807966e-02
6.978956647e-02
7.037033283e-02
6.692681093e-02
6.454573026e-02
6.340601234e-02
6.035009881e-02
7.002066689e-02
6.308063862e-02
6.087356214e-02
6.101518271e-02
6.914672295e-02
6.272372582e-02
7.406984875e-02
6.842433791e-02
7.013803513e-02
6.452105954e-02
7.201087290e-02
6.012189942e-02
6.166252004e-02
6.752587548e-02
6.772237002e-02
6.385333035e-02
6.711165315e-02
7.356829903e-02
7.172885018e-02
7.386657988e-02
6.033806504e-02
6.462498450e-02
6.679267391e-02
7.106541262e-02
6.997823628e-02
6.128350070e-02
7.357497149e-02
6.182500194e-02
6.879003644e-02
7.357649711e-02
6.637096968e-02
6.331649452e-02
6.157521946e-02
6.013158941e-02
6.941775322e-02
6.844710393e-02
6.983957199e-02
6.681218732e-02
6.296184484e-02
7.342984011e-02
6.936470164e-02
7.298295084e-02
6.239091520e-02
7.264540654e-02
6.642454481e-02
6.224320891e-02
7.416819632e-02
6.309220443e-02
6.470113809e-02
6.079695207e-02
6.915662421e-02
6.470606937e-02
7.341526217e-02
6.502548809e-02
7.431317021e-02
7.443458130e-02
6.229861583e-02
7.317150584e-02
6.711124444e-02
6.659629030e-02
7.359141515e-02
6.582478374e-02
7.013658259e-02
6.651437256e-02
6.280407006e-02
7.002222286e-02
7.182543178e-02
6.663201295e-02
6.483408942e-02
6.008323377e-02
7.080866088e-02
6.199781055e-02
6.471748514e-02
6.788223986e-02
6.636615677e-02
6.316365203e-02
7.391135199e-02
6.366162820e-02
7.267490999e-02
7.411386256e-02
6.497001168e-02
6.403998218e-02
6.478550351e-02
7.276667723e-02
7.036869979e-02
6.823686172e-02
6.695713130e-02
6.779496304e-02
7.183908873e-02
6.279358398e-02
6.652143438e-02
7.316626083e-02
6.735392246e-02
6.385557440e-02
6.616970958e-02
7.135996348e-02
6.312735969e-02
7.306704404e-02
6.746975169e-02
7.341826053e-02
6.956711456e-02
7.434210931e-02
6.885723297e-02
6.843261878e-02
6.741942535e-02
6.037543722e-02
6.239044433e-02
7.027643114e-02
6.232539365e-02
6.666668718e-02
6.127779408e-02
6.104317049e-02
7.383790872e-02
6.448209611e-02
6.010431106e-02
6.590133495e-02
6.822285063e-02
6.094758812e-02
6.616079511e-02
6.807262752e-02
6.985899306e-02
7.481095764e-02
6.087052534e-02
7.032978529e-02
7.273297353e-02
7.124173828e-02
6.835720052e-02
7.081860029e-02
7.088515535e-02
6.229137289e-02
6.820505921e-02
7.186997960e-02
7.020896230e-02
7.346398664e-02
7.337320386e-02
6.079231012e-02
6.161036571e-02
6.250224501e-02
6.846142468e-02
7.391945474e-02
7.310333448e-02
6.146936024e-02
6.348682167e-02
7.479260325e-02
6.989657989e-02
6.205217410e-02
6.784922303e-02
6.663604150e-02
7.349163180e-02
6.121767511e-02
7.094533831e-02
7.448157176e-02
6.119065027e-02
6.601342696e-02
6.274539162e-02
7.298469642e-02
7.256169326e-02
7.170063415e-02
6.701870377e-02
7.340519402e-02
6.406680302e-02
6.006058571e-02
6.247226398e-02
7.389703321e-02
7.049489833e-02
6.700768503e-02
7.346868412e-02
6.913005161e-02
7.367711531e-02
7.192765557e-02
6.355028001e-02
6.168589647e-02
6.803025150e-02
6.925287181e-02
6.366884480e-02
6.854818587e-02
6.051331242e-02
7.403746072e-02
6.137289163e-02
7.172905103e-02
6.281580833e-02
6.338405197e-02
6.715359927e-02
6.115242686e-02
6.541332027e-02
6.518375509e-02
6.940072181e-02
6.763699835e-02
6.841731227e-02
6.100685942e-02
6.908343233e-02
7.446849600e-02
6.912152967e-02
6.299061777e-02
6.105641785e-02
6.089382631e-02
6.458551667e-02
6.711241446e-02
6.211575514e-02
6.591298109e-02
6.566635580e-02
6.351215572e-02
6.334138102e-02
6.830894429e-02
6.877889690e-02
6.131562515e-02
7.477384052e-02
7.220264244e-02
6.973354573e-02
7.088007707e-02
7.090605015e-02
7.060907221e-02
6.453462956e-02
6.157604160e-02
7.452149049e-02
6.289694147e-02
7.463286362e-02
6.982267616e-02
6.224461277e-02
6.229015041e-02
6.821665216e-02
6.333883857e-02
7.125282384e-02
7.139904252e-02
6.930334731e-02
7.326394486e-02
6.277521955e-02
6.572526109e-02
7.483733765e-02
6.252897715e-02
6.965352738e-02
7.193067380e-02
7.256613649e-02
6.717569710e-02
6.730857551e-02
6.705624188e-02
6.737499734e-02
7.439009997e-02
7.243876785e-02
7.165974626e-02
6.507399360e-02
6.476430597e-02
6.207138960e-02
6.579322564e-02
6.575422962e-02
7.035954237e-02
6.703475348e-02
7.323922651e-02
6.348836853e-02
6.333558938e-02
7.076036531e-02
7.081621248e-02
7.087753272e-02
7.184102217e-02
6.541649735e-02
7.373437232e-02
6.617107982e-02
6.002711518e-02
7.021540144e-02
6.270099431e-02
6.037068202e-02
6.485369084e-02
7.431190177e-02
6.865740184e-02
6.747356050e-02
6.888431008e-02
7.371393080e-02
6.859722877e-02
6.977807203e-02
7.160847457e-02
6.015170652e-02
7.375666715e-02
7.154459048e-02
7.344850686e-02
6.546395675e-02
6.356452678e-02
6.671851460e-02
6.356177489e-02
7.413812922e-02
7.042523433e-02
7.341306074e-02
6.436872136e-02
6.992425797e-02
6.901100361e-02
7.460649267e-02
6.227267453e-02
6.962091448e-02
6.909284087e-02
6.815516368e-02
6.971880508e-02
6.803556265e-02
6.680772690e-02
6.805607205e-02
6.604580263e-02
6.589433535e-02
6.310868928e-02
7.104020013e-02
6.761816476e-02
6.399674562e-02
7.341394197e-02
7.313201994e-02
6.267408673e-02
6.412002416e-02
6.786588779e-02
6.251265365e-02
6.206750461e-02
6.532990914e-02
6.777261617e-02
7.349973953e-02
6.419331952e-02
7.447075099e-02
6.163223829e-02
6.758258846e-02
6.242349092e-02
7.456718163e-02
6.220190324e-02
6.266508870e-02
6.862804359e-02
6.117266747e-02
6.227905657e-02
7.461210937e-02
7.044509307e-02
7.073431637e-02
6.156471599e-02
6.818677298e-02
7.491066342e-02
6.600991596e-02
7.207548531e-02
7.019039921e-02
6.550113535e-02
6.923560253e-02
6.693739012e-02
6.012757339e-02
7.401978851e-02
6.217079737e-02
6.103156896e-02
7.057875190e-02
6.351571285e-02
7.404451912e-02
7.415435834e-02
6.825357322e-02
7.466223353e-02
6.093819828e-02
6.887641336e-02
6.922283104e-02
6.354622918e-02
6.738125458e-02
7.336355951e-02
7.240568866e-02
7.058881689e-02
7.367260952e-02
7.253602441e-02
6.234734206e-02
6.248860217e-02
6.290808178e-02
6.285615120e-02
