-4.223994267e-01
-4.223884266e-01
-4.223774266e-01
-4.223664266e-01
-4.223554266e-01
-4.223444266e-01
-4.223334266e-01
-4.223224266e-01
-4.223114266e-01
-4.223004266e-01
-4.222894265e-01
-4.222784265e-01
-4.222674265e-01
-4.222564265e-01
-4.222454265e-01
-4.222344265e-01
-4.222234265e-01
-4.222124265e-01
-4.222014265e-01
-4.221904264e-01
-4.221794264e-01
-4.221684264e-01
-4.221574264e-01
-4.221464264e-01
-4.221354264e-01
-4.221244264e-01
-4.221134264e-01
-4.221024264e-01
-4.220914263e-01
-4.220804263e-01
-4.220694263e-01
-4.220584263e-01
-4.220474263e-01
-4.220364263e-01
-4.220254263e-01
-4.220144263e-01
-4.220034263e-01
-4.219924262e-01
-4.219814262e-01
-4.219704262e-01
-4.219594262e-01
-4.219484262e-01
-4.219374262e-01
-4.219264262e-01
-4.219154262e-01
-4.219044262e-01
-4.218934261e-01
-4.218824261e-01
-4.218714261e-01
-4.218604261e-01
-4.218494261e-01
-4.218384261e-01
-4.218274261e-01
-4.218164261e-01
-4.218054261e-01
-4.217944260e-01
-4.217834260e-01
-4.217724260e-01
-4.217614260e-01
-4.217504260e-01
-4.217394260e-01
-4.217284260e-01
-4.217174260e-01
-4.217064260e-01
-4.216954259e-01
-4.216844259e-01
-4.216734259e-01
-4.216624259e-01
-4.216514259e-01
-4.216404259e-01
-4.216294259e-01
-4.216184259e-01
-4.216074259e-01
-4.215964258e-01
-4.215854258e-01
-4.215744258e-01
-4.215634258e-01
-4.215524258e-01
-4.215414258e-01
-4.215304258e-01
-4.215194258e-01
-4.215084258e-01
-4.214974257e-01
-4.214864257e-01
-4.214754257e-01
-4.214644257e-01
-4.214534257e-01
-4.214424257e-01
-4.214314257e-01
-4.214204257e-01
-4.214094257e-01
-4.213984256e-01
-4.213874256e-01
-4.213764256e-01
-4.213654256e-01
-4.213544256e-01
-4.213434256e-01
-4.213324256e-01
-4.213214256e-01
-4.213104256e-01
