-4.212994255e-01
-4.212884255e-01
-4.212774255e-01
-4.212664255e-01
-4.212554255e-01
-4.212444255e-01
-4.212334255e-01
-4.212224255e-01
-4.212114255e-01
-4.212004254e-01
-4.211894254e-01
-4.211784254e-01
-4.211674254e-01
-4.211564254e-01
-4.211454254e-01
-4.211344254e-01
-4.211234254e-01
-4.211124254e-01
-4.211014253e-01
-4.210904253e-01
-4.210794253e-01
-4.210684253e-01
-4.210574253e-01
-4.210464253e-01
-4.210354253e-01
-4.210244253e-01
-4.210134253e-01
-4.210024252e-01
-4.209914252e-01
-4.209804252e-01
-4.209694252e-01
-4.209584252e-01
-4.209474252e-01
-4.209364252e-01
-4.209254252e-01
-4.209144252e-01
-4.209034251e-01
-4.208924251e-01
-4.208814251e-01
-4.208704251e-01
-4.208594251e-01
-4.208484251e-01
-4.208374251e-01
-4.208264251e-01
-4.208154251e-01
-4.208044250e-01
-4.207934250e-01
-4.207824250e-01
-4.207714250e-01
-4.207604250e-01
-4.207494250e-01
-4.207384250e-01
-4.207274250e-01
-4.207164250e-01
-4.207054249e-01
-4.206944249e-01
-4.206834249e-01
-4.206724249e-01
-4.206614249e-01
-4.206504249e-01
-4.206394249e-01
-4.206284249e-01
-4.206174249e-01
-4.206064248e-01
-4.205954248e-01
-4.205844248e-01
-4.205734248e-01
-4.205624248e-01
-4.205514248e-01
-4.205404248e-01
-4.205294248e-01
-4.205184248e-01
-4.205074247e-01
-4.204964247e-01
-4.204854247e-01
-4.204744247e-01
-4.204634247e-01
-4.204524247e-01
-4.204414247e-01
-4.204304247e-01
-4.204194247e-01
-4.204084246e-01
-4.203974246e-01
-4.203864246e-01
-4.203754246e-01
-4.203644246e-01
-4.203534246e-01
-4.203424246e-01
-4.203314246e-01
-4.203204246e-01
-4.203094245e-01
-4.202984245e-01
-4.202874245e-01
-4.202764245e-01
-4.202654245e-01
-4.202544245e-01
-4.202434245e-01
-4.202324245e-01
-4.202214245e-01
-4.202104244e-01
