-9.272999367e-01
-9.272889367e-01
-9.272779366e-01
-9.272669366e-01
-9.272559366e-01
-9.272449366e-01
-9.272339366e-01
-9.272229366e-01
-9.272119366e-01
-9.272009366e-01
-9.271899366e-01
-9.271789365e-01
-9.271679365e-01
-9.271569365e-01
-9.271459365e-01
-9.271349365e-01
-9.271239365e-01
-9.271129365e-01
-9.271019365e-01
-9.270909365e-01
-9.270799364e-01
-9.270689364e-01
-9.270579364e-01
-9.270469364e-01
-9.270359364e-01
-9.270249364e-01
-9.270139364e-01
-9.270029364e-01
-9.269919364e-01
-9.269809363e-01
-9.269699363e-01
-9.269589363e-01
-9.269479363e-01
-9.269369363e-01
-9.269259363e-01
-9.269149363e-01
-9.269039363e-01
-9.268929363e-01
-9.268819362e-01
-9.268709362e-01
-9.268599362e-01
-9.268489362e-01
-9.268379362e-01
-9.268269362e-01
-9.268159362e-01
-9.268049362e-01
-9.267939362e-01
-9.267829361e-01
-9.267719361e-01
-9.267609361e-01
-9.267499361e-01
-9.267389361e-01
-9.267279361e-01
-9.267169361e-01
-9.267059361e-01
-9.266949361e-01
-9.266839360e-01
-9.266729360e-01
-9.266619360e-01
-9.266509360e-01
-9.266399360e-01
-9.266289360e-01
-9.266179360e-01
-9.266069360e-01
-9.265959360e-01
-9.265849359e-01
-9.265739359e-01
-9.265629359e-01
-9.265519359e-01
-9.265409359e-01
-9.265299359e-01
-9.265189359e-01
-9.265079359e-01
-9.264969359e-01
-9.264859358e-01
-9.264749358e-01
-9.264639358e-01
-9.264529358e-01
-9.264419358e-01
-9.264309358e-01
-9.264199358e-01
-9.264089358e-01
-9.263979358e-01
-9.263869357e-01
-9.263759357e-01
-9.263649357e-01
-9.263539357e-01
-9.263429357e-01
-9.263319357e-01
-9.263209357e-01
-9.263099357e-01
-9.262989357e-01
-9.262879356e-01
-9.262769356e-01
-9.262659356e-01
-9.262549356e-01
-9.262439356e-01
-9.262329356e-01
-9.262219356e-01
-9.262109356e-01
