3.324922111e-01
3.411238219e-01
3.360419357e-01
3.379002097e-01
3.327223266e-01
3.338175143e-01
3.394053332e-01
3.423992700e-01
3.438363669e-01
3.329259536e-01
3.422285957e-01
3.401309535e-01
3.343795812e-01
3.352292430e-01
3.438843674e-01
3.399159315e-01
3.448312493e-01
3.340288211e-01
3.403879178e-01
3.319655352e-01
3.373270967e-01
3.406685791e-01
3.327868669e-01
3.370641928e-01
3.418834078e-01
3.429906531e-01
3.318399813e-01
3.310873565e-01
3.385281737e-01
3.383189654e-01
3.431273262e-01
3.355431768e-01
3.432056256e-01
3.435534131e-01
3.427561913e-01
3.437145573e-01
3.405199166e-01
3.341080150e-01
3.381987616e-01
3.357576460e-01
3.376946171e-01
3.374980004e-01
3.421456052e-01
3.427680283e-01
3.327862696e-01
3.420416981e-01
3.424203882e-01
3.368476174e-01
3.348458757e-01
3.331292987e-01
3.401076701e-01
3.428305464e-01
3.415562671e-01
3.415792156e-01
3.337116261e-01
3.414855680e-01
3.360514912e-01
3.421298508e-01
3.437104820e-01
3.403529761e-01
3.372763729e-01
3.329458828e-01
3.314968887e-01
3.316853839e-01
3.388196463e-01
3.316527995e-01
3.404964088e-01
3.368350883e-01
3.315720876e-01
3.364191745e-01
3.327447133e-01
3.391964985e-01
3.311594911e-01
3.377579916e-01
3.333130057e-01
3.438853076e-01
3.349081052e-01
3.313606408e-01
3.399987430e-01
3.449223417e-01
3.425252683e-01
3.389921198e-01
3.325302508e-01
3.435705637e-01
3.427453728e-01
3.398586769e-01
3.352298261e-01
3.314485016e-01
3.341891852e-01
3.334512727e-01
3.407309665e-01
3.369523870e-01
3.441365947e-01
3.329211860e-01
3.360446915e-01
3.387992941e-01
3.428043280e-01
3.406310530e-01
3.403453308e-01
3.391766800e-01
3.409066156e-01
3.439207034e-01
3.358410050e-01
3.427600067e-01
3.347755759e-01
3.360897149e-01
3.359560416e-01
3.308050169e-01
3.434712582e-01
3.377033502e-01
3.301810686e-01
3.436438474e-01
3.358650860e-01
3.384489906e-01
3.397131664e-01
3.438773086e-01
3.409193060e-01
3.420126256e-01
3.321238450e-01
3.327901835e-01
3.441403309e-01
3.380460080e-01
3.327843332e-01
3.380228195e-01
3.389165485e-01
3.338944956e-01
3.396764623e-01
3.426444797e-01
3.319801059e-01
3.300608281e-01
3.438253062e-01
3.374911283e-01
3.354166659e-01
3.419031993e-01
3.387361404e-01
3.340460584e-01
3.307000620e-01
3.344666239e-01
3.312762517e-01
3.339433582e-01
3.341926380e-01
3.411704237e-01
3.309523751e-01
3.424022600e-01
3.377088058e-01
3.392314017e-01
3.409763461e-01
3.375855096e-01
3.328330744e-01
3.425299391e-01
3.423608675e-01
3.409468013e-01
3.399895184e-01
3.415831793e-01
3.415117340e-01
3.370140944e-01
3.377803338e-01
3.435379477e-01
3.379589025e-01
3.334807878e-01
3.449702528e-01
3.373273184e-01
3.423463825e-01
3.403026199e-01
3.350356533e-01
3.402226411e-01
3.392435503e-01
3.367414495e-01
3.301938491e-01
3.309479303e-01
3.433909567e-01
3.445588118e-01
3.368232418e-01
3.448726622e-01
3.377290620e-01
3.310876141e-01
3.363251710e-01
3.379295385e-01
3.303306733e-01
3.438754468e-01
3.370500742e-01
3.383062270e-01
3.312296369e-01
3.434250857e-01
3.391525146e-01
3.354577026e-01
3.319781966e-01
3.406392314e-01
3.424838801e-01
3.301373477e-01
3.399636716e-01
3.372584508e-01
3.354802230e-01
3.387086164e-01
3.422853886e-01
3.343848216e-01
3.350147210e-01
3.412905943e-01
3.375717427e-01
3.332435713e-01
3.354740839e-01
3.335291797e-01
3.380778947e-01
3.430275609e-01
3.310085347e-01
3.347112539e-01
3.433950010e-01
3.304813539e-01
3.361300017e-01
3.401843679e-01
3.425474225e-01
3.448315936e-01
3.342355716e-01
3.317601245e-01
3.305116511e-01
3.367894729e-01
3.438281742e-01
3.444419086e-01
3.300905270e-01
3.419364433e-01
3.403107292e-01
3.301750778e-01
3.376596077e-01
3.399547888e-01
3.320440326e-01
3.311137871e-01
3.324818393e-01
3.348685171e-01
3.447294977e-01
3.376069399e-01
3.351580666e-01
3.437741082e-01
3.354515531e-01
3.321340546e-01
3.307299436e-01
3.302537992e-01
3.407306744e-01
3.401993894e-01
3.356025694e-01
3.362195810e-01
3.393891380e-01
3.407553438e-01
3.445103140e-01
3.401383647e-01
3.394928852e-01
3.432786247e-01
3.355158773e-01
3.448092528e-01
3.407932119e-01
3.345973226e-01
3.348489113e-01
3.429695495e-01
3.340708637e-01
3.439489601e-01
3.405188115e-01
3.348053090e-01
3.364726287e-01
3.313639266e-01
3.338681500e-01
3.361649653e-01
3.351470008e-01
3.428193181e-01
3.383734097e-01
3.320727125e-01
3.315231004e-01
3.334685595e-01
3.353217835e-01
3.445844981e-01
3.444771010e-01
3.402555823e-01
3.371381296e-01
3.392274142e-01
3.376897843e-01
3.381718830e-01
3.342694419e-01
3.346021522e-01
3.361901503e-01
3.397919812e-01
3.320440897e-01
3.370721237e-01
3.359205539e-01
3.386927603e-01
3.380430264e-01
3.392438714e-01
3.316777751e-01
3.447320458e-01
3.445960664e-01
3.414893113e-01
3.424225208e-01
3.321722872e-01
3.301960462e-01
3.443931053e-01
3.397629893e-01
3.341978096e-01
3.385432577e-01
3.372150347e-01
3.443383442e-01
3.314057127e-01
3.325214928e-01
3.385444321e-01
3.345540485e-01
3.305871414e-01
3.433628686e-01
3.352418241e-01
3.390369797e-01
3.387319501e-01
3.319332678e-01
3.400376589e-01
3.305509574e-01
3.302580921e-01
3.346853140e-01
3.329504530e-01
3.341667837e-01
3.418541284e-01
3.328063507e-01
3.393215558e-01
3.342885374e-01
3.382506837e-01
3.374929936e-01
3.304334902e-01
3.307640767e-01
3.313488219e-01
3.399877237e-01
3.445980003e-01
3.435001743e-01
3.375456501e-01
3.381402141e-01
3.417072569e-01
3.398444668e-01
3.361470005e-01
3.362768026e-01
3.372312686e-01
3.341009760e-01
3.382483674e-01
3.370935463e-01
3.364721995e-01
3.349240806e-01
3.323602505e-01
3.362263077e-01
3.340548867e-01
3.374627433e-01
3.422169494e-01
3.424743049e-01
3.418687211e-01
3.418378178e-01
3.319103093e-01
3.326737147e-01
3.334362868e-01
3.328161087e-01
3.339115460e-01
3.401394797e-01
3.300677846e-01
3.430263288e-01
3.446858459e-01
3.434780755e-01
3.426968936e-01
3.431933860e-01
3.441628131e-01
3.396068855e-01
3.409060622e-01
3.315299094e-01
3.421620307e-01
3.333205089e-01
3.362126191e-01
3.342256646e-01
3.419048194e-01
3.405551753e-01
3.389932524e-01
3.301951730e-01
3.395718360e-01
3.327777300e-01
3.329189308e-01
3.323975879e-01
3.324155634e-01
3.438877374e-01
3.435174213e-01
3.322436950e-01
3.397020471e-01
3.383139999e-01
3.398096191e-01
3.332956915e-01
3.318527748e-01
3.315589884e-01
3.329059312e-01
3.439597017e-01
3.316772159e-01
3.323623413e-01
3.389532067e-01
3.312601627e-01
3.399669715e-01
3.319101168e-01
3.391366304e-01
3.423414326e-01
3.417164482e-01
3.309241213e-01
3.311196473e-01
3.446842739e-01
3.390596330e-01
3.387603251e-01
3.381992899e-01
3.383852101e-01
3.311659839e-01
3.429442098e-01
3.392817385e-01
3.380477270e-01
3.374344201e-01
3.384412578e-01
3.413515320e-01
3.409712080e-01
3.429474211e-01
3.372181292e-01
3.353222377e-01
3.398610361e-01
3.301907146e-01
3.301416175e-01
3.422562219e-01
3.385187346e-01
3.429272270e-01
3.434571745e-01
3.401426952e-01
3.420682977e-01
3.402414800e-01
3.307476668e-01
3.393483729e-01
3.323441627e-01
3.386898238e-01
3.391595282e-01
3.407625732e-01
3.371060988e-01
3.342902652e-01
3.366246256e-01
3.358398628e-01
3.316724045e-01
3.313735176e-01
3.415443561e-01
3.442222434e-01
3.435703116e-01
3.371408498e-01
3.424984241e-01
3.401081605e-01
3.362429024e-01
3.320871714e-01
3.314649082e-01
3.331444110e-01
3.416854796e-01
3.381373900e-01
3.428247711e-01
3.356862015e-01
3.393705584e-01
3.393931492e-01
3.350383019e-01
3.323740869e-01
3.448227868e-01
3.354301689e-01
3.382999452e-01
3.352795672e-01
3.425060876e-01
3.396335441e-01
3.326696620e-01
3.300488302e-01
3.410049805e-01
3.311435807e-01
3.379511167e-01
3.428406739e-01
3.402447823e-01
3.317513103e-01
3.318683900e-01
3.359445055e-01
3.416335557e-01
3.438731305e-01
3.390692222e-01
3.352469343e-01
3.392558306e-01
3.421214655e-01
3.321970845e-01
3.427815123e-01
3.429230154e-01
3.343769593e-01
3.430155827e-01
3.379940569e-01
3.446143912e-01
3.436954065e-01
3.355496865e-01
3.411690428e-01
3.407281176e-01
3.421852685e-01
3.347939243e-01
3.318546178e-01
3.405753598e-01
3.356363583e-01
3.300306741e-01
3.348750473e-01
3.365968750e-01
3.327705440e-01
3.419215397e-01
3.423593795e-01
3.338762054e-01
3.430831449e-01
3.313910718e-01
3.304574587e-01
