-6.324996389e-01
-6.324886389e-01
-6.324776389e-01
-6.324666389e-01
-6.324556388e-01
-6.324446388e-01
-6.324336388e-01
-6.324226388e-01
-6.324116388e-01
-6.324006388e-01
-6.323896388e-01
-6.323786388e-01
-6.323676388e-01
-6.323566387e-01
-6.323456387e-01
-6.323346387e-01
-6.323236387e-01
-6.323126387e-01
-6.323016387e-01
-6.322906387e-01
-6.322796387e-01
-6.322686387e-01
-6.322576386e-01
-6.322466386e-01
-6.322356386e-01
-6.322246386e-01
-6.322136386e-01
-6.322026386e-01
-6.321916386e-01
-6.321806386e-01
-6.321696386e-01
-6.321586385e-01
-6.321476385e-01
-6.321366385e-01
-6.321256385e-01
-6.321146385e-01
-6.321036385e-01
-6.320926385e-01
-6.320816385e-01
-6.320706385e-01
-6.320596384e-01
-6.320486384e-01
-6.320376384e-01
-6.320266384e-01
-6.320156384e-01
-6.320046384e-01
-6.319936384e-01
-6.319826384e-01
-6.319716384e-01
-6.319606383e-01
-6.319496383e-01
-6.319386383e-01
-6.319276383e-01
-6.319166383e-01
-6.319056383e-01
-6.318946383e-01
-6.318836383e-01
-6.318726383e-01
-6.318616382e-01
-6.318506382e-01
-6.318396382e-01
-6.318286382e-01
-6.318176382e-01
-6.318066382e-01
-6.317956382e-01
-6.317846382e-01
-6.317736382e-01
-6.317626381e-01
-6.317516381e-01
-6.317406381e-01
-6.317296381e-01
-6.317186381e-01
-6.317076381e-01
-6.316966381e-01
-6.316856381e-01
-6.316746381e-01
-6.316636380e-01
-6.316526380e-01
-6.316416380e-01
-6.316306380e-01
-6.316196380e-01
-6.316086380e-01
-6.315976380e-01
-6.315866380e-01
-6.315756380e-01
-6.315646379e-01
-6.315536379e-01
-6.315426379e-01
-6.315316379e-01
-6.315206379e-01
-6.315096379e-01
-6.314986379e-01
-6.314876379e-01
-6.314766379e-01
-6.314656378e-01
-6.314546378e-01
-6.314436378e-01
-6.314326378e-01
-6.314216378e-01
-6.314106378e-01
