4.280862627e-02
3.047403601e-02
3.185047785e-02
4.263140614e-02
3.446024201e-02
3.366474186e-02
3.825822763e-02
4.369018789e-02
3.952112185e-02
4.335223457e-02
3.384500016e-02
3.125607811e-02
3.401750434e-02
4.300864067e-02
3.509464022e-02
3.132424465e-02
4.069663353e-02
3.869485692e-02
3.355218936e-02
3.737130504e-02
3.468834367e-02
3.639362070e-02
4.488466763e-02
4.051756947e-02
3.629393623e-02
4.316836851e-02
3.648113629e-02
3.114829933e-02
3.690174855e-02
3.604456796e-02
3.944630315e-02
4.109144364e-02
3.007807549e-02
3.989759768e-02
3.062987938e-02
4.200610221e-02
3.749049967e-02
4.178754237e-02
3.262036826e-02
4.441766399e-02
3.883729221e-02
3.501655303e-02
3.986374013e-02
3.630421870e-02
3.445234365e-02
4.305383909e-02
3.941644745e-02
3.677660522e-02
4.180826408e-02
3.280343034e-02
3.923857390e-02
4.318057416e-02
3.101075573e-02
3.092382145e-02
3.654500337e-02
4.402590630e-02
3.601831056e-02
3.199370240e-02
3.726177133e-02
3.073883614e-02
3.654485193e-02
3.011536396e-02
3.478901485e-02
3.220133590e-02
3.847578988e-02
3.695342673e-02
4.143144782e-02
4.218337248e-02
3.847958950e-02
4.453077481e-02
3.832713599e-02
3.141073854e-02
3.403436721e-02
4.390762709e-02
3.300390681e-02
3.410428487e-02
3.890003758e-02
3.908384208e-02
3.046510811e-02
3.307518226e-02
4.071405568e-02
4.196617969e-02
3.734912025e-02
3.807860218e-02
3.391232892e-02
3.868857697e-02
3.977508322e-02
3.856707933e-02
3.641733161e-02
4.495462869e-02
3.285279607e-02
3.769925965e-02
4.416595002e-02
4.483942200e-02
3.027637881e-02
3.046397113e-02
3.503079434e-02
3.532554347e-02
3.579839386e-02
3.271712935e-02
3.416203173e-02
4.065817366e-02
4.020898567e-02
4.483475534e-02
3.798495657e-02
3.365635096e-02
3.368531594e-02
3.133992642e-02
3.673934309e-02
3.162966842e-02
3.646861879e-02
4.078272089e-02
3.874460064e-02
4.152261439e-02
3.117686281e-02
3.120378566e-02
4.193659214e-02
4.061348283e-02
4.160420117e-02
4.333878841e-02
4.214309359e-02
4.335095630e-02
3.659847216e-02
3.755599087e-02
3.146462197e-02
4.386636029e-02
3.349205358e-02
3.326527682e-02
3.398577175e-02
3.748689133e-02
3.283555021e-02
3.144969645e-02
3.999637433e-02
4.061745348e-02
3.526170776e-02
4.025463329e-02
4.237605070e-02
3.804924500e-02
3.583903632e-02
3.596617495e-02
3.713554173e-02
3.182650351e-02
3.341857454e-02
3.639387390e-02
4.418997277e-02
3.153197995e-02
4.443075657e-02
3.104265468e-02
3.565256294e-02
3.213801151e-02
4.218409757e-02
3.822904025e-02
4.147540438e-02
3.667813423e-02
3.832769765e-02
3.389072129e-02
4.071138423e-02
3.157398603e-02
4.107816066e-02
3.997174807e-02
3.486812245e-02
3.701360434e-02
3.040744808e-02
4.119706062e-02
4.430830087e-02
3.307758457e-02
3.184288863e-02
3.627815474e-02
3.659621043e-02
3.018477036e-02
3.413828806e-02
4.081491274e-02
3.335348058e-02
3.541990640e-02
3.392965627e-02
3.812279390e-02
3.089394109e-02
3.660529926e-02
4.185863752e-02
3.312857226e-02
3.584216582e-02
3.418563940e-02
3.086369381e-02
4.237893679e-02
4.475140754e-02
3.407921973e-02
3.881102968e-02
4.453271707e-02
3.071216580e-02
3.289987966e-02
3.640875441e-02
3.795795726e-02
4.308723550e-02
3.848585688e-02
3.256220411e-02
3.899258747e-02
3.772476160e-02
4.264837916e-02
3.666202935e-02
3.072662549e-02
4.325487700e-02
3.448321975e-02
4.406383607e-02
3.020580299e-02
3.591552772e-02
3.780110361e-02
4.198797773e-02
3.420094447e-02
4.306348231e-02
3.080442196e-02
3.489394111e-02
3.907199490e-02
3.737477097e-02
4.052127997e-02
3.403019062e-02
3.497296051e-02
3.368270571e-02
4.027629898e-02
3.233336276e-02
4.194522039e-02
3.071991936e-02
3.380454772e-02
3.866914797e-02
3.813579389e-02
4.258003717e-02
4.032841125e-02
4.154631232e-02
3.737930572e-02
3.880126513e-02
3.454092742e-02
3.447566763e-02
3.526183007e-02
3.704450163e-02
4.282039822e-02
4.390773841e-02
4.189579178e-02
3.436727600e-02
3.245595686e-02
3.745055233e-02
3.345004542e-02
4.401921127e-02
3.857297842e-02
4.104381713e-02
3.529234459e-02
3.455008139e-02
4.400095347e-02
3.784681773e-02
3.619362684e-02
3.005554195e-02
3.584490412e-02
3.937925038e-02
4.481558394e-02
4.184472905e-02
3.185734362e-02
3.324123866e-02
4.258225920e-02
3.408668603e-02
4.395019456e-02
3.399962620e-02
3.400233062e-02
4.335287883e-02
3.359897027e-02
3.907847505e-02
3.045507712e-02
4.088076519e-02
4.412127206e-02
3.844865275e-02
3.180369966e-02
3.136320775e-02
3.755240132e-02
3.284213606e-02
3.906718571e-02
4.077917789e-02
4.249546265e-02
4.063883775e-02
3.965054175e-02
3.757000478e-02
3.712059396e-02
3.675806798e-02
4.350246554e-02
4.391777345e-02
3.412873853e-02
3.479136493e-02
3.215997971e-02
4.109712730e-02
3.049799281e-02
3.223956090e-02
3.242099684e-02
3.520277612e-02
3.188469638e-02
3.304751419e-02
3.007825805e-02
4.484644231e-02
3.137223446e-02
3.403949120e-02
4.058368481e-02
4.057926416e-02
3.116839317e-02
3.499933967e-02
4.373560345e-02
3.377107212e-02
3.453726950e-02
3.068338291e-02
3.000786642e-02
4.245326070e-02
4.144168188e-02
3.415655246e-02
3.285114727e-02
4.350403706e-02
3.780304526e-02
4.272225921e-02
3.131505234e-02
4.100783384e-02
4.175717887e-02
3.723975742e-02
4.087563513e-02
4.444299072e-02
3.310703782e-02
3.356698695e-02
3.720974695e-02
3.873443976e-02
3.532728052e-02
3.531453956e-02
4.253938430e-02
4.230307977e-02
4.123292298e-02
3.646974235e-02
3.171367734e-02
3.209881146e-02
3.196305280e-02
3.403381471e-02
3.990572758e-02
3.925031146e-02
3.905362369e-02
4.273805320e-02
3.919997386e-02
3.670777810e-02
3.117277968e-02
3.436009698e-02
4.200472340e-02
4.471997736e-02
4.198598201e-02
4.292211767e-02
4.308415983e-02
4.150422540e-02
3.070646589e-02
3.929152005e-02
4.348466340e-02
4.018104215e-02
3.500299970e-02
3.155903589e-02
4.047173783e-02
4.067494643e-02
4.368851504e-02
3.612259073e-02
3.418587959e-02
3.337512983e-02
3.577086587e-02
3.305283166e-02
3.239640523e-02
3.172119116e-02
4.248462888e-02
3.615316585e-02
4.435078650e-02
3.758160538e-02
3.858174208e-02
3.251214100e-02
4.232064603e-02
3.654945617e-02
3.835802056e-02
3.549238762e-02
3.807671772e-02
4.197134486e-02
4.244632445e-02
4.248629341e-02
4.269917781e-02
3.857518199e-02
4.021921304e-02
3.508018638e-02
3.229484030e-02
3.035176613e-02
3.950549727e-02
4.272109415e-02
3.674472865e-02
3.805485116e-02
3.767011845e-02
4.144004940e-02
3.201970803e-02
4.210920985e-02
4.118415400e-02
3.527335724e-02
4.252861587e-02
3.267888895e-02
4.275615425e-02
4.434840006e-02
3.142179223e-02
3.650416489e-02
3.523781937e-02
3.785961106e-02
3.084634052e-02
3.330959072e-02
4.418809643e-02
4.222571987e-02
4.182250635e-02
3.252751883e-02
3.139438311e-02
3.146023131e-02
4.460798770e-02
3.707580675e-02
3.026000142e-02
3.640016468e-02
3.279255135e-02
3.564786610e-02
3.724692523e-02
4.278364742e-02
4.432461448e-02
3.847463645e-02
3.365979807e-02
3.286418302e-02
3.959719497e-02
4.060702400e-02
3.706802168e-02
3.968383989e-02
3.304945535e-02
3.620887771e-02
3.471236900e-02
4.085009851e-02
4.297548932e-02
3.408700151e-02
4.040423731e-02
4.310621842e-02
4.056050812e-02
3.161722675e-02
3.658705979e-02
3.021977691e-02
4.330514816e-02
3.702427530e-02
3.202456852e-02
3.113344101e-02
4.301304495e-02
3.219013443e-02
3.960327110e-02
3.585446892e-02
3.895107733e-02
3.849440248e-02
4.007258342e-02
3.041243655e-02
3.075205045e-02
3.633845087e-02
3.030105758e-02
3.709230375e-02
3.995473056e-02
4.076160226e-02
3.437330189e-02
3.086437416e-02
3.907284224e-02
3.305501998e-02
4.331968546e-02
4.017508525e-02
4.133342806e-02
3.449420586e-02
3.967319379e-02
3.500683914e-02
3.092564143e-02
3.756383343e-02
4.066020390e-02
4.412484845e-02
3.916878209e-02
3.097967795e-02
3.902001818e-02
3.797927946e-02
3.663757557e-02
3.238882915e-02
3.486888373e-02
3.919770963e-02
4.234882388e-02
3.444360200e-02
4.019676677e-02
3.077257962e-02
3.200426013e-02
3.641052162e-02
4.041435825e-02
4.321970502e-02
3.796853540e-02
3.386396549e-02
4.479421936e-02
4.042063522e-02
3.736773277e-02
4.470078937e-02
4.360028276e-02
4.253726874e-02
4.266410335e-02
3.832293325e-02
3.893069646e-02
3.240226659e-02
3.103068148e-02
3.285755850e-02
3.410217685e-02
4.284400669e-02
4.109462317e-02
