3.118789305e-01
3.008530047e-01
3.053494822e-01
3.049343126e-01
3.043035496e-01
3.016087294e-01
3.126699182e-01
3.043777611e-01
3.052354250e-01
3.071832661e-01
3.132119460e-01
3.149809185e-01
3.051466411e-01
3.075085422e-01
3.060909856e-01
3.052716553e-01
3.096453312e-01
3.022855152e-01
3.046144317e-01
3.128852612e-01
3.139077061e-01
3.147908238e-01
3.075852478e-01
3.065629781e-01
3.106281141e-01
3.020259676e-01
3.020783280e-01
3.088483643e-01
3.052484208e-01
3.146807763e-01
3.023753832e-01
3.024479149e-01
3.085016445e-01
3.107513135e-01
3.045750725e-01
3.082955769e-01
3.092602755e-01
3.025748002e-01
3.066867902e-01
3.144419301e-01
3.104659092e-01
3.090407760e-01
3.065009088e-01
3.017849134e-01
3.128390131e-01
3.090815686e-01
3.115586908e-01
3.052026144e-01
3.145375497e-01
3.000198570e-01
3.036129082e-01
3.130559637e-01
3.121214339e-01
3.128333903e-01
3.045014110e-01
3.113701111e-01
3.087175884e-01
3.019007285e-01
3.122375888e-01
3.107076663e-01
3.063275231e-01
3.051055030e-01
3.134456861e-01
3.005352193e-01
3.101862034e-01
3.100594186e-01
3.069345560e-01
3.054351064e-01
3.140435547e-01
3.119926795e-01
3.078086283e-01
3.102102351e-01
3.131133248e-01
3.005997424e-01
3.095286020e-01
3.053763278e-01
3.103728572e-01
3.077526251e-01
3.081246137e-01
3.096610359e-01
3.100151511e-01
3.049600819e-01
3.075379106e-01
3.020673559e-01
3.102309255e-01
3.054197313e-01
3.126461176e-01
3.046653222e-01
3.105582179e-01
3.138027326e-01
3.080145390e-01
3.064651088e-01
3.011009459e-01
3.025103742e-01
3.071277078e-01
3.121179700e-01
3.040843390e-01
3.090873521e-01
3.102179636e-01
3.135761852e-01
3.121199008e-01
3.013495369e-01
3.037529781e-01
3.076348493e-01
3.101857014e-01
3.131936501e-01
3.076014703e-01
3.119394315e-01
3.049359477e-01
3.090601574e-01
3.075585653e-01
3.143451783e-01
3.110280731e-01
3.065861147e-01
3.044404537e-01
3.136749166e-01
3.062083439e-01
3.135703734e-01
3.015685500e-01
3.030436328e-01
3.007438255e-01
3.093018764e-01
3.128871718e-01
3.068350377e-01
3.135377025e-01
3.103312729e-01
3.074152522e-01
3.055030564e-01
3.124364964e-01
3.051392598e-01
3.048285017e-01
3.035942196e-01
3.001894920e-01
3.148637606e-01
3.079458685e-01
3.070531404e-01
3.120901076e-01
3.013612765e-01
3.032806821e-01
3.065453342e-01
3.100253190e-01
3.022089977e-01
3.096121067e-01
3.136239918e-01
3.111923480e-01
3.052875584e-01
3.093442031e-01
3.086386787e-01
3.014053441e-01
3.033200556e-01
3.043343724e-01
3.059081865e-01
3.082965911e-01
3.133782691e-01
3.054549862e-01
3.093259921e-01
3.100390993e-01
3.087131139e-01
3.055604227e-01
3.107297558e-01
3.133497701e-01
3.055677304e-01
3.141325127e-01
3.003775258e-01
3.020009416e-01
3.031937351e-01
3.067626949e-01
3.055536860e-01
3.132321145e-01
3.014211570e-01
3.133363648e-01
3.108422332e-01
3.032701945e-01
3.031065222e-01
3.087887448e-01
3.057251681e-01
3.147567325e-01
3.043961802e-01
3.143966295e-01
3.067027498e-01
3.107681809e-01
3.067974586e-01
3.052239603e-01
3.106928688e-01
3.102896306e-01
3.116730959e-01
3.086280689e-01
3.039668849e-01
3.001226018e-01
3.107044287e-01
3.108774144e-01
3.115784570e-01
3.087404975e-01
3.127951936e-01
3.105975698e-01
3.049918130e-01
3.037347077e-01
3.104342157e-01
3.019269693e-01
3.017769918e-01
3.095446358e-01
3.057465720e-01
3.050543608e-01
3.100082565e-01
3.071486751e-01
3.107010293e-01
3.088573021e-01
3.031890427e-01
3.117315081e-01
3.066344523e-01
3.082476808e-01
3.098904819e-01
3.080782544e-01
3.097112530e-01
3.106492202e-01
3.092870687e-01
3.140844726e-01
3.074577383e-01
3.078942040e-01
3.140064346e-01
3.035034661e-01
3.149215055e-01
3.111591440e-01
3.069560638e-01
3.024720671e-01
3.035826319e-01
3.019050414e-01
3.116410352e-01
3.054975738e-01
3.089666732e-01
3.043587829e-01
3.111985519e-01
3.023489370e-01
3.014243253e-01
3.110682899e-01
3.144667584e-01
3.040871211e-01
3.046622732e-01
3.032223191e-01
3.049720276e-01
3.079234450e-01
3.135088367e-01
3.000033703e-01
3.073712274e-01
3.148339234e-01
3.088573915e-01
3.028992561e-01
3.146475947e-01
3.017209988e-01
3.008723626e-01
3.069721848e-01
3.062485639e-01
3.124598272e-01
3.068688487e-01
3.109157718e-01
3.018220097e-01
3.055268004e-01
3.007065912e-01
3.124143369e-01
3.028448183e-01
3.143445479e-01
3.093956878e-01
3.148485798e-01
3.049553876e-01
3.126624030e-01
3.073328589e-01
3.145226071e-01
3.120311772e-01
3.033655354e-01
3.114681591e-01
3.061760252e-01
3.124006976e-01
3.139429641e-01
3.103612561e-01
3.095100126e-01
3.080326793e-01
3.088101567e-01
3.116419289e-01
3.118903113e-01
3.110314220e-01
3.120797865e-01
3.017332753e-01
3.037285116e-01
3.001564315e-01
3.117335056e-01
3.068905103e-01
3.085346163e-01
3.101244684e-01
3.136633745e-01
3.019590434e-01
3.017115132e-01
3.016679716e-01
3.007208178e-01
3.132978436e-01
3.090221496e-01
3.096787198e-01
3.092277253e-01
3.006723768e-01
3.112725539e-01
3.016810458e-01
3.048381371e-01
3.148361256e-01
3.035234315e-01
3.063227467e-01
3.058251977e-01
3.107787560e-01
3.090886671e-01
3.138295972e-01
3.093837694e-01
3.061435376e-01
3.046889312e-01
3.010448631e-01
3.113740095e-01
3.088176208e-01
3.123984039e-01
3.111116973e-01
3.073611032e-01
3.092206955e-01
3.120049215e-01
3.140546354e-01
3.123066331e-01
3.111745135e-01
3.039381681e-01
3.014035552e-01
3.135702438e-01
3.063396737e-01
3.142601313e-01
3.019643923e-01
3.061778084e-01
3.063515739e-01
3.002654819e-01
3.023221351e-01
3.027946087e-01
3.096469857e-01
3.144320984e-01
3.083006455e-01
3.119067890e-01
3.059352300e-01
3.108136518e-01
3.057846427e-01
3.102395654e-01
3.076450515e-01
3.033934648e-01
3.132849749e-01
3.004437392e-01
3.022978528e-01
3.033189636e-01
3.051132621e-01
3.134340538e-01
3.025713055e-01
3.094393121e-01
3.009105004e-01
3.105640963e-01
3.144862579e-01
3.062284049e-01
3.136736526e-01
3.130440206e-01
3.013532282e-01
3.002549974e-01
3.017790498e-01
3.100090130e-01
3.020459014e-01
3.111513449e-01
3.103495815e-01
3.001615116e-01
3.090028892e-01
3.079618532e-01
3.140836006e-01
3.103570744e-01
3.103415235e-01
3.029374653e-01
3.034174444e-01
3.058179820e-01
3.035547841e-01
3.054940426e-01
3.050240575e-01
3.141370458e-01
3.049058760e-01
3.086775231e-01
3.019440068e-01
3.061021895e-01
3.119152670e-01
3.091269804e-01
3.069618488e-01
3.123096048e-01
3.065022344e-01
3.127071108e-01
3.072310681e-01
3.047519503e-01
3.091776973e-01
3.015087040e-01
3.026457144e-01
3.140632726e-01
3.143589938e-01
3.011661777e-01
3.121550792e-01
3.100676025e-01
3.042122452e-01
3.146040930e-01
3.042611799e-01
3.015478526e-01
3.025091269e-01
3.061981028e-01
3.117827107e-01
3.106700717e-01
3.029675495e-01
3.039774948e-01
3.081392580e-01
3.105516886e-01
3.046000481e-01
3.082092883e-01
3.095260979e-01
3.139366730e-01
3.051272026e-01
3.036778901e-01
3.077131641e-01
3.110991000e-01
3.137408270e-01
3.004352247e-01
3.061533847e-01
3.108903100e-01
3.029849189e-01
3.127072357e-01
3.116832053e-01
3.132243796e-01
3.089402292e-01
3.059709693e-01
3.008535731e-01
3.059329294e-01
3.024151886e-01
3.066102767e-01
3.044069729e-01
3.060233321e-01
3.086823255e-01
3.083580656e-01
3.118915495e-01
3.072820166e-01
3.079286175e-01
3.142578456e-01
3.088708519e-01
3.101622712e-01
3.090850399e-01
3.042733997e-01
3.012468198e-01
3.107473598e-01
3.045974547e-01
3.013625354e-01
3.101223098e-01
3.094155331e-01
3.062812645e-01
3.040926504e-01
3.010717315e-01
3.114460350e-01
3.116429599e-01
3.068933169e-01
3.145953386e-01
3.050996361e-01
3.065637666e-01
3.132098172e-01
3.042915570e-01
3.081841264e-01
3.001481537e-01
3.136252645e-01
3.106703712e-01
3.086871571e-01
3.080216907e-01
3.041807019e-01
3.026296459e-01
3.146869432e-01
3.022242600e-01
3.012155286e-01
3.083817633e-01
3.001653102e-01
3.129872045e-01
3.092326085e-01
3.121378109e-01
3.094146198e-01
3.146652272e-01
3.070401133e-01
3.039002365e-01
3.014898973e-01
3.106622385e-01
3.000222394e-01
3.098923996e-01
3.102990930e-01
3.133841160e-01
3.004351682e-01
3.021181841e-01
3.024898871e-01
3.004698278e-01
3.094692488e-01
3.117778922e-01
3.092540421e-01
3.085184636e-01
3.146317441e-01
3.142694685e-01
3.102371534e-01
3.146074813e-01
3.010463009e-01
3.095339089e-01
