8.570270141e-01
8.616130835e-01
8.692714156e-01
8.630290512e-01
8.582150979e-01
8.699554971e-01
8.586162936e-01
8.602076223e-01
8.663108137e-01
8.580182034e-01
8.626622198e-01
8.640038012e-01
8.585790174e-01
8.614600360e-01
8.662437120e-01
8.573762511e-01
8.550979344e-01
8.656784839e-01
8.678876718e-01
8.575329723e-01
8.557331914e-01
8.568921606e-01
8.691462979e-01
8.607609328e-01
8.555159574e-01
8.632354016e-01
8.673626171e-01
8.562407658e-01
8.615997952e-01
8.689462358e-01
8.613023058e-01
8.568725837e-01
8.615795931e-01
8.645630369e-01
8.674070725e-01
8.564708086e-01
8.655610880e-01
8.550444154e-01
8.603889772e-01
8.556010597e-01
8.571495506e-01
8.685635171e-01
8.676154615e-01
8.618682216e-01
8.671331459e-01
8.593675954e-01
8.658651571e-01
8.630874452e-01
8.553886653e-01
8.565136281e-01
8.584309825e-01
8.666721900e-01
8.573960116e-01
8.672553090e-01
8.674724361e-01
8.613141831e-01
8.665078592e-01
8.635942853e-01
8.686969262e-01
8.649043562e-01
8.553268752e-01
8.691642597e-01
8.680722092e-01
8.569153879e-01
8.689076981e-01
8.578825799e-01
8.629901904e-01
8.659001129e-01
8.641526347e-01
8.562759053e-01
8.662403473e-01
8.584764516e-01
8.576730667e-01
8.578028144e-01
8.574358897e-01
8.694646208e-01
8.550053475e-01
8.564159991e-01
8.692730487e-01
8.656107059e-01
8.630408641e-01
8.605188136e-01
8.584933668e-01
8.598979469e-01
8.651755970e-01
8.565385301e-01
8.627788152e-01
8.616869384e-01
8.698751898e-01
8.684434887e-01
8.576979679e-01
8.582537922e-01
8.627032056e-01
8.596916953e-01
8.670785805e-01
8.564954807e-01
8.684823764e-01
8.662056522e-01
8.658481224e-01
8.606024336e-01
8.649923930e-01
8.616522152e-01
8.670760433e-01
8.615404610e-01
8.676252048e-01
8.595417837e-01
8.579518791e-01
8.669430483e-01
8.621747694e-01
8.583930793e-01
8.552924477e-01
8.562478094e-01
8.581782303e-01
8.638583392e-01
8.645461797e-01
8.635137102e-01
8.687347189e-01
8.698031430e-01
8.561769692e-01
8.627047287e-01
8.696674293e-01
8.598471053e-01
8.551804706e-01
8.603866078e-01
8.634109565e-01
8.605629407e-01
8.647910959e-01
8.599059805e-01
8.671123274e-01
8.686619541e-01
8.613947689e-01
8.632803123e-01
8.582931189e-01
8.665793488e-01
8.627827898e-01
8.681214756e-01
8.692982813e-01
8.603445460e-01
8.583705227e-01
8.684695498e-01
8.663250124e-01
8.566026651e-01
8.585744686e-01
8.630173688e-01
8.589545722e-01
8.690023695e-01
8.637844476e-01
8.556190840e-01
8.560603320e-01
8.599436439e-01
8.687998123e-01
8.669786384e-01
8.642454490e-01
8.688597489e-01
8.645976226e-01
8.552196075e-01
8.585544310e-01
8.571738373e-01
8.611329097e-01
8.579784728e-01
8.553898325e-01
8.594472101e-01
8.649804731e-01
8.688023766e-01
8.651873802e-01
8.641297054e-01
8.693145801e-01
8.691468935e-01
8.686576220e-01
8.564690238e-01
8.613073860e-01
8.630831315e-01
8.659367151e-01
8.606944405e-01
8.640995634e-01
8.684593473e-01
8.647837155e-01
8.621490247e-01
8.681185960e-01
8.613971262e-01
8.614635593e-01
8.638212284e-01
8.686285376e-01
8.610083052e-01
8.608184043e-01
8.587135447e-01
8.698718594e-01
8.551545476e-01
8.643349614e-01
8.577453594e-01
8.692959759e-01
8.699884319e-01
8.658991764e-01
8.687665707e-01
8.603094558e-01
8.676768987e-01
8.599217414e-01
8.603001651e-01
8.582409919e-01
8.664646581e-01
8.680402665e-01
8.567347196e-01
8.690225464e-01
8.631753434e-01
8.614546423e-01
8.606430523e-01
8.594716177e-01
8.673310131e-01
8.647195275e-01
8.610748743e-01
8.557139442e-01
8.660782034e-01
8.575573623e-01
8.658367835e-01
8.604822432e-01
8.592530703e-01
8.609234464e-01
8.562844478e-01
8.560024317e-01
8.603757262e-01
8.599787896e-01
8.619764189e-01
8.693050753e-01
8.563405421e-01
8.584348505e-01
8.585789062e-01
8.638865722e-01
8.671619091e-01
8.614926308e-01
8.629342158e-01
8.621588256e-01
8.611026376e-01
8.614769002e-01
8.680598307e-01
8.572394674e-01
8.609033889e-01
8.559684483e-01
8.657849962e-01
8.597104779e-01
8.656745893e-01
8.553276584e-01
8.584673002e-01
8.632328409e-01
8.618096132e-01
8.620911439e-01
8.684110510e-01
8.678320444e-01
8.585391479e-01
8.619599183e-01
8.554209812e-01
8.609168496e-01
8.650088001e-01
8.598287817e-01
8.613384725e-01
8.561230095e-01
8.556321114e-01
8.695673039e-01
8.601841478e-01
8.628081160e-01
8.604200196e-01
8.586291707e-01
8.686195721e-01
8.572217095e-01
8.620264264e-01
8.675285886e-01
8.680797583e-01
8.609982652e-01
8.692883085e-01
8.587093639e-01
8.606061065e-01
8.577963190e-01
8.661534261e-01
8.592546858e-01
8.597845694e-01
8.562922092e-01
8.679517578e-01
8.604819883e-01
8.662754565e-01
8.696577977e-01
8.678047323e-01
8.585131471e-01
8.654784713e-01
8.668272680e-01
8.660219510e-01
8.689024100e-01
8.690632384e-01
8.600834452e-01
8.669775816e-01
8.576791202e-01
8.690986175e-01
8.597624460e-01
8.575964617e-01
8.612856573e-01
8.611736784e-01
8.690484928e-01
8.599169995e-01
8.682121398e-01
8.663053296e-01
8.602974625e-01
8.609843385e-01
8.677235638e-01
8.649220709e-01
8.616221395e-01
8.622266433e-01
8.602610319e-01
8.670670121e-01
8.685563955e-01
8.665420152e-01
8.654646714e-01
8.634936406e-01
8.587353964e-01
8.610764789e-01
8.603124562e-01
8.625245982e-01
8.662136556e-01
8.645951672e-01
8.590514414e-01
8.622561655e-01
8.574997072e-01
8.588950597e-01
8.668413029e-01
8.591655529e-01
8.620531251e-01
8.595965667e-01
8.604219921e-01
8.675321458e-01
8.682968571e-01
8.694155576e-01
8.562964218e-01
8.635494669e-01
8.689099880e-01
8.616162574e-01
8.624595232e-01
8.678386508e-01
8.562939686e-01
8.625887622e-01
8.570245764e-01
8.679062426e-01
8.681421574e-01
8.644898016e-01
8.603747264e-01
8.644970931e-01
8.615396575e-01
8.632599370e-01
8.575395503e-01
8.684003736e-01
8.694805529e-01
8.662137173e-01
8.658680928e-01
8.639786410e-01
8.638971658e-01
8.678631449e-01
8.581485048e-01
8.598809448e-01
8.677162148e-01
8.573448709e-01
8.612490245e-01
8.580472780e-01
8.602560648e-01
8.679058622e-01
8.567026672e-01
8.644848569e-01
8.682362317e-01
8.580593620e-01
8.578010501e-01
8.627662063e-01
8.654305783e-01
8.642764531e-01
8.652654014e-01
8.568988499e-01
8.614033417e-01
8.613183135e-01
8.591863423e-01
8.626895495e-01
8.615956405e-01
8.669755520e-01
8.588163758e-01
8.610830489e-01
8.633515966e-01
8.584942540e-01
8.588039458e-01
8.696891663e-01
8.577389697e-01
8.552566352e-01
8.680016186e-01
8.661351492e-01
8.588615630e-01
8.625347033e-01
8.600690846e-01
8.671955358e-01
8.624763978e-01
8.592898218e-01
8.576941276e-01
8.558817547e-01
8.624453055e-01
8.667757581e-01
8.652527953e-01
8.617189008e-01
8.682440110e-01
8.579753927e-01
8.640720150e-01
8.636659102e-01
8.595278837e-01
8.552523820e-01
8.693062527e-01
8.601721996e-01
8.666074409e-01
8.671616291e-01
8.584972483e-01
8.631747448e-01
8.675565637e-01
8.557128199e-01
8.622730537e-01
8.651705272e-01
8.684420517e-01
8.692147713e-01
8.622292056e-01
8.557234227e-01
8.643996094e-01
8.554681296e-01
8.645975680e-01
8.664725248e-01
8.646356016e-01
8.659425036e-01
8.570009745e-01
8.623936348e-01
8.607979813e-01
8.587038020e-01
8.662981363e-01
8.551363294e-01
8.695470969e-01
8.647884975e-01
8.690455851e-01
8.553306135e-01
8.647013659e-01
8.679222736e-01
8.568183324e-01
8.669874679e-01
8.554549588e-01
8.612943663e-01
8.645004422e-01
8.566155501e-01
8.645027861e-01
8.613683645e-01
8.606148376e-01
8.645402010e-01
8.692742708e-01
8.693515772e-01
8.659012876e-01
8.584109989e-01
8.571307442e-01
8.643486032e-01
8.673750718e-01
8.564675510e-01
8.571718100e-01
8.693991682e-01
8.677541020e-01
8.623914736e-01
8.698595051e-01
8.621380774e-01
8.592814547e-01
8.647661318e-01
8.659625791e-01
8.568809953e-01
8.649860194e-01
8.618069099e-01
8.667327118e-01
8.592993670e-01
8.586950089e-01
8.619558751e-01
8.667891495e-01
8.685190384e-01
8.646892051e-01
8.614827639e-01
8.596685871e-01
8.578310766e-01
8.564768164e-01
8.592155952e-01
8.601014902e-01
8.680868665e-01
8.661056036e-01
8.608440993e-01
8.611760005e-01
8.616451782e-01
8.605682978e-01
8.595137751e-01
8.610678996e-01
8.577570668e-01
8.680513923e-01
8.623430112e-01
8.689912567e-01
8.661661115e-01
8.570602742e-01
8.569047797e-01
8.641841808e-01
8.623894359e-01
8.699411253e-01
8.552281428e-01
8.574776589e-01
8.603657690e-01
