5.338001219e-01
5.358128140e-01
5.285705782e-01
5.267939788e-01
5.250746744e-01
5.394324339e-01
5.341860572e-01
5.285301867e-01
5.270378062e-01
5.264193346e-01
5.283568320e-01
5.286739119e-01
5.311735892e-01
5.360468500e-01
5.324935801e-01
5.369416222e-01
5.250266568e-01
5.315085403e-01
5.396645898e-01
5.311152974e-01
5.291370834e-01
5.333104139e-01
5.257861841e-01
5.385260406e-01
5.329708321e-01
5.391436415e-01
5.355843487e-01
5.356312361e-01
5.308183734e-01
5.367389955e-01
5.300116320e-01
5.395691706e-01
5.313561529e-01
5.302438140e-01
5.331326519e-01
5.339195021e-01
5.384266688e-01
5.390381089e-01
5.267024042e-01
5.268092936e-01
5.336401182e-01
5.279000927e-01
5.385992390e-01
5.365672521e-01
5.365855030e-01
5.330909330e-01
5.356178134e-01
5.338417092e-01
5.305307261e-01
5.303681904e-01
5.385485608e-01
5.277582112e-01
5.383003254e-01
5.386167083e-01
5.379109497e-01
5.304293098e-01
5.357194306e-01
5.255310330e-01
5.341158653e-01
5.306322698e-01
5.265711671e-01
5.254298953e-01
5.345978279e-01
5.301211311e-01
5.278954570e-01
5.382819707e-01
5.351788639e-01
5.251436012e-01
5.320836672e-01
5.274637195e-01
5.370598954e-01
5.305420742e-01
5.357414837e-01
5.373898556e-01
5.357233742e-01
5.317113268e-01
5.380888317e-01
5.260340893e-01
5.307303915e-01
5.364080875e-01
5.348997349e-01
5.262362961e-01
5.269477170e-01
5.313758720e-01
5.352681815e-01
5.317587494e-01
5.291923564e-01
5.398704111e-01
5.299971562e-01
5.291750209e-01
5.259641060e-01
5.389197385e-01
5.255137433e-01
5.340372935e-01
5.302978415e-01
5.357808847e-01
5.368615000e-01
5.274522143e-01
5.321478468e-01
5.335577086e-01
5.383786250e-01
5.387727219e-01
5.334608430e-01
5.301366758e-01
5.306592497e-01
5.392876052e-01
5.281854768e-01
5.260755194e-01
5.391561345e-01
5.282066391e-01
5.328807030e-01
5.287580765e-01
5.289794066e-01
5.362627958e-01
5.277539580e-01
5.289958730e-01
5.333980735e-01
5.295846509e-01
5.297592890e-01
5.281278260e-01
5.371874784e-01
5.347832854e-01
5.351874150e-01
5.351420604e-01
5.335422541e-01
5.251698408e-01
5.393457440e-01
5.262289407e-01
5.293986727e-01
5.398141467e-01
5.263751915e-01
5.356043529e-01
5.271069706e-01
5.310532954e-01
5.261816413e-01
5.384165174e-01
5.371814787e-01
5.317305817e-01
5.393047376e-01
5.345955638e-01
5.257078873e-01
5.263712246e-01
5.279282448e-01
5.329249954e-01
5.372621754e-01
5.260498469e-01
5.391766974e-01
5.345341810e-01
5.312724453e-01
5.386321685e-01
5.295104775e-01
5.387674865e-01
5.386422106e-01
5.392928446e-01
5.265226738e-01
5.340479992e-01
5.287362169e-01
5.354539394e-01
5.390141154e-01
5.276970961e-01
5.394264247e-01
5.365651400e-01
5.262281282e-01
5.253318289e-01
5.311842272e-01
5.294509094e-01
5.254200136e-01
5.286947514e-01
5.386372114e-01
5.272946334e-01
5.303319414e-01
5.300042869e-01
5.286829958e-01
5.351319538e-01
5.341097870e-01
5.325035565e-01
5.398206703e-01
5.265802988e-01
5.361719102e-01
5.299922021e-01
5.350859311e-01
5.333729093e-01
5.256768434e-01
5.267878759e-01
5.336032700e-01
5.341814402e-01
5.368549346e-01
5.334218442e-01
5.275190556e-01
5.326808613e-01
5.394086704e-01
5.385353400e-01
5.332525121e-01
5.294679334e-01
5.358347688e-01
5.351971591e-01
5.398906235e-01
5.313870651e-01
5.397849639e-01
5.315326577e-01
5.315202938e-01
5.269603192e-01
5.399739201e-01
5.390949119e-01
5.328173542e-01
5.364083932e-01
5.377743193e-01
5.251528829e-01
5.291767535e-01
5.391700089e-01
5.272273843e-01
5.332162614e-01
5.337680642e-01
5.317004419e-01
5.253160212e-01
5.379531248e-01
5.287337557e-01
5.314855935e-01
5.377016999e-01
5.258061418e-01
5.388823764e-01
5.383348655e-01
5.385189110e-01
5.394587421e-01
5.271473694e-01
5.378224500e-01
5.355469389e-01
5.383581390e-01
5.394215872e-01
5.317264753e-01
5.273750942e-01
5.351427294e-01
5.264262367e-01
5.331645063e-01
5.367425969e-01
5.347085829e-01
5.336630364e-01
5.315965106e-01
5.302724958e-01
5.329247257e-01
5.308482678e-01
5.398299861e-01
5.287720360e-01
5.358231330e-01
5.389234822e-01
5.316639309e-01
5.351741428e-01
5.378780569e-01
5.290869640e-01
5.266213911e-01
5.280819873e-01
5.256781216e-01
5.369345508e-01
5.268646759e-01
5.345851249e-01
5.326491311e-01
5.304153701e-01
5.398784405e-01
5.369145779e-01
5.356690384e-01
5.264484688e-01
5.294992214e-01
5.336588282e-01
5.292898456e-01
5.307143635e-01
5.396577625e-01
5.315271026e-01
5.363574083e-01
5.281498701e-01
5.253603113e-01
5.342755910e-01
5.324217688e-01
5.351799050e-01
5.290398583e-01
5.251021115e-01
5.376707940e-01
5.343057264e-01
5.328910058e-01
5.375330761e-01
5.361694529e-01
5.269800039e-01
5.338717751e-01
5.320164480e-01
5.393110652e-01
5.377888922e-01
5.281901302e-01
5.383999722e-01
5.371534631e-01
5.278842363e-01
5.376637712e-01
5.254450434e-01
5.378370165e-01
5.397744017e-01
5.351765921e-01
5.368054275e-01
5.263364290e-01
5.319017078e-01
5.286128002e-01
5.364269571e-01
5.343711413e-01
5.305256619e-01
5.297869561e-01
5.325968592e-01
5.326110223e-01
5.287521775e-01
5.350053944e-01
5.276402441e-01
5.327799758e-01
5.390280218e-01
5.291188741e-01
5.366890978e-01
5.275908910e-01
5.346347165e-01
5.378986871e-01
5.311040357e-01
5.254237043e-01
5.324097475e-01
5.333925063e-01
5.305127926e-01
5.355186393e-01
5.326743772e-01
5.264082390e-01
5.257131062e-01
5.398728220e-01
5.283486880e-01
5.260071410e-01
5.280753456e-01
5.281794989e-01
5.345479713e-01
5.285974659e-01
5.274943593e-01
5.297471808e-01
5.392651494e-01
5.311444335e-01
5.396525850e-01
5.360752645e-01
5.304206281e-01
5.341027543e-01
5.257881063e-01
5.292422305e-01
5.263285415e-01
5.336596871e-01
5.397074588e-01
5.300897704e-01
5.353981278e-01
5.299932947e-01
5.380412790e-01
5.318531816e-01
5.364426670e-01
5.344396032e-01
5.390992770e-01
5.364242615e-01
5.272702144e-01
5.355147641e-01
5.254162262e-01
5.367689247e-01
5.294406436e-01
5.312203265e-01
5.388434947e-01
5.388825160e-01
5.349653795e-01
5.296891065e-01
5.285224815e-01
5.251408702e-01
5.302461264e-01
5.397568642e-01
5.342296258e-01
5.288365589e-01
5.287108520e-01
5.354287943e-01
5.358582724e-01
5.321214535e-01
5.284306580e-01
5.392302800e-01
5.398368746e-01
5.366164602e-01
5.251915954e-01
5.280796466e-01
5.287974278e-01
5.303487729e-01
5.323475964e-01
5.385382178e-01
5.280970022e-01
5.388515075e-01
5.290101990e-01
5.300380153e-01
5.360852018e-01
5.301819262e-01
5.386210535e-01
5.363708416e-01
5.375683378e-01
5.291212975e-01
5.292624841e-01
5.369137391e-01
5.350613515e-01
5.276330439e-01
5.356714517e-01
5.333029061e-01
5.343459555e-01
5.351910340e-01
5.337975374e-01
5.395341619e-01
5.374868541e-01
5.352011687e-01
5.328523162e-01
5.267793879e-01
5.253005449e-01
5.298828260e-01
5.354123006e-01
5.291912293e-01
5.269942867e-01
5.369026372e-01
5.269464810e-01
5.394507967e-01
5.386784846e-01
5.296602945e-01
5.302547796e-01
5.388807836e-01
5.323791698e-01
5.305989793e-01
5.256807984e-01
5.343869515e-01
5.318890123e-01
5.303218592e-01
5.275407299e-01
5.296583954e-01
5.261898755e-01
5.350955503e-01
5.278614739e-01
5.346878151e-01
5.269980253e-01
5.270502688e-01
5.371882752e-01
5.341907066e-01
5.310963603e-01
5.376997503e-01
5.296112728e-01
5.281219471e-01
5.271076128e-01
5.277463003e-01
5.345212529e-01
5.380933874e-01
5.362931209e-01
5.382590098e-01
5.383809218e-01
5.261710532e-01
5.285660769e-01
5.304788152e-01
5.254380964e-01
5.270710379e-01
5.341198528e-01
5.254560502e-01
5.275978090e-01
5.359704541e-01
5.310023902e-01
5.351155332e-01
5.351539965e-01
5.398779405e-01
5.356435247e-01
5.378133736e-01
5.302814332e-01
5.364938121e-01
5.301691305e-01
5.377026890e-01
5.331013433e-01
5.354665100e-01
5.332910934e-01
5.346752583e-01
5.255029333e-01
5.281644276e-01
5.272350224e-01
5.396834631e-01
5.388492251e-01
5.325663341e-01
5.393454027e-01
5.369967548e-01
5.261970276e-01
5.354753054e-01
5.331291000e-01
5.319634052e-01
5.323525876e-01
5.345200127e-01
5.264164790e-01
5.342512634e-01
5.266766926e-01
5.336387031e-01
5.386161403e-01
5.256461152e-01
5.280163985e-01
5.277397847e-01
5.311335414e-01
5.393301578e-01
5.339402487e-01
5.257621453e-01
5.303412463e-01
5.259776919e-01
5.349132280e-01
5.301786429e-01
5.350547122e-01
5.373000078e-01
