9.176702451e-02
9.058139370e-02
9.100194555e-02
9.511243915e-02
1.025320446e-01
1.002624128e-01
1.026040792e-01
9.022472882e-02
1.008559867e-01
9.188285999e-02
9.004974040e-02
9.875815500e-02
9.119547994e-02
9.135058460e-02
1.014359916e-01
9.342818606e-02
1.022777356e-01
1.030213956e-01
9.807848550e-02
9.890898334e-02
9.665851522e-02
9.738423383e-02
9.295043743e-02
9.108418675e-02
9.859129107e-02
9.055543559e-02
9.206178740e-02
1.007146571e-01
9.133606277e-02
9.299023072e-02
9.365767233e-02
9.242616121e-02
9.537216997e-02
1.014698089e-01
1.016032071e-01
1.004392953e-01
9.329252066e-02
1.044581650e-01
9.706188367e-02
9.150488409e-02
1.027930541e-01
9.514330960e-02
9.418662337e-02
1.046836119e-01
9.993055203e-02
9.237736564e-02
9.653566263e-02
9.284930792e-02
9.688207558e-02
1.034505961e-01
9.273254574e-02
1.029379088e-01
9.008723175e-02
9.318147712e-02
1.013092348e-01
9.637509404e-02
1.038269810e-01
1.003387942e-01
1.001383620e-01
9.277815195e-02
1.009008445e-01
1.040246359e-01
9.493782617e-02
9.958168530e-02
9.626845208e-02
9.879209999e-02
9.464791871e-02
1.016096782e-01
9.669843094e-02
9.513150631e-02
1.028361245e-01
9.473431991e-02
9.804567797e-02
9.244962007e-02
1.045936450e-01
1.000865036e-01
9.670048302e-02
1.026470942e-01
9.612368562e-02
1.001592923e-01
9.405244885e-02
1.047606803e-01
9.006584955e-02
1.037205700e-01
9.362315519e-02
9.959004027e-02
1.026012402e-01
1.021555148e-01
1.002626761e-01
9.579585744e-02
9.093687105e-02
9.808203300e-02
9.625742758e-02
1.025075662e-01
9.613295177e-02
9.923883753e-02
9.998541251e-02
1.032336075e-01
9.975316587e-02
1.036548565e-01
1.027576604e-01
1.049915352e-01
9.240425115e-02
9.198792036e-02
9.663583787e-02
9.502244050e-02
9.085118335e-02
1.007380350e-01
1.023357319e-01
9.996823328e-02
9.998113465e-02
9.279145755e-02
1.014245503e-01
9.614110865e-02
1.040551654e-01
9.437121114e-02
9.707586126e-02
1.019574823e-01
1.046212338e-01
1.034461015e-01
1.017389230e-01
1.022783278e-01
9.704940544e-02
1.024460912e-01
1.012453996e-01
9.890365888e-02
9.126064270e-02
9.023399251e-02
1.028411164e-01
1.030357137e-01
9.517828952e-02
9.961624209e-02
9.547816148e-02
9.436863189e-02
9.512408739e-02
9.665824468e-02
9.157770265e-02
1.033238759e-01
9.927691078e-02
1.003820429e-01
9.632881802e-02
1.016172467e-01
9.844398680e-02
9.075138440e-02
9.867625944e-02
1.012408934e-01
9.960142146e-02
9.181147225e-02
1.039308700e-01
9.023207907e-02
9.314887115e-02
1.025377525e-01
9.896843139e-02
9.702907590e-02
1.027442825e-01
9.050205080e-02
9.070861665e-02
9.204083883e-02
1.013378146e-01
1.022395396e-01
9.198385672e-02
9.628238281e-02
9.677600723e-02
1.014890078e-01
9.719872052e-02
9.111192337e-02
9.414106668e-02
1.013302462e-01
1.032106888e-01
9.153893921e-02
9.227185783e-02
1.027200061e-01
9.083662258e-02
9.700527201e-02
9.632745043e-02
9.404675173e-02
9.380068906e-02
1.043999685e-01
9.461655445e-02
1.001659999e-01
1.011211847e-01
1.004111141e-01
1.038248804e-01
9.399538378e-02
9.777385402e-02
9.241443218e-02
1.027649096e-01
9.578989310e-02
9.957761295e-02
1.012895201e-01
9.213917906e-02
1.036988981e-01
1.031447203e-01
9.794703765e-02
9.771262285e-02
1.003270785e-01
9.395135250e-02
1.035981359e-01
9.057568996e-02
9.071104700e-02
9.547530833e-02
1.040361463e-01
1.010135534e-01
9.124649395e-02
9.854597928e-02
9.514055415e-02
9.441522967e-02
9.340143884e-02
1.020436174e-01
9.388972693e-02
1.009096410e-01
1.008566009e-01
1.019712207e-01
1.043168301e-01
1.037648387e-01
9.403728180e-02
1.004836479e-01
9.034782222e-02
9.521179230e-02
9.986790513e-02
1.024680271e-01
9.125499146e-02
9.444871688e-02
9.532748417e-02
9.433235346e-02
9.265638966e-02
9.027628377e-02
9.366305946e-02
9.679139241e-02
9.474140629e-02
9.044075757e-02
9.993404997e-02
9.651880803e-02
9.385387065e-02
9.660157360e-02
9.626650565e-02
9.744846172e-02
9.669460227e-02
1.036386629e-01
9.080098552e-02
9.656886105e-02
9.321490662e-02
9.526556258e-02
1.010100773e-01
9.908831328e-02
9.938667290e-02
9.578388357e-02
9.295395447e-02
9.562454554e-02
9.051477406e-02
9.245012401e-02
9.987925988e-02
1.022557711e-01
9.979310076e-02
9.129688175e-02
1.003375865e-01
1.014721526e-01
9.426007026e-02
9.288645805e-02
1.006040091e-01
1.009544191e-01
1.005816269e-01
9.463070693e-02
9.519268417e-02
9.453528587e-02
9.308382554e-02
9.207326043e-02
9.723302298e-02
9.158618667e-02
9.160070507e-02
1.033607383e-01
9.126834648e-02
9.309281649e-02
9.327057988e-02
9.130048525e-02
9.172561430e-02
1.012455804e-01
9.882684664e-02
1.046926607e-01
9.990799730e-02
1.001179335e-01
1.047360886e-01
9.419639599e-02
1.041415119e-01
1.041038762e-01
9.501670720e-02
1.042340375e-01
9.301657126e-02
9.943772605e-02
9.030960814e-02
1.012234104e-01
1.027019979e-01
9.767033109e-02
1.047105258e-01
1.030567503e-01
1.008608240e-01
9.628141694e-02
9.055935407e-02
9.347054557e-02
1.035429822e-01
1.048849057e-01
9.202401531e-02
9.263169218e-02
9.036377642e-02
9.680648435e-02
9.578138002e-02
9.078858648e-02
9.605913046e-02
9.194573854e-02
9.811772886e-02
9.456671353e-02
9.143850904e-02
1.047218484e-01
9.461030098e-02
1.018922225e-01
9.730691884e-02
9.363157844e-02
9.371610634e-02
1.005468102e-01
9.198762265e-02
9.773053273e-02
9.597667676e-02
1.011226126e-01
1.002858506e-01
9.803765902e-02
9.048551335e-02
9.154991773e-02
1.033620959e-01
9.479427353e-02
1.000582782e-01
9.295542258e-02
9.205970569e-02
1.027809354e-01
9.112826001e-02
9.149903560e-02
1.009998464e-01
9.485408834e-02
1.006293632e-01
9.800101982e-02
1.002641369e-01
9.791446379e-02
1.010024080e-01
1.019559197e-01
1.012134979e-01
1.048406537e-01
1.010858656e-01
9.860248274e-02
1.011003943e-01
1.014347170e-01
9.717012386e-02
9.102720267e-02
9.129889424e-02
9.267241600e-02
9.802352368e-02
9.450795990e-02
9.028366499e-02
9.324662923e-02
9.313484603e-02
9.629970949e-02
9.132611337e-02
9.565115946e-02
9.158120248e-02
9.433529455e-02
1.030691361e-01
9.641637818e-02
9.922184278e-02
1.027204790e-01
9.687708660e-02
9.943647395e-02
9.052884003e-02
1.000552011e-01
9.156025107e-02
1.022224681e-01
1.013162616e-01
9.922439392e-02
9.843810770e-02
9.728031177e-02
9.056463066e-02
9.768400537e-02
1.030668422e-01
9.097045952e-02
1.003633074e-01
9.106257335e-02
1.043091200e-01
9.223652265e-02
9.856093141e-02
1.018907816e-01
9.759694029e-02
9.288115871e-02
1.031501268e-01
9.748467987e-02
9.894961394e-02
1.002314794e-01
9.121969974e-02
9.541190789e-02
1.022479431e-01
1.041658745e-01
9.200756597e-02
9.434729038e-02
9.016417276e-02
9.186536201e-02
9.468941163e-02
9.313522896e-02
9.792509299e-02
9.821886297e-02
9.960937851e-02
9.188161698e-02
1.016611123e-01
9.720812576e-02
9.376489106e-02
9.746424956e-02
9.294449457e-02
1.002043426e-01
9.458045767e-02
9.457143587e-02
9.873597161e-02
1.011953846e-01
9.029241295e-02
9.226811715e-02
1.032738525e-01
9.855485007e-02
9.274016198e-02
9.953607958e-02
1.048457995e-01
9.334894781e-02
9.894679164e-02
1.007922779e-01
1.017026080e-01
1.018800403e-01
9.506867520e-02
9.843619084e-02
9.967371894e-02
9.974272095e-02
9.410492163e-02
9.167196515e-02
9.854046722e-02
9.851350816e-02
9.853700024e-02
1.042386997e-01
9.008149743e-02
9.326662768e-02
1.041184436e-01
9.969253055e-02
9.242283643e-02
9.732563313e-02
9.276041977e-02
9.071044359e-02
1.032831641e-01
1.028140447e-01
9.746242378e-02
9.484305048e-02
9.389543600e-02
9.025855822e-02
1.034088628e-01
9.206047739e-02
9.338982019e-02
1.004801412e-01
9.460113766e-02
1.049139535e-01
9.040790623e-02
1.025981020e-01
1.001430867e-01
9.215994438e-02
1.048848585e-01
9.722967405e-02
1.041602705e-01
9.740093154e-02
9.684831845e-02
9.129253796e-02
9.878683165e-02
9.820643290e-02
9.605238685e-02
1.022812409e-01
9.119692261e-02
9.370863754e-02
1.007176867e-01
9.596318711e-02
1.011577192e-01
1.010588034e-01
9.308555130e-02
9.946619479e-02
9.928723378e-02
1.045176599e-01
1.014536861e-01
9.997002911e-02
9.324311826e-02
9.434621758e-02
9.945037680e-02
9.265288027e-02
9.497730131e-02
9.055305419e-02
1.007921133e-01
1.043923144e-01
9.446750562e-02
9.471175479e-02
9.411345034e-02
1.049462074e-01
9.235034647e-02
1.010353451e-01
9.060298574e-02
