9.113576546e-01
9.138456574e-01
9.085531134e-01
9.048969372e-01
9.104066669e-01
9.009156145e-01
9.103258024e-01
9.146858011e-01
9.088362601e-01
9.067829094e-01
9.148489841e-01
9.063001743e-01
9.139585332e-01
9.090226659e-01
9.080734058e-01
9.049669287e-01
9.059941998e-01
9.092385551e-01
9.081131908e-01
9.036936459e-01
9.062658865e-01
9.105934067e-01
9.111596618e-01
9.067588885e-01
9.149040988e-01
9.056251541e-01
9.081505087e-01
9.114399174e-01
9.112736355e-01
9.095922309e-01
9.092836885e-01
9.130128010e-01
9.036200663e-01
9.113922413e-01
9.134367732e-01
9.072369609e-01
9.127222806e-01
9.093952602e-01
9.101138790e-01
9.006771224e-01
9.116426413e-01
9.128472750e-01
9.135962599e-01
9.145238450e-01
9.038296747e-01
9.135394734e-01
9.003880390e-01
9.015986195e-01
9.096497505e-01
9.065122864e-01
9.136657679e-01
9.133936479e-01
9.091671733e-01
9.053397685e-01
9.028502860e-01
9.048760243e-01
9.148694351e-01
9.127883641e-01
9.097418656e-01
9.028879575e-01
9.045028955e-01
9.114069739e-01
9.041976603e-01
9.142470888e-01
9.012352351e-01
9.083250369e-01
9.134223785e-01
9.013438433e-01
9.054820663e-01
9.038015247e-01
9.099015805e-01
9.035690468e-01
9.046554352e-01
9.087942358e-01
9.098471145e-01
9.048772764e-01
9.016500409e-01
9.007451973e-01
9.143534720e-01
9.059539124e-01
9.133391382e-01
9.117017285e-01
9.133151155e-01
9.122397020e-01
9.093480205e-01
9.045341304e-01
9.053742107e-01
9.139108551e-01
9.066117724e-01
9.018708846e-01
9.141489109e-01
9.124165479e-01
9.131335631e-01
9.126453889e-01
9.073031894e-01
9.010539311e-01
9.012193025e-01
9.098317685e-01
9.037454191e-01
9.139442849e-01
9.138287894e-01
9.133730452e-01
9.034978631e-01
9.015224929e-01
9.032956936e-01
9.050574400e-01
9.122142554e-01
9.013890150e-01
9.106864971e-01
9.083323976e-01
9.054980372e-01
9.024082783e-01
9.090981911e-01
9.091409446e-01
9.012231874e-01
9.076773316e-01
9.073460354e-01
9.114492227e-01
9.005863861e-01
9.128724385e-01
9.021668100e-01
9.124224300e-01
9.030161866e-01
9.142259239e-01
9.054901496e-01
9.046202844e-01
9.049625894e-01
9.055650379e-01
9.057055750e-01
9.089930190e-01
9.119573860e-01
9.136606848e-01
9.005943681e-01
9.102408934e-01
9.054679941e-01
9.063503582e-01
9.142064249e-01
9.067308594e-01
9.082095799e-01
9.115635900e-01
9.051969749e-01
9.066921802e-01
9.042900916e-01
9.073265983e-01
9.007988910e-01
9.011654154e-01
9.100196268e-01
9.093019739e-01
9.113167875e-01
9.103323152e-01
9.046804218e-01
9.139113177e-01
9.094796259e-01
9.044907789e-01
9.096089465e-01
9.061699819e-01
9.091587009e-01
9.072230368e-01
9.131647138e-01
9.065830159e-01
9.101565027e-01
9.135940059e-01
9.092069230e-01
9.042348470e-01
9.130464943e-01
9.109162582e-01
9.014130726e-01
9.091067560e-01
9.081097057e-01
9.049809953e-01
9.000669435e-01
9.010772187e-01
9.142137487e-01
9.031640470e-01
9.065092918e-01
9.115907111e-01
9.098637100e-01
9.136225653e-01
9.067001242e-01
9.141443586e-01
9.069454832e-01
9.070810778e-01
9.097503946e-01
9.042013700e-01
9.078464454e-01
9.124099683e-01
9.054467212e-01
9.041054015e-01
9.023953843e-01
9.028335473e-01
9.149217200e-01
9.029664378e-01
9.075356129e-01
9.053059792e-01
9.027301802e-01
9.127167497e-01
9.003646856e-01
9.092818409e-01
9.028321349e-01
9.110494958e-01
9.040631592e-01
9.031101159e-01
9.079188161e-01
9.049202282e-01
9.127967206e-01
9.093624089e-01
9.141843285e-01
9.001534082e-01
9.049126742e-01
9.066760032e-01
9.055499646e-01
9.132089177e-01
9.010973853e-01
9.009046508e-01
9.114537131e-01
9.015146491e-01
9.103165487e-01
9.141015650e-01
9.052055941e-01
9.067395758e-01
9.111242205e-01
9.040159652e-01
9.057587188e-01
9.019766867e-01
9.003957413e-01
9.024538468e-01
9.019610737e-01
9.067879259e-01
9.070321367e-01
9.100764902e-01
9.135692619e-01
9.081703419e-01
9.080818323e-01
9.090609873e-01
9.026232662e-01
9.129999936e-01
9.033696397e-01
9.007370491e-01
9.104899590e-01
9.042243710e-01
9.016959645e-01
9.137494312e-01
9.122105971e-01
9.033411999e-01
9.008185135e-01
9.056862700e-01
9.054810828e-01
9.045122755e-01
9.099641721e-01
9.003408057e-01
9.092062689e-01
9.139457069e-01
9.095190461e-01
9.132987985e-01
9.084103519e-01
9.049930023e-01
9.060786409e-01
9.067804444e-01
9.092330940e-01
9.038373654e-01
9.100669489e-01
9.147085181e-01
9.042498954e-01
9.003921904e-01
9.131415512e-01
9.001896467e-01
9.145634715e-01
9.100056165e-01
9.129304262e-01
9.083996064e-01
9.075530269e-01
9.149852305e-01
9.023332606e-01
9.107325105e-01
9.050870156e-01
9.023954203e-01
9.125239533e-01
9.069655134e-01
9.064169487e-01
9.122827202e-01
9.031864075e-01
9.065155197e-01
9.108465709e-01
9.023030168e-01
9.103459452e-01
9.033682494e-01
9.044226189e-01
9.041629410e-01
9.060890281e-01
9.060160884e-01
9.121963351e-01
9.136531564e-01
9.050487254e-01
9.094220362e-01
9.023045446e-01
9.115453616e-01
9.119132689e-01
9.031293864e-01
9.057506446e-01
9.011249385e-01
9.127753546e-01
9.123880115e-01
9.029980658e-01
9.020810200e-01
9.102859398e-01
9.079167124e-01
9.000197347e-01
9.019896496e-01
9.033801448e-01
9.028107145e-01
9.126515416e-01
9.035671042e-01
9.006903212e-01
9.031254166e-01
9.054819069e-01
9.136769336e-01
9.061121166e-01
9.025594597e-01
9.005854507e-01
9.138299226e-01
9.019055160e-01
9.069576703e-01
9.096175519e-01
9.102067395e-01
9.129303902e-01
9.024249014e-01
9.031439860e-01
9.013097742e-01
9.135284720e-01
9.015533017e-01
9.090398813e-01
9.133624193e-01
9.069758997e-01
9.025378937e-01
9.114373340e-01
9.021527253e-01
9.146802070e-01
9.107622582e-01
9.119437418e-01
9.129815307e-01
9.078070699e-01
9.095205265e-01
9.098657041e-01
9.058040907e-01
9.009953034e-01
9.083950273e-01
9.054307617e-01
9.064767508e-01
9.096361490e-01
9.081840749e-01
9.004704508e-01
9.028319021e-01
9.010648722e-01
9.106270825e-01
9.108132056e-01
9.133266556e-01
9.008036703e-01
9.108558441e-01
9.114088961e-01
9.106529000e-01
9.056981780e-01
9.029217813e-01
9.112636647e-01
9.088790914e-01
9.113495926e-01
9.047254485e-01
9.041562617e-01
9.141051862e-01
9.067303993e-01
9.121609861e-01
9.039710571e-01
9.133553491e-01
9.093616226e-01
9.079739470e-01
9.047006190e-01
9.105334920e-01
9.048087652e-01
9.044691826e-01
9.132384520e-01
9.040802462e-01
9.139539701e-01
9.077088332e-01
9.122538508e-01
9.030525252e-01
9.137796829e-01
9.068812300e-01
9.031532034e-01
9.113360695e-01
9.027892859e-01
9.090231635e-01
9.145020854e-01
9.148851009e-01
9.067062259e-01
9.028534533e-01
9.124684284e-01
9.120181310e-01
9.070526510e-01
9.067724421e-01
9.127960839e-01
9.108676321e-01
9.130712410e-01
9.129376079e-01
9.034387016e-01
9.126855385e-01
9.096148150e-01
9.104109945e-01
9.032502244e-01
9.105110518e-01
9.079317506e-01
9.130658730e-01
9.066274876e-01
9.079175756e-01
9.117203654e-01
9.025351387e-01
9.036902758e-01
9.044629493e-01
9.097348503e-01
9.054877739e-01
9.102843810e-01
9.132534864e-01
9.064851322e-01
9.047490999e-01
9.089448721e-01
9.045974724e-01
9.025381881e-01
9.107045465e-01
9.118627229e-01
9.082736343e-01
9.018233943e-01
9.033718797e-01
9.134189369e-01
9.107795715e-01
9.085667761e-01
9.016066315e-01
9.052799823e-01
9.140859453e-01
9.038704467e-01
9.148173579e-01
9.010198981e-01
9.081931822e-01
9.050446476e-01
9.132152304e-01
9.086977487e-01
9.043881254e-01
9.070116359e-01
9.018771073e-01
9.036711085e-01
9.017403444e-01
9.014329223e-01
9.080332429e-01
9.135819782e-01
9.131253892e-01
9.112348447e-01
9.035686031e-01
9.081094057e-01
9.136007115e-01
9.025276525e-01
9.054053580e-01
9.004781980e-01
9.117567879e-01
9.020873977e-01
9.070162601e-01
9.120810938e-01
9.078764211e-01
9.034992255e-01
9.100217907e-01
9.052605188e-01
9.139235854e-01
9.082043500e-01
9.136468993e-01
9.072241686e-01
9.072038427e-01
9.036462013e-01
9.110114462e-01
9.088600453e-01
9.035305788e-01
9.021794572e-01
9.055335423e-01
9.042889164e-01
9.032846805e-01
9.016364252e-01
9.052857800e-01
9.013317654e-01
9.079919047e-01
9.131138218e-01
9.088505396e-01
9.107346494e-01
9.090988381e-01
9.062035606e-01
9.004142070e-01
9.034488660e-01
9.000422790e-01
9.119560777e-01
9.053645592e-01
9.032205781e-01
9.082480123e-01
9.138431121e-01
9.049780146e-01
9.112222277e-01
9.090173495e-01
