2.283079591e-01
2.275702399e-01
2.371845015e-01
2.386172356e-01
2.276647704e-01
2.377619937e-01
2.339608792e-01
2.313885016e-01
2.353153365e-01
2.272855579e-01
2.302991454e-01
2.313657328e-01
2.392283470e-01
2.283124634e-01
2.275418659e-01
2.315419888e-01
2.390958677e-01
2.354105876e-01
2.316414383e-01
2.286022414e-01
2.398962404e-01
2.349468775e-01
2.273563527e-01
2.253854431e-01
2.387730532e-01
2.262748068e-01
2.323520628e-01
2.335590342e-01
2.292062958e-01
2.388074574e-01
2.383925377e-01
2.382867300e-01
2.380853208e-01
2.291459008e-01
2.391636434e-01
2.399740829e-01
2.363050052e-01
2.333219138e-01
2.351682452e-01
2.257397563e-01
2.268072162e-01
2.386403662e-01
2.292831922e-01
2.388768968e-01
2.383288906e-01
2.328071099e-01
2.337801635e-01
2.370731328e-01
2.267061408e-01
2.381618001e-01
2.312159455e-01
2.262409740e-01
2.328970815e-01
2.273448827e-01
2.285936384e-01
2.300676936e-01
2.252737707e-01
2.384201872e-01
2.398582469e-01
2.283978731e-01
2.276279597e-01
2.394876670e-01
2.324050315e-01
2.332502796e-01
2.285512805e-01
2.273363827e-01
2.398883071e-01
2.367452352e-01
2.330519956e-01
2.380851713e-01
2.283018486e-01
2.283556176e-01
2.275118663e-01
2.354672237e-01
2.254670042e-01
2.294397083e-01
2.380226140e-01
2.333564735e-01
2.399162092e-01
2.345067620e-01
2.336406820e-01
2.368133287e-01
2.272509640e-01
2.262092001e-01
2.362269575e-01
2.287602008e-01
2.267045265e-01
2.339718042e-01
2.366140952e-01
2.388520611e-01
2.310653318e-01
2.353303911e-01
2.306131421e-01
2.366432149e-01
2.327102596e-01
2.291614014e-01
2.372590255e-01
2.304027509e-01
2.282529579e-01
2.344085430e-01
2.394239036e-01
2.373667545e-01
2.295826799e-01
2.289465714e-01
2.276143732e-01
2.290096875e-01
2.397012941e-01
2.350287566e-01
2.364151644e-01
2.324533687e-01
2.355258002e-01
2.311857925e-01
2.345950657e-01
2.257243157e-01
2.351697554e-01
2.294194122e-01
2.259425409e-01
2.330923137e-01
2.329419602e-01
2.272092974e-01
2.276397856e-01
2.315116868e-01
2.361714242e-01
2.382983854e-01
2.263644442e-01
2.372590768e-01
2.370315405e-01
2.250854430e-01
2.271168589e-01
2.397507543e-01
2.268206327e-01
2.255993590e-01
2.253809734e-01
2.321063301e-01
2.254457014e-01
2.256946778e-01
2.399669280e-01
2.265180660e-01
2.352328954e-01
2.397548938e-01
2.348292746e-01
2.250314739e-01
2.353347512e-01
2.335217373e-01
2.302197623e-01
2.258619721e-01
2.361093882e-01
2.292117565e-01
2.287194776e-01
2.394735783e-01
2.253545266e-01
2.361981299e-01
2.379416436e-01
2.352876499e-01
2.324688093e-01
2.257491329e-01
2.292666989e-01
2.253540626e-01
2.256220815e-01
2.277135939e-01
2.305600919e-01
2.399275352e-01
2.279553235e-01
2.377618195e-01
2.361771170e-01
2.254500783e-01
2.311397854e-01
2.368188123e-01
2.292655567e-01
2.264554245e-01
2.381468784e-01
2.254079689e-01
2.342807271e-01
2.283328576e-01
2.296976390e-01
2.379855981e-01
2.395279181e-01
2.258944025e-01
2.322094666e-01
2.363689463e-01
2.274799846e-01
2.356524516e-01
2.309725681e-01
2.384056871e-01
2.300839613e-01
2.267462186e-01
2.350627476e-01
2.298897243e-01
2.300079093e-01
2.296619395e-01
2.335151489e-01
2.320706696e-01
2.281025901e-01
2.364886421e-01
2.289072391e-01
2.288732534e-01
2.296208016e-01
2.364251937e-01
2.274903258e-01
2.349602563e-01
2.315984074e-01
2.353827992e-01
2.315926706e-01
2.326090773e-01
2.325272335e-01
2.343205274e-01
2.292437544e-01
2.285710973e-01
2.323224809e-01
2.351833564e-01
2.284991454e-01
2.259341676e-01
2.398999283e-01
2.250810255e-01
2.354931552e-01
2.382515592e-01
2.344876159e-01
2.271445308e-01
2.340541247e-01
2.331599350e-01
2.338647578e-01
2.290843737e-01
2.378820903e-01
2.337799304e-01
2.289445696e-01
2.320431567e-01
2.360434172e-01
2.286811574e-01
2.350023887e-01
2.387949769e-01
2.273157044e-01
2.303246586e-01
2.267828730e-01
2.284650074e-01
2.261199910e-01
2.331845711e-01
2.266082450e-01
2.307065792e-01
2.256416510e-01
2.274892932e-01
2.260450005e-01
2.357177260e-01
2.370457249e-01
2.294243175e-01
2.394707480e-01
2.284601193e-01
2.304952713e-01
2.293923834e-01
2.349093774e-01
2.359325255e-01
2.311832960e-01
2.262452400e-01
2.351582381e-01
2.266719643e-01
2.399798265e-01
2.336475417e-01
2.364208758e-01
2.322190921e-01
2.302920389e-01
2.280785125e-01
2.304810929e-01
2.324322086e-01
2.324626893e-01
2.321820541e-01
2.357512900e-01
2.318764332e-01
2.393672586e-01
2.313850207e-01
2.279024034e-01
2.254540043e-01
2.263472648e-01
2.392315888e-01
2.351510493e-01
2.277732798e-01
2.274210080e-01
2.382256141e-01
2.329407066e-01
2.333321938e-01
2.262668537e-01
2.306898899e-01
2.380040951e-01
2.395840984e-01
2.320241736e-01
2.266655077e-01
2.393580394e-01
2.375947921e-01
2.336999640e-01
2.288157074e-01
2.370658357e-01
2.308093648e-01
2.287918676e-01
2.252346478e-01
2.337901040e-01
2.346548813e-01
2.366741060e-01
2.362840894e-01
2.303948578e-01
2.271571405e-01
2.378347652e-01
2.375865589e-01
2.360922636e-01
2.306812149e-01
2.268380605e-01
2.258995520e-01
2.303765687e-01
2.348999565e-01
2.303412516e-01
2.290696890e-01
2.321397487e-01
2.255226316e-01
2.291870341e-01
2.286483585e-01
2.351774012e-01
2.379660065e-01
2.330224965e-01
2.261622578e-01
2.264191835e-01
2.330874759e-01
2.260269396e-01
2.353620591e-01
2.325387804e-01
2.295024234e-01
2.339837804e-01
2.383302336e-01
2.263280339e-01
2.325047974e-01
2.333837636e-01
2.324790059e-01
2.290737807e-01
2.316700080e-01
2.350405405e-01
2.367829067e-01
2.363089177e-01
2.321489312e-01
2.311838626e-01
2.399030738e-01
2.375843609e-01
2.336926808e-01
2.299058840e-01
2.392404977e-01
2.355242570e-01
2.319674846e-01
2.399522741e-01
2.382377740e-01
2.351588656e-01
2.285177171e-01
2.393445702e-01
2.265587370e-01
2.294483755e-01
2.259661613e-01
2.315533813e-01
2.354244253e-01
2.378584403e-01
2.250417335e-01
2.259887948e-01
2.320257385e-01
2.314867851e-01
2.260032885e-01
2.303261948e-01
2.297866742e-01
2.335600172e-01
2.261912725e-01
2.350321251e-01
2.260408819e-01
2.273222792e-01
2.295431524e-01
2.255255760e-01
2.327086038e-01
2.384029419e-01
2.317273841e-01
2.276810539e-01
2.306343882e-01
2.297639766e-01
2.252514305e-01
2.373339893e-01
2.295275350e-01
2.319215636e-01
2.398793578e-01
2.250901379e-01
2.311764785e-01
2.265283923e-01
2.374352457e-01
2.279544950e-01
2.364997996e-01
2.311526500e-01
2.301418445e-01
2.370979349e-01
2.304996327e-01
2.383074224e-01
2.371016983e-01
2.394586478e-01
2.356267926e-01
2.251299629e-01
2.253649241e-01
2.276488808e-01
2.255983287e-01
2.358755005e-01
2.290018410e-01
2.305466476e-01
2.255740407e-01
2.372153467e-01
2.315472222e-01
2.352911857e-01
2.285570792e-01
2.337025444e-01
2.294666030e-01
2.395180949e-01
2.265544652e-01
2.321304717e-01
2.381353668e-01
2.348021045e-01
2.389841014e-01
2.303184940e-01
2.289368609e-01
2.308990261e-01
2.394940730e-01
2.262905806e-01
2.255657702e-01
2.320666924e-01
2.391913768e-01
2.362005102e-01
2.316665965e-01
2.258715809e-01
2.282987647e-01
2.370059395e-01
2.304147403e-01
2.253882222e-01
2.311277525e-01
2.313032828e-01
2.366986169e-01
2.372876429e-01
2.295076292e-01
2.334673216e-01
2.338599529e-01
2.361049972e-01
2.268237411e-01
2.294828651e-01
2.275191894e-01
2.363903046e-01
2.318051333e-01
2.384470560e-01
2.259351813e-01
2.367072641e-01
2.321216830e-01
2.341500514e-01
2.297472388e-01
2.394381161e-01
2.301952007e-01
2.325227229e-01
2.319832996e-01
2.344321901e-01
2.360191503e-01
2.264787466e-01
2.350929861e-01
2.284977548e-01
2.312800638e-01
2.268857841e-01
2.385421367e-01
2.387105342e-01
2.259231694e-01
2.282998822e-01
2.376980063e-01
2.275844693e-01
2.385967820e-01
2.318059686e-01
2.388815887e-01
2.309433896e-01
2.298984522e-01
2.305019672e-01
2.280423961e-01
2.343650127e-01
2.384001752e-01
2.380430489e-01
2.271202279e-01
2.274446115e-01
2.374198249e-01
2.318835107e-01
2.289816927e-01
2.393390257e-01
2.273943860e-01
2.376022041e-01
2.282825739e-01
2.314972525e-01
2.333586092e-01
2.285468077e-01
2.323814991e-01
2.257403077e-01
2.370316161e-01
2.372063842e-01
2.328787460e-01
2.250954504e-01
2.261049455e-01
2.292500469e-01
2.336544842e-01
2.305111111e-01
2.329965780e-01
2.307967506e-01
2.370861802e-01
2.383267393e-01
2.331910767e-01
