3.681405414e-01
3.622729510e-01
3.646173389e-01
3.706981706e-01
3.700075072e-01
3.637115657e-01
3.621375560e-01
3.695625101e-01
3.629801511e-01
3.635348032e-01
3.700330378e-01
3.717662125e-01
3.634433077e-01
3.655753254e-01
3.619607496e-01
3.723895184e-01
3.673163168e-01
3.626789532e-01
3.698050242e-01
3.669807875e-01
3.683380014e-01
3.662479756e-01
3.702785321e-01
3.748089174e-01
3.665756820e-01
3.688840531e-01
3.606373643e-01
3.628245480e-01
3.658279508e-01
3.744159993e-01
3.725708043e-01
3.698022708e-01
3.668189212e-01
3.603358849e-01
3.613840691e-01
3.736684197e-01
3.680366770e-01
3.700286201e-01
3.731930666e-01
3.654635125e-01
3.739676681e-01
3.715031044e-01
3.676253372e-01
3.618119980e-01
3.734982452e-01
3.710644602e-01
3.745243550e-01
3.680248166e-01
3.720244114e-01
3.744883227e-01
3.719071933e-01
3.749496512e-01
3.743036736e-01
3.739026758e-01
3.738058934e-01
3.727466321e-01
3.677112459e-01
3.749669829e-01
3.618049061e-01
3.643770989e-01
3.665822757e-01
3.701423747e-01
3.630020454e-01
3.673335626e-01
3.683238662e-01
3.738465810e-01
3.701573706e-01
3.684605487e-01
3.608251734e-01
3.667437323e-01
3.719207676e-01
3.678760713e-01
3.708095975e-01
3.744452208e-01
3.711721573e-01
3.664341253e-01
3.680997857e-01
3.704302799e-01
3.663610512e-01
3.698318372e-01
3.729466286e-01
3.629584491e-01
3.626866353e-01
3.720964650e-01
3.666361660e-01
3.713988203e-01
3.682246901e-01
3.695325481e-01
3.724790502e-01
3.652285536e-01
3.736889888e-01
3.675617503e-01
3.699957280e-01
3.743383025e-01
3.649929195e-01
3.674021889e-01
3.666496704e-01
3.618893880e-01
3.730059467e-01
3.685612378e-01
3.688299987e-01
3.624093148e-01
3.667379973e-01
3.718224898e-01
3.733454084e-01
3.681200253e-01
3.731950850e-01
3.724700227e-01
3.683555236e-01
3.621935112e-01
3.650691191e-01
3.645540463e-01
3.691774479e-01
3.722305001e-01
3.708057541e-01
3.639270782e-01
3.685167592e-01
3.735628062e-01
3.609449932e-01
3.749032011e-01
3.649161406e-01
3.693896393e-01
3.744089141e-01
3.602154306e-01
3.609004034e-01
3.634147794e-01
3.739940603e-01
3.677397747e-01
3.701416687e-01
3.734456588e-01
3.714970716e-01
3.694840161e-01
3.661030335e-01
3.643105314e-01
3.666119054e-01
3.665894907e-01
3.641550841e-01
3.610120750e-01
3.623657268e-01
3.701246924e-01
3.610355985e-01
3.690350501e-01
3.649744643e-01
3.644252473e-01
3.716393767e-01
3.642320326e-01
3.670205380e-01
3.689693029e-01
3.683507242e-01
3.714321720e-01
3.613573736e-01
3.715942603e-01
3.744139944e-01
3.644975823e-01
3.710615784e-01
3.601671822e-01
3.726261937e-01
3.635186403e-01
3.709028331e-01
3.672999725e-01
3.617620080e-01
3.732338490e-01
3.717229370e-01
3.733931642e-01
3.701292955e-01
3.722375072e-01
3.623158739e-01
3.724277595e-01
3.716253203e-01
3.679533408e-01
3.640891894e-01
3.703356998e-01
3.643693854e-01
3.700126405e-01
3.652374286e-01
3.661107396e-01
3.665026525e-01
3.646669375e-01
3.737569369e-01
3.702333888e-01
3.724308183e-01
3.718574356e-01
3.728509708e-01
3.729634823e-01
3.657578793e-01
3.611519630e-01
3.747298413e-01
3.636333331e-01
3.622557903e-01
3.615960637e-01
3.653593360e-01
3.606559245e-01
3.610624626e-01
3.659485948e-01
3.689543279e-01
3.611754550e-01
3.663024140e-01
3.698963822e-01
3.659610536e-01
3.622129743e-01
3.693124896e-01
3.662304803e-01
3.661862365e-01
3.692926703e-01
3.609735570e-01
3.661749317e-01
3.658798466e-01
3.647331658e-01
3.641460772e-01
3.617269759e-01
3.667325546e-01
3.695050460e-01
3.641750102e-01
3.659945662e-01
3.649206475e-01
3.609996039e-01
3.649818687e-01
3.666421367e-01
3.745944402e-01
3.705840364e-01
3.654967545e-01
3.670274791e-01
3.637041803e-01
3.610984825e-01
3.663824198e-01
3.738211776e-01
3.627170666e-01
3.720083923e-01
3.737818580e-01
3.681090471e-01
3.744365048e-01
3.658498172e-01
3.669142402e-01
3.609323982e-01
3.748053748e-01
3.609019427e-01
3.715855751e-01
3.706225877e-01
3.738785106e-01
3.635696485e-01
3.732512052e-01
3.601606536e-01
3.700097404e-01
3.633631582e-01
3.674639704e-01
3.666801685e-01
3.609095403e-01
3.699838868e-01
3.701281892e-01
3.646668263e-01
3.674801618e-01
3.738181746e-01
3.717040260e-01
3.747683988e-01
3.616381791e-01
3.650545802e-01
3.624890988e-01
3.657473855e-01
3.662523162e-01
3.672978433e-01
3.625828312e-01
3.712070300e-01
3.654793740e-01
3.718322392e-01
3.712044920e-01
3.710963524e-01
3.747879698e-01
3.640287060e-01
3.692200948e-01
3.655625544e-01
3.682056253e-01
3.705617207e-01
3.622339184e-01
3.609675247e-01
3.623031644e-01
3.657086068e-01
3.684783855e-01
3.737787664e-01
3.691108356e-01
3.701118694e-01
3.679772604e-01
3.675350847e-01
3.725909107e-01
3.709232123e-01
3.624126427e-01
3.611819433e-01
3.735979998e-01
3.682522591e-01
3.688451538e-01
3.687345288e-01
3.627860909e-01
3.683770515e-01
3.685617022e-01
3.731011787e-01
3.670554265e-01
3.748752134e-01
3.660362157e-01
3.666062717e-01
3.719724045e-01
3.693157099e-01
3.674276770e-01
3.618287973e-01
3.738470864e-01
3.649646914e-01
3.675581809e-01
3.688790664e-01
3.600070834e-01
3.648252994e-01
3.651794680e-01
3.629049700e-01
3.624837991e-01
3.715486706e-01
3.695153882e-01
3.639287298e-01
3.642009335e-01
3.660543394e-01
3.694683130e-01
3.718361836e-01
3.628511771e-01
3.667232407e-01
3.667931826e-01
3.658254169e-01
3.702261002e-01
3.678210289e-01
3.690917642e-01
3.670659380e-01
3.683387394e-01
3.681756018e-01
3.709092274e-01
3.735625005e-01
3.745165713e-01
3.730976881e-01
3.662067508e-01
3.722903699e-01
3.669829953e-01
3.739743973e-01
3.725698124e-01
3.647887889e-01
3.690680068e-01
3.648987779e-01
3.740651210e-01
3.684505006e-01
3.710524189e-01
3.718528802e-01
3.683679533e-01
3.660507053e-01
3.615805807e-01
3.632628110e-01
3.673277477e-01
3.709618351e-01
3.727047671e-01
3.726019003e-01
3.646259861e-01
3.620406180e-01
3.735242094e-01
3.715339880e-01
3.692465439e-01
3.726367471e-01
3.641081397e-01
3.706852294e-01
3.727801684e-01
3.662069201e-01
3.627554601e-01
3.652016701e-01
3.620537030e-01
3.612557625e-01
3.735756258e-01
3.697482647e-01
3.725069819e-01
3.641943401e-01
3.662050176e-01
3.712663134e-01
3.749476095e-01
3.746324698e-01
3.688641440e-01
3.640415871e-01
3.650910407e-01
3.699989030e-01
3.669052733e-01
3.632105286e-01
3.639354607e-01
3.741135755e-01
3.600498543e-01
3.635699623e-01
3.713317231e-01
3.723201336e-01
3.701512158e-01
3.643004033e-01
3.699113774e-01
3.638771088e-01
3.628077883e-01
3.669270383e-01
3.713431408e-01
3.647057229e-01
3.676266176e-01
3.673707023e-01
3.688702713e-01
3.718055735e-01
3.636439626e-01
3.639711446e-01
3.624959453e-01
3.721091737e-01
3.726311932e-01
3.636564521e-01
3.618201841e-01
3.703370368e-01
3.680454595e-01
3.708999540e-01
3.702688858e-01
3.699945452e-01
3.629089375e-01
3.664947846e-01
3.602749643e-01
3.649224961e-01
3.679460548e-01
3.720275437e-01
3.653537831e-01
3.737090514e-01
3.631895236e-01
3.698254096e-01
3.615706782e-01
3.604810580e-01
3.687730461e-01
3.634465670e-01
3.645292852e-01
3.728938161e-01
3.600653504e-01
3.676834180e-01
3.674711399e-01
3.748033018e-01
3.655758203e-01
3.668903597e-01
3.655801536e-01
3.718880323e-01
3.681038410e-01
3.625941944e-01
3.689017113e-01
3.716502737e-01
3.605752637e-01
3.746742645e-01
3.606879682e-01
3.717182743e-01
3.674315131e-01
3.652205621e-01
3.611492326e-01
3.724089611e-01
3.660594567e-01
3.702847803e-01
3.616635280e-01
3.649788148e-01
3.700548605e-01
3.724549533e-01
3.675966138e-01
3.737953444e-01
3.661691101e-01
3.693571854e-01
3.645233336e-01
3.720790832e-01
3.691702344e-01
3.737740489e-01
3.600166320e-01
3.737048693e-01
3.608933801e-01
3.629615710e-01
3.681532177e-01
3.747008094e-01
3.669744671e-01
3.726905667e-01
3.707324656e-01
3.694018313e-01
3.691628574e-01
3.721843560e-01
3.684569989e-01
3.615026497e-01
3.730651224e-01
3.631419744e-01
3.703894185e-01
3.608755610e-01
3.681846677e-01
3.613386775e-01
3.604688583e-01
3.694333009e-01
3.612806421e-01
3.638266828e-01
3.668707926e-01
3.624191346e-01
3.600916855e-01
3.705395337e-01
3.650820970e-01
3.696133886e-01
3.746780552e-01
3.649973933e-01
3.731658616e-01
3.676315450e-01
3.724265791e-01
3.690088453e-01
3.716807503e-01
3.714481684e-01
3.613796395e-01
3.654626514e-01
