3.093325569e-01
3.096118579e-01
3.039293750e-01
3.044888490e-01
3.084630733e-01
3.078421313e-01
3.103893054e-01
3.010236543e-01
3.135533479e-01
3.125618424e-01
3.113228810e-01
3.058168985e-01
3.099351656e-01
3.090381128e-01
3.144871508e-01
3.069218601e-01
3.096257934e-01
3.069042868e-01
3.041604246e-01
3.003129761e-01
3.138124525e-01
3.066318694e-01
3.084501626e-01
3.039453450e-01
3.095331661e-01
3.032522719e-01
3.108121912e-01
3.075917599e-01
3.137446757e-01
3.125874673e-01
3.095899196e-01
3.033802247e-01
3.058330735e-01
3.005665819e-01
3.062878189e-01
3.037508921e-01
3.004204730e-01
3.103976574e-01
3.061990004e-01
3.026355718e-01
3.029201821e-01
3.050780799e-01
3.071688595e-01
3.091224707e-01
3.060268814e-01
3.003487893e-01
3.127898660e-01
3.067850517e-01
3.057691339e-01
3.022736955e-01
3.143856457e-01
3.090566955e-01
3.090414123e-01
3.104258438e-01
3.127495675e-01
3.041857237e-01
3.110762211e-01
3.019634319e-01
3.076573987e-01
3.050620993e-01
3.106418261e-01
3.128630309e-01
3.057418569e-01
3.031917488e-01
3.137131951e-01
3.114980666e-01
3.010531645e-01
3.113680598e-01
3.079804839e-01
3.049373507e-01
3.003160381e-01
3.055272043e-01
3.022584039e-01
3.028480150e-01
3.023555370e-01
3.111783828e-01
3.055290861e-01
3.065211703e-01
3.133217570e-01
3.137003456e-01
3.134187463e-01
3.147615003e-01
3.129418174e-01
3.065368399e-01
3.103317135e-01
3.027378878e-01
3.083359721e-01
3.114363910e-01
3.127882749e-01
3.028116726e-01
3.142435017e-01
3.049534920e-01
3.144555480e-01
3.039533659e-01
3.108079300e-01
3.031099751e-01
3.096195278e-01
3.135028014e-01
3.145324093e-01
3.096658051e-01
3.146700236e-01
3.059048460e-01
3.032290214e-01
3.016151317e-01
3.020246575e-01
3.079965771e-01
3.118401585e-01
3.007490268e-01
3.141851272e-01
3.041328628e-01
3.136695581e-01
3.040735150e-01
3.025963448e-01
3.073169760e-01
3.002937675e-01
3.051891330e-01
3.085922493e-01
3.045631737e-01
3.074548894e-01
3.046199966e-01
3.016551627e-01
3.003186498e-01
3.017942849e-01
3.094804593e-01
3.119392415e-01
3.084175443e-01
3.053872176e-01
3.054832104e-01
3.046601090e-01
3.029198029e-01
3.141690237e-01
3.070879352e-01
3.024140868e-01
3.043137089e-01
3.136077477e-01
3.125831752e-01
3.133965002e-01
3.001088367e-01
3.069058874e-01
3.096924709e-01
3.065478467e-01
3.118987653e-01
3.083013018e-01
3.144682328e-01
3.049027234e-01
3.085261202e-01
3.032062694e-01
3.021014788e-01
3.052160497e-01
3.012315806e-01
3.063596874e-01
3.028051252e-01
3.012913732e-01
3.069393818e-01
3.142877364e-01
3.109713621e-01
3.134408007e-01
3.054234521e-01
3.059427194e-01
3.147741812e-01
3.127173428e-01
3.050278332e-01
3.093569715e-01
3.147042420e-01
3.121389914e-01
3.107370581e-01
3.024033771e-01
3.082864502e-01
3.105843663e-01
3.029900647e-01
3.073190794e-01
3.010128766e-01
3.072751013e-01
3.071716551e-01
3.047161745e-01
3.147558922e-01
3.120179598e-01
3.019592561e-01
3.009130760e-01
3.006490673e-01
3.053893414e-01
3.034334131e-01
3.054268689e-01
3.053290202e-01
3.120063874e-01
3.005852743e-01
3.125097879e-01
3.091610897e-01
3.061640072e-01
3.101063370e-01
3.086364586e-01
3.044444585e-01
3.115842150e-01
3.026372907e-01
3.036599605e-01
3.082682058e-01
3.130780840e-01
3.066943135e-01
3.055600655e-01
3.122360861e-01
3.149817589e-01
3.003461910e-01
3.113235457e-01
3.069942999e-01
3.121097034e-01
3.005241768e-01
3.081033633e-01
3.000727349e-01
3.050643074e-01
3.108486751e-01
3.139112868e-01
3.114818277e-01
3.103541977e-01
3.090651874e-01
3.081981510e-01
3.137058099e-01
3.012997963e-01
3.096573579e-01
3.097706385e-01
3.056658353e-01
3.081826954e-01
3.069112630e-01
3.066220226e-01
3.067058296e-01
3.136323711e-01
3.138104639e-01
3.134152028e-01
3.017745558e-01
3.039014533e-01
3.064498987e-01
3.045378354e-01
3.039438665e-01
3.023639536e-01
3.087539810e-01
3.134946912e-01
3.001113975e-01
3.079971829e-01
3.134078236e-01
3.112820081e-01
3.038128800e-01
3.096783489e-01
3.006507167e-01
3.045143926e-01
3.064673733e-01
3.044530236e-01
3.130098727e-01
3.107641574e-01
3.015966665e-01
3.081604997e-01
3.140520448e-01
3.056579127e-01
3.092269842e-01
3.062029747e-01
3.111484382e-01
3.134668119e-01
3.089272252e-01
3.147959833e-01
3.122747726e-01
3.131830890e-01
3.080645566e-01
3.029258295e-01
3.064465032e-01
3.130398187e-01
3.103288724e-01
3.112728614e-01
3.123851549e-01
3.126173935e-01
3.078327053e-01
3.087242519e-01
3.059561093e-01
3.136261029e-01
3.016584715e-01
3.102826015e-01
3.112867634e-01
3.127266103e-01
3.021452554e-01
3.018154595e-01
3.044183406e-01
3.009218159e-01
3.006688637e-01
3.109892555e-01
3.022881368e-01
3.089987872e-01
3.041883762e-01
3.099071254e-01
3.129130564e-01
3.078962222e-01
3.132123210e-01
3.053778838e-01
3.000915888e-01
3.008548935e-01
3.132143228e-01
3.068381087e-01
3.114937556e-01
3.076972589e-01
3.000553392e-01
3.045520373e-01
3.012242202e-01
3.069977510e-01
3.093513752e-01
3.086074789e-01
3.096379180e-01
3.024372148e-01
3.133156401e-01
3.023236349e-01
3.131668953e-01
3.140901668e-01
3.067853287e-01
3.063499376e-01
3.073957965e-01
3.120799007e-01
3.041069837e-01
3.040159948e-01
3.102397286e-01
3.071738994e-01
3.063562617e-01
3.061362096e-01
3.149458174e-01
3.016094192e-01
3.077851573e-01
3.123918232e-01
3.095085977e-01
3.053674804e-01
3.002637966e-01
3.133806166e-01
3.130043015e-01
3.035844652e-01
3.114582100e-01
3.031883698e-01
3.125172352e-01
3.131478007e-01
3.055062807e-01
3.128636437e-01
3.021429512e-01
3.111434558e-01
3.036484807e-01
3.085829549e-01
3.003869247e-01
3.112870605e-01
3.092617739e-01
3.032267875e-01
3.007771184e-01
3.145181497e-01
3.014745128e-01
3.008134603e-01
3.080542262e-01
3.026631176e-01
3.067916668e-01
3.022037322e-01
3.055270907e-01
3.002710133e-01
3.053770402e-01
3.014819455e-01
3.105960560e-01
3.037029267e-01
3.049853430e-01
3.085548886e-01
3.025411931e-01
3.135767017e-01
3.021317222e-01
3.056476690e-01
3.011491816e-01
3.077620729e-01
3.086713575e-01
3.009803407e-01
3.138012732e-01
3.060699277e-01
3.046199234e-01
3.078707613e-01
3.094319301e-01
3.074891685e-01
3.124287220e-01
3.089682663e-01
3.015416234e-01
3.099315135e-01
3.036458766e-01
3.023955339e-01
3.001806386e-01
3.011153150e-01
3.082291128e-01
3.007004107e-01
3.133917688e-01
3.104769117e-01
3.114992708e-01
3.086716393e-01
3.116355344e-01
3.041353649e-01
3.111128770e-01
3.120358166e-01
3.040148507e-01
3.136293222e-01
3.094345367e-01
3.085353846e-01
3.026611203e-01
3.001826355e-01
3.065175263e-01
3.093462754e-01
3.121476103e-01
3.065425759e-01
3.094015606e-01
3.007166742e-01
3.023256839e-01
3.039015548e-01
3.009067900e-01
3.136281561e-01
3.012034458e-01
3.081578371e-01
3.102814697e-01
3.061236897e-01
3.068137328e-01
3.030038816e-01
3.042571247e-01
3.131055017e-01
3.097368650e-01
3.091067397e-01
3.136281378e-01
3.054052379e-01
3.097476004e-01
3.112862717e-01
3.003684736e-01
3.048010968e-01
3.010463957e-01
3.013708393e-01
3.040866816e-01
3.008730413e-01
3.145993707e-01
3.030452382e-01
3.077204862e-01
3.145045009e-01
3.142715060e-01
3.001078807e-01
3.080087678e-01
3.104226863e-01
3.030059826e-01
3.139779657e-01
3.035753924e-01
3.143132323e-01
3.012268781e-01
3.093545356e-01
3.054108952e-01
3.121250781e-01
3.042592839e-01
3.102359292e-01
3.098525519e-01
3.035317216e-01
3.038152268e-01
3.099807190e-01
3.015307974e-01
3.068899999e-01
3.049490613e-01
3.076962199e-01
3.009910832e-01
3.088668736e-01
3.024503130e-01
3.056401818e-01
3.007232800e-01
3.112833261e-01
3.067865796e-01
3.081229857e-01
3.056389763e-01
3.024013759e-01
3.064061456e-01
3.058819244e-01
3.065517705e-01
3.048220193e-01
3.031522689e-01
3.020959973e-01
3.044103739e-01
3.073758302e-01
3.063152637e-01
3.022499480e-01
3.015305357e-01
3.139635752e-01
3.089671988e-01
3.123788443e-01
3.011254267e-01
3.124416884e-01
3.019414862e-01
3.141858810e-01
3.026364328e-01
3.148046680e-01
3.015748991e-01
3.002012651e-01
3.027675866e-01
3.120408873e-01
3.106571945e-01
3.053034086e-01
3.035047876e-01
3.060223156e-01
3.117867011e-01
3.118745406e-01
3.026193256e-01
3.001867188e-01
3.038236455e-01
3.119334416e-01
3.055917205e-01
3.011704200e-01
3.035304414e-01
3.005864710e-01
3.100905369e-01
