7.922174479e-01
7.893568929e-01
7.878177902e-01
7.897977656e-01
7.813347247e-01
7.807849827e-01
7.881016005e-01
7.827099745e-01
7.875307247e-01
7.848281389e-01
7.853992390e-01
7.947575333e-01
7.844337741e-01
7.949461645e-01
7.885177166e-01
7.909329737e-01
7.943515560e-01
7.876903402e-01
7.899227718e-01
7.887343633e-01
7.928820091e-01
7.833172503e-01
7.800804184e-01
7.932296826e-01
7.913396890e-01
7.901621740e-01
7.852394058e-01
7.924806120e-01
7.887296922e-01
7.867879836e-01
7.851077183e-01
7.904541208e-01
7.898949800e-01
7.800178266e-01
7.882621355e-01
7.888643233e-01
7.812910780e-01
7.864814488e-01
7.834041216e-01
7.920877564e-01
7.801257061e-01
7.904485238e-01
7.830941162e-01
7.891482494e-01
7.892494969e-01
7.825651286e-01
7.884842321e-01
7.937541344e-01
7.835702329e-01
7.818517568e-01
7.929333525e-01
7.891281494e-01
7.944169193e-01
7.935623119e-01
7.910084372e-01
7.904446291e-01
7.826463520e-01
7.822224567e-01
7.898946633e-01
7.847547984e-01
7.929914157e-01
7.940597819e-01
7.849349989e-01
7.911750220e-01
7.828039032e-01
7.866608300e-01
7.942120429e-01
7.921971068e-01
7.831029325e-01
7.914818653e-01
7.914005129e-01
7.850867370e-01
7.844352606e-01
7.800494653e-01
7.861840893e-01
7.937611517e-01
7.810515420e-01
7.924101869e-01
7.859519364e-01
7.863834252e-01
7.847316291e-01
7.835720526e-01
7.925083439e-01
7.924595982e-01
7.929600083e-01
7.804752305e-01
7.929350256e-01
7.936524597e-01
7.820883979e-01
7.864146892e-01
7.886413819e-01
7.939513372e-01
7.808767641e-01
7.817725164e-01
7.924628596e-01
7.900328524e-01
7.936970710e-01
7.918289601e-01
7.856909537e-01
7.835336413e-01
7.925998583e-01
7.874674021e-01
7.921776892e-01
7.883863163e-01
7.897990930e-01
7.884242791e-01
7.813546592e-01
7.880036312e-01
7.871049076e-01
7.894454447e-01
7.902062875e-01
7.804512998e-01
7.801233397e-01
7.915662278e-01
7.858912321e-01
7.802415395e-01
7.864591379e-01
7.848685273e-01
7.816864263e-01
7.934528645e-01
7.935300613e-01
7.823867982e-01
7.817154653e-01
7.860249063e-01
7.858194849e-01
7.934659745e-01
7.886735431e-01
7.840884499e-01
7.862552241e-01
7.901269488e-01
7.881655110e-01
7.880764102e-01
7.827158078e-01
7.838553600e-01
7.873165877e-01
7.925057331e-01
7.833581353e-01
7.819741633e-01
7.826511882e-01
7.836905949e-01
7.882743070e-01
7.856524504e-01
7.848827671e-01
7.871937299e-01
7.816978392e-01
7.869083494e-01
7.802719690e-01
7.801596884e-01
7.946408151e-01
7.946615260e-01
7.913865695e-01
7.806749001e-01
7.884133268e-01
7.899945110e-01
7.852734566e-01
7.837630819e-01
7.917603911e-01
7.927333024e-01
7.918169786e-01
7.866488189e-01
7.948417339e-01
7.871878975e-01
7.930393407e-01
7.812516117e-01
7.805169560e-01
7.816903879e-01
7.903732311e-01
7.940459417e-01
7.827451786e-01
7.831866749e-01
7.840504038e-01
7.853611614e-01
7.896422892e-01
7.920290968e-01
7.871191786e-01
7.878591399e-01
7.801225917e-01
7.866004452e-01
7.909231388e-01
7.859077730e-01
7.826434920e-01
7.906344235e-01
7.847738786e-01
7.886071766e-01
7.855302882e-01
7.894935823e-01
7.856748378e-01
7.882748224e-01
7.860448424e-01
7.819547461e-01
7.821109399e-01
7.852569801e-01
7.831149910e-01
7.843690026e-01
7.862560936e-01
7.836678808e-01
7.921074386e-01
7.918952160e-01
7.821814062e-01
7.873351635e-01
7.855767878e-01
7.808769649e-01
7.910789323e-01
7.816836687e-01
7.940368153e-01
7.836486944e-01
7.866627068e-01
7.914432844e-01
7.805140703e-01
7.918165968e-01
7.949445768e-01
7.847237120e-01
7.807335521e-01
7.922251931e-01
7.813507059e-01
7.875876908e-01
7.811838621e-01
7.913503834e-01
7.845324966e-01
7.826039998e-01
7.807179019e-01
7.889099594e-01
7.931812204e-01
7.807287863e-01
7.809322972e-01
7.843992929e-01
7.864324043e-01
7.806161574e-01
7.901633749e-01
7.822833319e-01
7.813893520e-01
7.943855439e-01
7.888669987e-01
7.804929987e-01
7.925971351e-01
7.834715911e-01
7.925309620e-01
7.803930146e-01
7.931353679e-01
7.815772183e-01
7.902353380e-01
7.887286162e-01
7.814270237e-01
7.810813869e-01
7.852255324e-01
7.892986629e-01
7.867006050e-01
7.871955729e-01
7.927646968e-01
7.809238786e-01
7.866376015e-01
7.852366926e-01
7.905512167e-01
7.938772079e-01
7.825867465e-01
7.800531771e-01
7.933666864e-01
7.839977443e-01
7.903975970e-01
7.886628325e-01
7.916733856e-01
7.842854776e-01
7.808620286e-01
7.902882269e-01
7.842541214e-01
7.942606944e-01
7.817184721e-01
7.836489066e-01
7.912427353e-01
7.814824442e-01
7.894093471e-01
7.949106033e-01
7.927992712e-01
7.925729357e-01
7.895852972e-01
7.936879778e-01
7.805427990e-01
7.846148837e-01
7.898610247e-01
7.802391289e-01
7.882149018e-01
7.811651685e-01
7.912035294e-01
7.846970493e-01
7.944712511e-01
7.833421725e-01
7.941741704e-01
7.821784127e-01
7.918886820e-01
7.806698381e-01
7.867886200e-01
7.877349788e-01
7.895523263e-01
7.911607370e-01
7.813664448e-01
7.884051985e-01
7.865550946e-01
7.856713317e-01
7.850369205e-01
7.815146833e-01
7.873278696e-01
7.911704881e-01
7.875890399e-01
7.887982242e-01
7.922491067e-01
7.830703630e-01
7.931368501e-01
7.858870355e-01
7.825018185e-01
7.835920240e-01
7.889115744e-01
7.917166050e-01
7.896893633e-01
7.804393777e-01
7.864425837e-01
7.823515004e-01
7.833754628e-01
7.941895537e-01
7.922892929e-01
7.878408051e-01
7.890539570e-01
7.926695159e-01
7.812249934e-01
7.938647937e-01
7.918454648e-01
7.822764235e-01
7.891320562e-01
7.806431575e-01
7.807844349e-01
7.827084933e-01
7.846832982e-01
7.804244306e-01
7.880873013e-01
7.874268214e-01
7.878013411e-01
7.901753779e-01
7.882138318e-01
7.910183779e-01
7.915727189e-01
7.835122839e-01
7.939742218e-01
7.829156246e-01
7.946008146e-01
7.858271642e-01
7.858788056e-01
7.880548515e-01
7.939236074e-01
7.844800450e-01
7.901412720e-01
7.919420573e-01
7.872920571e-01
7.861110755e-01
7.870718536e-01
7.880201726e-01
7.931321869e-01
7.814181502e-01
7.800870728e-01
7.917737922e-01
7.935295180e-01
7.898107086e-01
7.856634730e-01
7.871277173e-01
7.861686998e-01
7.832984995e-01
7.915329154e-01
7.875768636e-01
7.892803884e-01
7.871477560e-01
7.820323305e-01
7.924342221e-01
7.933196095e-01
7.833699671e-01
7.826088905e-01
7.873084123e-01
7.840406881e-01
7.872011731e-01
7.913559823e-01
7.903659684e-01
7.807906848e-01
7.819679282e-01
7.846978738e-01
7.870394336e-01
7.839724948e-01
7.822901274e-01
7.874017434e-01
7.818290163e-01
7.909747801e-01
7.820445665e-01
7.901155054e-01
7.933256900e-01
7.854423408e-01
7.818924331e-01
7.857345926e-01
7.849926014e-01
7.876783671e-01
7.821282572e-01
7.893396800e-01
7.949522212e-01
7.903446893e-01
7.885940524e-01
7.941892950e-01
7.897006719e-01
7.835328365e-01
7.821932852e-01
7.944138878e-01
7.823303201e-01
7.908664796e-01
7.897226185e-01
7.876178859e-01
7.949533586e-01
7.909013753e-01
7.933142547e-01
7.813050442e-01
7.902680837e-01
7.855078099e-01
7.926689539e-01
7.846247967e-01
7.942018220e-01
7.857837174e-01
7.841679601e-01
7.913902987e-01
7.857724659e-01
7.842875957e-01
7.847406727e-01
7.890267339e-01
7.811954939e-01
7.836688739e-01
7.918564676e-01
7.857635698e-01
7.827096364e-01
7.873487011e-01
7.850041324e-01
7.861057205e-01
7.818159905e-01
7.849678751e-01
7.801635060e-01
7.864378634e-01
7.909906223e-01
7.847437100e-01
7.833279311e-01
7.835796461e-01
7.922871770e-01
7.876733800e-01
7.900375059e-01
7.935272844e-01
7.932385071e-01
7.914641132e-01
7.937894169e-01
7.939238444e-01
7.922930728e-01
7.814925422e-01
7.933330387e-01
7.893168715e-01
7.837931197e-01
7.876921678e-01
7.804349773e-01
7.892465853e-01
7.912329718e-01
7.844748642e-01
7.854020663e-01
7.856479244e-01
7.819277287e-01
7.837640847e-01
7.840877904e-01
7.812259801e-01
7.947873273e-01
7.918834581e-01
7.881220078e-01
7.867584665e-01
7.823289075e-01
7.812965754e-01
7.805912788e-01
7.853842879e-01
7.935871587e-01
7.937217276e-01
7.859089333e-01
7.886166673e-01
7.823319352e-01
7.831470341e-01
7.912100562e-01
7.840555398e-01
7.877304130e-01
7.937486674e-01
7.844573632e-01
7.896893590e-01
7.873481752e-01
7.853777049e-01
7.819862842e-01
7.850422129e-01
7.861313601e-01
7.853527897e-01
7.900146941e-01
7.908187274e-01
7.843649295e-01
7.937313450e-01
7.881207137e-01
7.914991680e-01
7.944411316e-01
7.878340616e-01
7.826312558e-01
