6.927873082e-02
6.867340277e-02
6.018191937e-02
7.196655454e-02
6.903340960e-02
6.491616394e-02
6.716308449e-02
6.633924338e-02
7.474085999e-02
7.281622082e-02
7.000260797e-02
7.428714852e-02
6.152956405e-02
7.482373111e-02
7.347317662e-02
6.572694635e-02
7.026603631e-02
6.756701054e-02
6.613011742e-02
6.169439390e-02
6.348227200e-02
6.696251725e-02
6.209780641e-02
6.924325285e-02
6.051912541e-02
6.037487716e-02
6.076429915e-02
6.232595073e-02
6.771609181e-02
6.945343141e-02
6.683225642e-02
6.195571832e-02
6.595130920e-02
7.101158175e-02
6.069463693e-02
6.511019445e-02
6.163354501e-02
6.912507170e-02
7.276195939e-02
6.786523461e-02
7.332290602e-02
6.351299624e-02
6.532950338e-02
7.168115839e-02
7.452476450e-02
6.463533963e-02
6.430371766e-02
6.882373823e-02
6.400309781e-02
6.605123499e-02
7.011482150e-02
7.102761720e-02
6.355123162e-02
6.263219349e-02
7.164531749e-02
6.738272797e-02
6.095382587e-02
7.446309769e-02
6.134211958e-02
7.167295103e-02
6.267418817e-02
6.379152741e-02
6.825214352e-02
7.276547691e-02
6.531580154e-02
7.152803275e-02
6.473437921e-02
6.867516463e-02
7.333929800e-02
6.217488586e-02
7.151092063e-02
7.462078144e-02
6.538112877e-02
6.299808375e-02
7.320634413e-02
7.332085330e-02
7.330608073e-02
6.078528426e-02
6.135809904e-02
6.938907193e-02
7.102581519e-02
7.027957552e-02
6.878430894e-02
7.439779267e-02
6.777067212e-02
6.469592102e-02
6.056017252e-02
7.030186421e-02
6.557807506e-02
6.947771813e-02
6.487789193e-02
7.177520589e-02
6.833974670e-02
6.687735018e-02
6.290044474e-02
6.813376348e-02
6.757269768e-02
6.643861315e-02
6.646878722e-02
6.195583070e-02
7.422567696e-02
6.361268229e-02
6.669886214e-02
6.045582339e-02
6.037804258e-02
6.120340846e-02
6.866974761e-02
6.774733555e-02
6.844562865e-02
6.347473475e-02
6.074896962e-02
7.413923999e-02
6.701284235e-02
6.697466404e-02
7.339117228e-02
6.846663638e-02
7.239874084e-02
6.860598534e-02
7.161045148e-02
6.951128480e-02
6.192959579e-02
7.391724853e-02
7.446825228e-02
6.982967985e-02
7.239760264e-02
6.672578442e-02
7.083215830e-02
6.927453302e-02
7.354447886e-02
6.380532656e-02
7.108755254e-02
6.789994865e-02
7.008545391e-02
7.484696745e-02
6.571094433e-02
7.105262176e-02
6.581800360e-02
6.740649873e-02
7.281725554e-02
7.393024812e-02
6.992552898e-02
6.671190030e-02
6.790514174e-02
6.121568210e-02
6.566381889e-02
6.558899089e-02
7.180274980e-02
6.139438495e-02
6.830898802e-02
6.361347571e-02
6.527043363e-02
6.970955822e-02
6.670100376e-02
6.866660216e-02
6.209780169e-02
6.316384309e-02
6.247041084e-02
6.252107618e-02
7.468425117e-02
7.390114076e-02
6.962148625e-02
6.936122797e-02
7.442555335e-02
6.989851093e-02
7.422246996e-02
7.346051233e-02
6.307076740e-02
7.150094680e-02
7.111225732e-02
7.215464834e-02
7.238174854e-02
6.627023863e-02
6.373311654e-02
6.694036437e-02
6.970546323e-02
6.647472176e-02
6.734861750e-02
6.526713229e-02
7.374530116e-02
6.370693613e-02
6.610763475e-02
6.750236152e-02
6.128875869e-02
7.123396356e-02
7.148449942e-02
6.738840012e-02
7.289949910e-02
6.440902182e-02
6.908337080e-02
6.441659945e-02
6.942314158e-02
7.415449510e-02
7.231790621e-02
6.655944100e-02
6.725578991e-02
7.380468664e-02
6.285998638e-02
7.326486328e-02
6.851893366e-02
6.766413194e-02
6.853762115e-02
6.664128001e-02
7.019834692e-02
6.000297964e-02
6.676217232e-02
6.743645488e-02
7.048383366e-02
7.244800229e-02
7.237483786e-02
7.295720238e-02
6.481155597e-02
6.885753665e-02
6.128321355e-02
6.316389572e-02
6.886586971e-02
6.727962577e-02
6.868660456e-02
7.206503712e-02
6.936448915e-02
6.606747622e-02
6.137759787e-02
7.006938841e-02
6.054440070e-02
6.221583702e-02
6.643498990e-02
7.069437910e-02
7.214592232e-02
7.191522732e-02
6.918207302e-02
6.629352555e-02
6.298029218e-02
6.625748661e-02
6.452326322e-02
7.344996470e-02
6.979343254e-02
6.107870374e-02
6.597223902e-02
6.145755593e-02
7.344769396e-02
6.358922527e-02
6.219336929e-02
6.768181768e-02
6.012841746e-02
6.718021722e-02
6.502888652e-02
6.078619479e-02
6.774789233e-02
7.232238258e-02
7.420832885e-02
6.884450125e-02
6.334443200e-02
6.708345334e-02
6.653926550e-02
6.551666682e-02
7.229895797e-02
6.493634889e-02
6.565685824e-02
6.028678417e-02
7.386536542e-02
6.475373286e-02
6.983962897e-02
6.785386282e-02
7.139992019e-02
7.105408035e-02
7.096999150e-02
7.400482462e-02
7.004736858e-02
7.491778956e-02
7.117703788e-02
6.033862620e-02
7.451993232e-02
6.596702896e-02
6.029822649e-02
7.201946393e-02
7.023586630e-02
6.831355831e-02
6.968016591e-02
6.063782867e-02
6.260017564e-02
6.630680448e-02
6.799066381e-02
6.993029455e-02
6.286863762e-02
7.037769859e-02
6.688384376e-02
6.588165630e-02
7.377029579e-02
6.516308972e-02
7.018473702e-02
7.188794454e-02
7.110060295e-02
7.264153478e-02
6.968920382e-02
6.317969517e-02
6.685224411e-02
7.174389027e-02
6.843052152e-02
6.383786553e-02
7.499005818e-02
6.812793306e-02
6.754851795e-02
6.228045855e-02
7.362822900e-02
6.280646784e-02
7.355642335e-02
6.248477630e-02
6.832510733e-02
6.823417442e-02
6.978094178e-02
6.673558096e-02
6.084306203e-02
6.576633289e-02
6.491728712e-02
7.338819286e-02
7.420928590e-02
7.322126301e-02
7.385166641e-02
6.594405195e-02
6.293906605e-02
6.944891263e-02
7.207153279e-02
6.129368464e-02
7.259301796e-02
6.932738751e-02
7.065656195e-02
7.141533326e-02
7.098376065e-02
6.922916459e-02
7.057465152e-02
7.407030332e-02
7.244398358e-02
6.236379170e-02
7.131372017e-02
6.237359151e-02
7.055455514e-02
6.203510129e-02
7.211019193e-02
6.327631612e-02
7.152772954e-02
7.173468084e-02
6.788502289e-02
6.741571156e-02
7.303121733e-02
6.405382583e-02
6.595469624e-02
6.701835139e-02
6.622647675e-02
6.914868934e-02
6.188263342e-02
6.799292466e-02
6.079514661e-02
7.399897343e-02
7.358921779e-02
6.462480542e-02
6.288654906e-02
7.184052813e-02
6.564148877e-02
7.428174306e-02
6.386378556e-02
7.431330507e-02
6.516122561e-02
7.223320552e-02
6.501702918e-02
6.346774819e-02
7.483780458e-02
6.159447497e-02
7.138618098e-02
7.283163649e-02
6.851986076e-02
7.370006170e-02
6.298578770e-02
6.551408354e-02
7.428579615e-02
6.437944471e-02
7.336139252e-02
7.349103592e-02
6.933656649e-02
6.758165040e-02
7.135996583e-02
6.429423258e-02
6.783956342e-02
6.044597402e-02
6.883551182e-02
6.459918952e-02
6.344641397e-02
6.642467553e-02
7.315072151e-02
6.922998671e-02
6.384975827e-02
6.570311917e-02
6.956916648e-02
6.186366325e-02
7.380284982e-02
6.332602744e-02
6.878262554e-02
6.422144770e-02
7.071774655e-02
7.234978274e-02
7.059244758e-02
7.201691815e-02
7.151571430e-02
6.760182812e-02
7.356010256e-02
7.132107095e-02
6.564119056e-02
7.269734620e-02
7.306508370e-02
6.795589563e-02
6.767512326e-02
7.274103260e-02
6.836839641e-02
7.175997392e-02
7.033916459e-02
7.351703837e-02
6.674029528e-02
6.894992406e-02
6.251870521e-02
6.422298149e-02
7.155707406e-02
6.102728328e-02
7.456331324e-02
7.368903431e-02
6.772392722e-02
7.021255888e-02
6.590949761e-02
6.127373094e-02
6.555892969e-02
7.409622497e-02
6.478190029e-02
6.356255987e-02
6.600258564e-02
6.599183204e-02
6.893172680e-02
6.638269571e-02
6.412374175e-02
6.906533330e-02
6.220334350e-02
7.049794990e-02
6.156254073e-02
6.260639829e-02
7.470546459e-02
6.661374988e-02
6.334460516e-02
6.877970592e-02
6.825604941e-02
7.343429465e-02
6.565083109e-02
6.745301580e-02
6.070599677e-02
6.595188708e-02
6.053889966e-02
7.299337672e-02
7.316647281e-02
6.960376253e-02
6.391573371e-02
6.732364665e-02
6.174587563e-02
6.088010262e-02
7.445437509e-02
6.234000018e-02
7.248819492e-02
7.054245841e-02
6.707330114e-02
6.484471877e-02
7.098390960e-02
6.449972196e-02
7.443921356e-02
7.177196247e-02
7.435874067e-02
7.108314399e-02
7.248002849e-02
7.476191801e-02
7.216749596e-02
6.851618020e-02
7.199762719e-02
7.374815482e-02
6.577223230e-02
6.177938892e-02
7.396198713e-02
6.261719449e-02
7.179112768e-02
6.459445998e-02
7.322352611e-02
6.733186388e-02
6.213349561e-02
6.134252409e-02
6.327984631e-02
6.721566438e-02
7.214054477e-02
7.190671775e-02
6.376142035e-02
6.177003873e-02
6.618096226e-02
6.239489783e-02
6.170961545e-02
7.231014815e-02
6.792632145e-02
6.434438590e-02
6.488019390e-02
7.214872903e-02
