7.118604272e-01
7.174934963e-01
7.069812298e-01
7.077672453e-01
7.083325591e-01
7.145342240e-01
7.192375818e-01
7.108416242e-01
7.126926172e-01
7.129435220e-01
7.079521223e-01
7.143943013e-01
7.127187444e-01
7.155958874e-01
7.084764361e-01
7.126922981e-01
7.061128385e-01
7.087121422e-01
7.112182922e-01
7.157678518e-01
7.117140994e-01
7.197646168e-01
7.078025049e-01
7.106998076e-01
7.052231501e-01
7.145735632e-01
7.130335490e-01
7.161522466e-01
7.199461407e-01
7.118364023e-01
7.100980901e-01
7.089110962e-01
7.103189351e-01
7.153476502e-01
7.126768813e-01
7.104362362e-01
7.182221708e-01
7.159588771e-01
7.129912351e-01
7.169476725e-01
7.195961892e-01
7.061751848e-01
7.104674210e-01
7.092312427e-01
7.159473015e-01
7.198867172e-01
7.089409674e-01
7.145289134e-01
7.124955670e-01
7.112851822e-01
7.089255716e-01
7.050741483e-01
7.110246831e-01
7.191505641e-01
7.176153935e-01
7.082256705e-01
7.114192775e-01
7.108633120e-01
7.056132834e-01
7.096817558e-01
7.067536861e-01
7.074814350e-01
7.106053091e-01
7.179646563e-01
7.087762937e-01
7.140052208e-01
7.129151172e-01
7.084195792e-01
7.190118607e-01
7.197251865e-01
7.189217799e-01
7.064803373e-01
7.188094003e-01
7.086154828e-01
7.077486349e-01
7.126300387e-01
7.163459523e-01
7.094056086e-01
7.074903319e-01
7.160817466e-01
7.057369281e-01
7.174401651e-01
7.110702850e-01
7.116211299e-01
7.050740230e-01
7.064486628e-01
7.055234612e-01
7.131816877e-01
7.136804079e-01
7.071416580e-01
7.063129996e-01
7.159602042e-01
7.071322656e-01
7.108508648e-01
7.133066244e-01
7.167420136e-01
7.127322870e-01
7.168484280e-01
7.100493051e-01
7.083007449e-01
7.170930030e-01
7.053790282e-01
7.057999377e-01
7.057442491e-01
7.106822035e-01
7.062255557e-01
7.078918791e-01
7.142984692e-01
7.164310952e-01
7.081980316e-01
7.074504555e-01
7.105608540e-01
7.162992144e-01
7.188862922e-01
7.107543083e-01
7.074372354e-01
7.170153061e-01
7.089790184e-01
7.100720935e-01
7.135273038e-01
7.108785477e-01
7.063103758e-01
7.124860231e-01
7.142600179e-01
7.102014620e-01
7.134697715e-01
7.069146685e-01
7.131591363e-01
7.086695739e-01
7.082226823e-01
7.138024741e-01
7.090802478e-01
7.155355750e-01
7.199692324e-01
7.058153913e-01
7.107512369e-01
7.189820474e-01
7.174891313e-01
7.142657896e-01
7.151700160e-01
7.138564076e-01
7.100137334e-01
7.145533770e-01
7.112596820e-01
7.050256641e-01
7.071225352e-01
7.107389514e-01
7.116871175e-01
7.152891988e-01
7.166091493e-01
7.135791147e-01
7.072277149e-01
7.086056400e-01
7.061590848e-01
7.053342467e-01
7.063971376e-01
7.157304833e-01
7.062758102e-01
7.129125555e-01
7.103778076e-01
7.120516506e-01
7.130263146e-01
7.131437049e-01
7.146981668e-01
7.062649102e-01
7.065090099e-01
7.106272372e-01
7.095817478e-01
7.196927506e-01
7.070681543e-01
7.187115765e-01
7.055164746e-01
7.140964686e-01
7.104433582e-01
7.063999576e-01
7.149659001e-01
7.163364965e-01
7.192390241e-01
7.108485064e-01
7.139622954e-01
7.130815052e-01
7.132081756e-01
7.116648879e-01
7.057198120e-01
7.077312292e-01
7.127876270e-01
7.192631620e-01
7.132440713e-01
7.158472756e-01
7.056677990e-01
7.059051846e-01
7.111926051e-01
7.139140552e-01
7.159605801e-01
7.190665227e-01
7.160327778e-01
7.069770330e-01
7.133063078e-01
7.089380551e-01
7.128664164e-01
7.058648089e-01
7.062425153e-01
7.118905755e-01
7.088022857e-01
7.139417502e-01
7.072841519e-01
7.113289449e-01
7.167797677e-01
7.159188595e-01
7.100837665e-01
7.087171946e-01
7.129971670e-01
7.138342119e-01
7.077506978e-01
7.066313386e-01
7.168394866e-01
7.137525450e-01
7.190749968e-01
7.099934548e-01
7.054000457e-01
7.150371258e-01
7.176767649e-01
7.120395616e-01
7.139878682e-01
7.100387796e-01
7.116054725e-01
7.083619947e-01
7.058299307e-01
7.134501519e-01
7.154840421e-01
7.056710979e-01
7.072596548e-01
7.120940419e-01
7.138374442e-01
7.136189421e-01
7.179119352e-01
7.170197778e-01
7.144416551e-01
7.153949623e-01
7.054171074e-01
7.198914860e-01
7.052259087e-01
7.164535963e-01
7.135928103e-01
7.103974819e-01
7.060957283e-01
7.083391574e-01
7.192339352e-01
7.138567882e-01
7.080140489e-01
7.127342106e-01
7.146612530e-01
7.101126421e-01
7.186390142e-01
7.149626392e-01
7.174720247e-01
7.133401447e-01
7.095354619e-01
7.102155568e-01
7.118353710e-01
7.152464505e-01
7.147208858e-01
7.138934417e-01
7.095447082e-01
7.108749054e-01
7.167932529e-01
7.082083811e-01
7.053505525e-01
7.178012212e-01
7.162503265e-01
7.102934571e-01
7.147580962e-01
7.050121910e-01
7.072022240e-01
7.088430127e-01
7.059610940e-01
7.183112324e-01
7.089617144e-01
7.121616121e-01
7.057861803e-01
7.128819217e-01
7.067752065e-01
7.101104152e-01
7.116433838e-01
7.178900970e-01
7.093628303e-01
7.179888095e-01
7.067397633e-01
7.174042959e-01
7.117301195e-01
7.191137482e-01
7.086226132e-01
7.057566480e-01
7.179180298e-01
7.058092985e-01
7.097590445e-01
7.088848772e-01
7.187930761e-01
7.122215046e-01
7.111482047e-01
7.178960944e-01
7.093004307e-01
7.111835154e-01
7.120943558e-01
7.073784144e-01
7.083997975e-01
7.114340177e-01
7.090524498e-01
7.074845610e-01
7.176360038e-01
7.176418338e-01
7.172741868e-01
7.156859116e-01
7.058407289e-01
7.121449327e-01
7.132850926e-01
7.159597345e-01
7.066008256e-01
7.103705411e-01
7.141088348e-01
7.148611623e-01
7.143729100e-01
7.168904585e-01
7.129614670e-01
7.079052197e-01
7.156485653e-01
7.065647926e-01
7.058927088e-01
7.123822806e-01
7.136670371e-01
7.147517705e-01
7.165661496e-01
7.071265784e-01
7.073883027e-01
7.131651755e-01
7.141521232e-01
7.195744529e-01
7.199137009e-01
7.165831208e-01
7.053408430e-01
7.060168815e-01
7.076448381e-01
7.191122118e-01
7.136134522e-01
7.197965440e-01
7.187672860e-01
7.176150257e-01
7.127864434e-01
7.087954904e-01
7.117280521e-01
7.060826782e-01
7.185452352e-01
7.121393443e-01
7.166761809e-01
7.165377435e-01
7.173129132e-01
7.102363567e-01
7.193695741e-01
7.143853347e-01
7.098560691e-01
7.173961416e-01
7.189677073e-01
7.147388433e-01
7.199122296e-01
7.064286828e-01
7.163088277e-01
7.066985439e-01
7.141357526e-01
7.103015966e-01
7.194422721e-01
7.062978366e-01
7.094203746e-01
7.083682921e-01
7.105541331e-01
7.138887398e-01
7.114016365e-01
7.137204074e-01
7.117529187e-01
7.164313326e-01
7.170331415e-01
7.131891093e-01
7.088566666e-01
7.124816273e-01
7.144226275e-01
7.147808083e-01
7.079211845e-01
7.125976579e-01
7.078220219e-01
7.193282765e-01
7.165436107e-01
7.086728465e-01
7.075694411e-01
7.119094988e-01
7.169221111e-01
7.173301197e-01
7.189426853e-01
7.199351230e-01
7.197643414e-01
7.093165844e-01
7.138969237e-01
7.116840421e-01
7.135113984e-01
7.067153721e-01
7.196741074e-01
7.092081307e-01
7.144945890e-01
7.082529690e-01
7.099509646e-01
7.182046792e-01
7.168475447e-01
7.081321955e-01
7.086613952e-01
7.109621233e-01
7.160134718e-01
7.064012379e-01
7.162236746e-01
7.074766865e-01
7.163559286e-01
7.145494009e-01
7.150659475e-01
7.083546992e-01
7.135836053e-01
7.087620131e-01
7.062119927e-01
7.160797044e-01
7.144220099e-01
7.088334493e-01
7.176046759e-01
7.098107561e-01
7.131927286e-01
7.096395626e-01
7.097829871e-01
7.117649270e-01
7.053220999e-01
7.157153008e-01
7.190517613e-01
7.122877760e-01
7.110065220e-01
7.058201154e-01
7.111842944e-01
7.163773423e-01
7.073574715e-01
7.067918053e-01
7.137783556e-01
7.186085227e-01
7.103224241e-01
7.083852947e-01
7.079646030e-01
7.107716578e-01
7.050251100e-01
7.118026560e-01
7.174029711e-01
7.110940275e-01
7.121143586e-01
7.125153896e-01
7.056500721e-01
7.079461464e-01
7.087557495e-01
7.195388543e-01
7.157092367e-01
7.120907194e-01
7.105989586e-01
7.084878895e-01
7.160991899e-01
7.103761793e-01
7.112523184e-01
7.095206922e-01
7.060138981e-01
7.071788585e-01
7.104251007e-01
7.077306708e-01
7.164085931e-01
7.149657785e-01
7.070607412e-01
7.156016270e-01
7.140881911e-01
7.120408420e-01
7.063045644e-01
7.052490957e-01
7.180920082e-01
7.122575459e-01
7.108877327e-01
7.137684473e-01
7.059869374e-01
7.183406373e-01
7.186809262e-01
7.087551290e-01
7.081647798e-01
7.089242894e-01
7.160950317e-01
7.142529590e-01
7.171376059e-01
7.177752895e-01
7.169729929e-01
7.182872180e-01
7.190704200e-01
7.086340975e-01
7.060755703e-01
7.195092316e-01
7.174990713e-01
