8.440391270e-01
8.457146908e-01
8.416261155e-01
8.494525185e-01
8.414103597e-01
8.482789163e-01
8.527642306e-01
8.484937405e-01
8.478485306e-01
8.432613228e-01
8.549276993e-01
8.459580023e-01
8.402678851e-01
8.467734889e-01
8.424928805e-01
8.407120674e-01
8.521280323e-01
8.528489417e-01
8.440866139e-01
8.459259316e-01
8.549046660e-01
8.426157952e-01
8.402744192e-01
8.431959706e-01
8.498890669e-01
8.415876527e-01
8.418653083e-01
8.528970597e-01
8.420748340e-01
8.513530363e-01
8.542087545e-01
8.493470046e-01
8.504017989e-01
8.443373986e-01
8.403333363e-01
8.432401963e-01
8.491727681e-01
8.427696911e-01
8.451436967e-01
8.507499132e-01
8.436120139e-01
8.496385664e-01
8.489780542e-01
8.491399359e-01
8.499450649e-01
8.537838691e-01
8.472419860e-01
8.446114888e-01
8.456584825e-01
8.439958757e-01
8.525862568e-01
8.407573126e-01
8.407693333e-01
8.422625975e-01
8.416017949e-01
8.442746754e-01
8.525096240e-01
8.513895311e-01
8.481295496e-01
8.518770699e-01
8.542784061e-01
8.482378150e-01
8.533153413e-01
8.507380374e-01
8.414996045e-01
8.415930355e-01
8.507272794e-01
8.471798182e-01
8.490325483e-01
8.491037331e-01
8.546936643e-01
8.463833492e-01
8.439503713e-01
8.506847831e-01
8.540132408e-01
8.532686223e-01
8.518927841e-01
8.401073783e-01
8.413119708e-01
8.405145260e-01
8.513892195e-01
8.503624525e-01
8.474855611e-01
8.484020985e-01
8.454433701e-01
8.465960440e-01
8.472477728e-01
8.458681304e-01
8.404219663e-01
8.403272975e-01
8.434770392e-01
8.447872725e-01
8.451016832e-01
8.511430773e-01
8.484052348e-01
8.499781982e-01
8.431084884e-01
8.539743971e-01
8.415013587e-01
8.499040912e-01
8.449782075e-01
8.469525402e-01
8.513206049e-01
8.510133308e-01
8.456735415e-01
8.457460659e-01
8.503736104e-01
8.432516977e-01
8.428233755e-01
8.531768220e-01
8.410420824e-01
8.500715999e-01
8.474412721e-01
8.430668021e-01
8.499901717e-01
8.481169507e-01
8.496150142e-01
8.438114400e-01
8.520990037e-01
8.403451571e-01
8.438490163e-01
8.433253392e-01
8.498800177e-01
8.446500040e-01
8.513993981e-01
8.536201355e-01
8.495926780e-01
8.541587131e-01
8.408553100e-01
8.418506750e-01
8.463603199e-01
8.431957556e-01
8.449282602e-01
8.403012870e-01
8.488003157e-01
8.525447156e-01
8.407150485e-01
8.485624452e-01
8.514523433e-01
8.419080022e-01
8.511075149e-01
8.407690097e-01
8.504935118e-01
8.417524845e-01
8.530045713e-01
8.463506514e-01
8.507148403e-01
8.485007428e-01
8.509240604e-01
8.515860418e-01
8.420328651e-01
8.427489161e-01
8.512146642e-01
8.487996620e-01
8.402554201e-01
8.412664099e-01
8.458298314e-01
8.511716892e-01
8.530984003e-01
8.422315874e-01
8.534544728e-01
8.417415545e-01
8.485704335e-01
8.457935644e-01
8.403479252e-01
8.418686629e-01
8.408657855e-01
8.429927536e-01
8.487573106e-01
8.436179328e-01
8.508212957e-01
8.478230414e-01
8.458833954e-01
8.482257959e-01
8.480104537e-01
8.489591804e-01
8.476079882e-01
8.538218449e-01
8.452354723e-01
8.546789674e-01
8.499827587e-01
8.507492770e-01
8.514085304e-01
8.499579300e-01
8.510206883e-01
8.483491609e-01
8.476795049e-01
8.462351005e-01
8.416211106e-01
8.513600762e-01
8.469413545e-01
8.420864027e-01
8.547920038e-01
8.547393914e-01
8.418438930e-01
8.508711790e-01
8.441713105e-01
8.433582281e-01
8.541324598e-01
8.491857937e-01
8.477919379e-01
8.400882666e-01
8.500979965e-01
8.505631159e-01
8.493068709e-01
8.410894653e-01
8.428438627e-01
8.458652232e-01
8.467203373e-01
8.487655699e-01
8.461711026e-01
8.417104390e-01
8.516065702e-01
8.461865099e-01
8.409206812e-01
8.538595821e-01
8.471537642e-01
8.438764770e-01
8.462602843e-01
8.492597622e-01
8.540757031e-01
8.512747320e-01
8.467626016e-01
8.534935571e-01
8.432336939e-01
8.433316569e-01
8.496536030e-01
8.500810581e-01
8.471794608e-01
8.423283477e-01
8.513943153e-01
8.448451888e-01
8.499821702e-01
8.421170026e-01
8.530406521e-01
8.466206078e-01
8.471859761e-01
8.483063452e-01
8.406713297e-01
8.491341733e-01
8.447371282e-01
8.493222822e-01
8.413892743e-01
8.493777555e-01
8.441210657e-01
8.501701813e-01
8.497816172e-01
8.467127561e-01
8.425152213e-01
8.514761219e-01
8.449005785e-01
8.514804941e-01
8.514798348e-01
8.420394360e-01
8.439844375e-01
8.537319149e-01
8.536965760e-01
8.408300999e-01
8.495967958e-01
8.535596200e-01
8.492882389e-01
8.462520971e-01
8.411297268e-01
8.473845943e-01
8.456710128e-01
8.455457234e-01
8.530358765e-01
8.467949136e-01
8.460003982e-01
8.494226324e-01
8.466234637e-01
8.481145925e-01
8.445915289e-01
8.473018569e-01
8.469574021e-01
8.429235865e-01
8.401736510e-01
8.470940035e-01
8.420744474e-01
8.480766210e-01
8.430057706e-01
8.519152959e-01
8.535918445e-01
8.498230585e-01
8.528378293e-01
8.531176397e-01
8.497903311e-01
8.521132965e-01
8.522596137e-01
8.502272467e-01
8.529978709e-01
8.411886271e-01
8.432123868e-01
8.523341016e-01
8.523623709e-01
8.518591077e-01
8.542850933e-01
8.508051218e-01
8.534354028e-01
8.489649995e-01
8.504736774e-01
8.465665117e-01
8.483299642e-01
8.518459066e-01
8.510621106e-01
8.447443324e-01
8.503207107e-01
8.546056859e-01
8.515176384e-01
8.485369360e-01
8.415261336e-01
8.530598003e-01
8.417441548e-01
8.473432184e-01
8.528654835e-01
8.510314832e-01
8.505863556e-01
8.413010519e-01
8.418101797e-01
8.509643993e-01
8.528585168e-01
8.443343567e-01
8.420159217e-01
8.437563539e-01
8.486231327e-01
8.531289926e-01
8.480134631e-01
8.409569933e-01
8.541098402e-01
8.529161257e-01
8.542311380e-01
8.433273818e-01
8.502287644e-01
8.547627932e-01
8.548457108e-01
8.418536070e-01
8.436316553e-01
8.516870034e-01
8.457805208e-01
8.448588773e-01
8.445277248e-01
8.539287348e-01
8.507766254e-01
8.530320513e-01
8.522981149e-01
8.543384546e-01
8.495444902e-01
8.441940052e-01
8.482719579e-01
8.531722580e-01
8.511589594e-01
8.499199796e-01
8.451680396e-01
8.421306969e-01
8.485560903e-01
8.401591097e-01
8.491732348e-01
8.417206449e-01
8.416013577e-01
8.445914629e-01
8.440235375e-01
8.488364026e-01
8.543298276e-01
8.525061306e-01
8.546588212e-01
8.525403935e-01
8.430609224e-01
8.535151350e-01
8.549686482e-01
8.490493128e-01
8.515043667e-01
8.403003450e-01
8.416389108e-01
8.483839333e-01
8.437441385e-01
8.505293467e-01
8.403739910e-01
8.469103597e-01
8.413808390e-01
8.523362757e-01
8.516577402e-01
8.413646262e-01
8.511745706e-01
8.409123502e-01
8.486349958e-01
8.479466346e-01
8.466018341e-01
8.463935676e-01
8.524958989e-01
8.522690643e-01
8.424628495e-01
8.504850607e-01
8.433659116e-01
8.450775518e-01
8.454955414e-01
8.525534317e-01
8.533969199e-01
8.435134010e-01
8.487401644e-01
8.471544292e-01
8.502276170e-01
8.406807076e-01
8.475971688e-01
8.487379487e-01
8.491724404e-01
8.420814475e-01
8.549128471e-01
8.470004086e-01
8.539811467e-01
8.452361040e-01
8.457366769e-01
8.435328230e-01
8.518546858e-01
8.544332954e-01
8.440839944e-01
8.494958471e-01
8.435588417e-01
8.460278510e-01
8.458421178e-01
8.420037397e-01
8.531021112e-01
8.403882088e-01
8.549955706e-01
8.465723314e-01
8.452030572e-01
8.410911645e-01
8.484282799e-01
8.485000043e-01
8.500604180e-01
8.415023978e-01
8.520872182e-01
8.456090139e-01
8.433936747e-01
8.421718389e-01
8.437780787e-01
8.423597771e-01
8.454546378e-01
8.476973721e-01
8.445283618e-01
8.487052013e-01
8.527412677e-01
8.415580714e-01
8.409975102e-01
8.470160018e-01
8.461731999e-01
8.519044886e-01
8.418763557e-01
8.405343598e-01
8.502895605e-01
8.411564430e-01
8.545270145e-01
8.471135992e-01
8.407886874e-01
8.521910117e-01
8.538393119e-01
8.502330616e-01
8.543020706e-01
8.478767853e-01
8.452482816e-01
8.485775279e-01
8.463727951e-01
8.467640750e-01
8.487607974e-01
8.545424088e-01
8.441627457e-01
8.431468497e-01
8.532965433e-01
8.543293572e-01
8.481685559e-01
8.487940831e-01
8.424116220e-01
8.536332739e-01
8.519743079e-01
8.401148589e-01
8.542591001e-01
8.481701912e-01
8.433940638e-01
8.461319702e-01
8.536997452e-01
8.489643170e-01
8.535888049e-01
8.477328696e-01
8.536891605e-01
8.415206454e-01
8.476304441e-01
8.530488319e-01
8.485111009e-01
8.460694369e-01
8.401090340e-01
8.488019698e-01
8.518485765e-01
8.528639596e-01
8.401880835e-01
8.436143073e-01
8.466796886e-01
8.443217667e-01
8.413057324e-01
8.482739858e-01
8.431049225e-01
8.518666197e-01
