6.118409710e-01
6.076979542e-01
6.033994314e-01
6.139558824e-01
6.108557267e-01
6.135749752e-01
6.033212770e-01
6.120118562e-01
6.131064045e-01
6.044934107e-01
6.135831547e-01
6.130008361e-01
6.073401403e-01
6.044641009e-01
6.009876492e-01
6.079502721e-01
6.005141405e-01
6.145002096e-01
6.018586040e-01
6.141074234e-01
6.062739646e-01
6.078883816e-01
6.126085413e-01
6.131355298e-01
6.068458218e-01
6.105148931e-01
6.043363353e-01
6.064260940e-01
6.010940857e-01
6.045540041e-01
6.006088250e-01
6.131514353e-01
6.031928487e-01
6.010980520e-01
6.046750435e-01
6.018588411e-01
6.130270183e-01
6.102115473e-01
6.036454793e-01
6.131162203e-01
6.028240149e-01
6.020391673e-01
6.129059718e-01
6.140207892e-01
6.019682873e-01
6.008590947e-01
6.039724646e-01
6.004127413e-01
6.007857609e-01
6.093855781e-01
6.014972503e-01
6.046507357e-01
6.027344881e-01
6.116456860e-01
6.096159060e-01
6.116852561e-01
6.148533292e-01
6.109880335e-01
6.049095989e-01
6.104244004e-01
6.050461275e-01
6.050081930e-01
6.045921274e-01
6.132492089e-01
6.138995365e-01
6.025965886e-01
6.139142968e-01
6.128920820e-01
6.139237530e-01
6.033972079e-01
6.093286607e-01
6.053706692e-01
6.092536471e-01
6.022883706e-01
6.000719005e-01
6.045990210e-01
6.081871071e-01
6.046182244e-01
6.072881341e-01
6.130598852e-01
6.104054168e-01
6.000581295e-01
6.055724799e-01
6.115888478e-01
6.032118168e-01
6.124982026e-01
6.116318453e-01
6.125552602e-01
6.096154416e-01
6.039976477e-01
6.008784423e-01
6.104003873e-01
6.100408280e-01
6.035142869e-01
6.006562799e-01
6.039668545e-01
6.031815589e-01
6.005914327e-01
6.082790551e-01
6.074029347e-01
6.062711532e-01
6.005167932e-01
6.008566962e-01
6.012771896e-01
6.136082878e-01
6.100102008e-01
6.036859409e-01
6.016625905e-01
6.019566894e-01
6.139314609e-01
6.127069062e-01
6.093659085e-01
6.042717136e-01
6.111343905e-01
6.083766087e-01
6.127587335e-01
6.072462129e-01
6.136072475e-01
6.122600475e-01
6.141837190e-01
6.114947222e-01
6.001687624e-01
6.028858601e-01
6.037471155e-01
6.016444205e-01
6.109466459e-01
6.038252536e-01
6.026442391e-01
6.032288145e-01
6.004919712e-01
6.110756195e-01
6.072354416e-01
6.138296086e-01
6.140392606e-01
6.053596543e-01
6.140116991e-01
6.138010462e-01
6.042867009e-01
6.118999671e-01
6.011881502e-01
6.111692519e-01
6.121850305e-01
6.096215439e-01
6.122124308e-01
6.122499644e-01
6.067909398e-01
6.057135505e-01
6.144317943e-01
6.083004179e-01
6.025800025e-01
6.084709468e-01
6.047798221e-01
6.051294391e-01
6.130596526e-01
6.143891153e-01
6.036341968e-01
6.145273610e-01
6.130354899e-01
6.063673828e-01
6.030412667e-01
6.121390664e-01
6.106105719e-01
6.074845592e-01
6.136119307e-01
6.098412355e-01
6.004485058e-01
6.140183400e-01
6.140159314e-01
6.002870339e-01
6.100279520e-01
6.036136621e-01
6.004036589e-01
6.127462011e-01
6.061981306e-01
6.102934290e-01
6.086642453e-01
6.058649455e-01
6.046551400e-01
6.043639637e-01
6.019887909e-01
6.139884378e-01
6.039963878e-01
6.055777894e-01
6.031047314e-01
6.012738312e-01
6.004783844e-01
6.031573655e-01
6.020110838e-01
6.065063887e-01
6.084990973e-01
6.147121396e-01
6.129214502e-01
6.140887889e-01
6.134363646e-01
6.148719814e-01
6.140769172e-01
6.144394521e-01
6.090617260e-01
6.083602626e-01
6.032230674e-01
6.067226810e-01
6.038176724e-01
6.129173231e-01
6.045953220e-01
6.042195546e-01
6.060521656e-01
6.136994665e-01
6.031534742e-01
6.063788409e-01
6.107322374e-01
6.030102557e-01
6.055010311e-01
6.144912027e-01
6.101035764e-01
6.036695120e-01
6.038234404e-01
6.045319232e-01
6.115768371e-01
6.064907083e-01
6.084640276e-01
6.000123966e-01
6.127531499e-01
6.016639585e-01
6.064354763e-01
6.082421653e-01
6.085179734e-01
6.120067155e-01
6.032492275e-01
6.009115539e-01
6.063533581e-01
6.088093265e-01
6.081545382e-01
6.006428256e-01
6.143534415e-01
6.083826345e-01
6.122667132e-01
6.025780924e-01
6.131856104e-01
6.112004568e-01
6.048493864e-01
6.009601025e-01
6.112932849e-01
6.074022038e-01
6.061446479e-01
6.059339400e-01
6.100698814e-01
6.027221819e-01
6.027892116e-01
6.143316218e-01
6.032245289e-01
6.076790783e-01
6.039335822e-01
6.109450064e-01
6.083814833e-01
6.005070809e-01
6.067588817e-01
6.083402342e-01
6.130533041e-01
6.060531902e-01
6.074304650e-01
6.053601675e-01
6.026631482e-01
6.014246363e-01
6.032622948e-01
6.016394125e-01
6.051753168e-01
6.036741969e-01
6.066188420e-01
6.088942290e-01
6.057052933e-01
6.084195024e-01
6.090801469e-01
6.044423033e-01
6.094509704e-01
6.052273272e-01
6.106285512e-01
6.009800089e-01
6.060802436e-01
6.097115394e-01
6.026778993e-01
6.117819148e-01
6.111146957e-01
6.061848571e-01
6.022431099e-01
6.102724629e-01
6.046866543e-01
6.010704053e-01
6.011245596e-01
6.139339916e-01
6.001268957e-01
6.062818845e-01
6.065796881e-01
6.109394068e-01
6.101192720e-01
6.012192250e-01
6.027488538e-01
6.104736725e-01
6.124605132e-01
6.022872895e-01
6.082109966e-01
6.049899902e-01
6.057771024e-01
6.008460383e-01
6.131855157e-01
6.007692989e-01
6.095409439e-01
6.103429710e-01
6.087964491e-01
6.020916959e-01
6.130637878e-01
6.051600644e-01
6.018198227e-01
6.050173562e-01
6.081009642e-01
6.042493048e-01
6.045737474e-01
6.091647028e-01
6.082881204e-01
6.045968472e-01
6.036934157e-01
6.129697929e-01
6.016202807e-01
6.062710343e-01
6.079331798e-01
6.134515364e-01
6.087622436e-01
6.112096482e-01
6.085074034e-01
6.098411424e-01
6.097364010e-01
6.031819491e-01
6.099177894e-01
6.067214253e-01
6.030645413e-01
6.135194317e-01
6.094535238e-01
6.137356239e-01
6.000121277e-01
6.136241375e-01
6.086848626e-01
6.046260723e-01
6.052933869e-01
6.097187793e-01
6.079622601e-01
6.006580723e-01
6.132491838e-01
6.116142425e-01
6.096240595e-01
6.101983687e-01
6.052021457e-01
6.060933183e-01
6.117377119e-01
6.106322178e-01
6.105747638e-01
6.026191373e-01
6.121587475e-01
6.117820811e-01
6.026915258e-01
6.111854901e-01
6.028119973e-01
6.059699307e-01
6.049686539e-01
6.085297404e-01
6.079810240e-01
6.078463645e-01
6.033159853e-01
6.112863427e-01
6.144419767e-01
6.020892658e-01
6.025718462e-01
6.125927440e-01
6.026252264e-01
6.028616689e-01
6.062133737e-01
6.004908237e-01
6.020037841e-01
6.045084115e-01
6.064346629e-01
6.121955143e-01
6.062167565e-01
6.066620189e-01
6.032300588e-01
6.031697587e-01
6.125530311e-01
6.111605233e-01
6.048735781e-01
6.025546253e-01
6.143547132e-01
6.135452588e-01
6.034670209e-01
6.072403760e-01
6.063381364e-01
6.148273703e-01
6.102486492e-01
6.095951270e-01
6.008935153e-01
6.086753592e-01
6.036061848e-01
6.144628898e-01
6.124138635e-01
6.068706988e-01
6.133448854e-01
6.132021146e-01
6.141401842e-01
6.020422107e-01
6.070579736e-01
6.044565072e-01
6.022673611e-01
6.058195206e-01
6.085091905e-01
6.044077667e-01
6.136163849e-01
6.003984402e-01
6.081201438e-01
6.016393082e-01
6.025100389e-01
6.100265581e-01
6.147707111e-01
6.040087986e-01
6.004121230e-01
6.136899298e-01
6.009453468e-01
6.034477926e-01
6.029268738e-01
6.068553385e-01
6.010880833e-01
6.050125680e-01
6.088851470e-01
6.122522710e-01
6.064195120e-01
6.051674253e-01
6.016737812e-01
6.050574960e-01
6.062229834e-01
6.022353427e-01
6.002055854e-01
6.016496087e-01
6.044968440e-01
6.094161688e-01
6.018731795e-01
6.082665793e-01
6.136603235e-01
6.115236544e-01
6.130511696e-01
6.078133800e-01
6.104056286e-01
6.006175214e-01
6.098803384e-01
6.132568601e-01
6.071141686e-01
6.105719061e-01
6.145843744e-01
6.112526858e-01
6.102588195e-01
6.018640544e-01
6.023687093e-01
6.062967972e-01
6.128751839e-01
6.010821866e-01
6.010856279e-01
6.111780557e-01
6.063921194e-01
6.041587191e-01
6.027421211e-01
6.144537059e-01
6.103166617e-01
6.035676051e-01
6.008276745e-01
6.067089211e-01
6.075485336e-01
6.072523387e-01
6.146627054e-01
6.149148687e-01
6.087914736e-01
6.055889965e-01
6.095285077e-01
6.035265469e-01
6.028379429e-01
6.047079334e-01
6.128261733e-01
6.105667065e-01
6.041494910e-01
6.138348014e-01
6.071174331e-01
6.022881322e-01
6.073558538e-01
6.120615159e-01
6.146295638e-01
6.120713977e-01
6.132802702e-01
6.000436320e-01
6.136025974e-01
6.017452059e-01
6.078495819e-01
6.024051402e-01
6.119816910e-01
6.134998833e-01
6.146154969e-01
6.126958513e-01
6.004980390e-01
