2.829215862e-02
2.592375875e-02
1.959973946e-02
2.368064225e-02
2.279771864e-02
2.684085071e-02
1.977352425e-02
1.566175558e-02
2.463949285e-02
1.920489222e-02
2.851569466e-02
2.736182325e-02
1.804240979e-02
1.830808446e-02
2.829812467e-02
2.698548138e-02
2.489954047e-02
2.945226431e-02
2.821863443e-02
2.430978976e-02
2.265666798e-02
2.605173364e-02
2.167661488e-02
2.100850642e-02
1.726837829e-02
2.806542814e-02
2.309364453e-02
2.501929551e-02
1.573332213e-02
2.526508272e-02
2.726513892e-02
1.778464392e-02
2.345527150e-02
2.492359653e-02
2.797976322e-02
2.979935333e-02
2.761695348e-02
1.610166766e-02
1.902665384e-02
2.247335948e-02
2.835232392e-02
2.015426569e-02
2.794101462e-02
2.723164298e-02
2.282894962e-02
1.601381227e-02
2.773593739e-02
1.874926500e-02
1.536559593e-02
1.843967475e-02
2.780739218e-02
2.794773504e-02
2.846070752e-02
1.753080077e-02
1.648371480e-02
2.023136802e-02
2.332359366e-02
2.868588641e-02
2.028664015e-02
2.117443271e-02
2.699790895e-02
2.179510519e-02
2.495388873e-02
2.793334052e-02
2.729713544e-02
1.697884500e-02
1.627905853e-02
2.453330345e-02
1.773679443e-02
2.412989177e-02
2.596060932e-02
1.691802591e-02
1.541524287e-02
2.001382038e-02
2.710782737e-02
2.204180509e-02
2.473788336e-02
1.834089309e-02
2.016532794e-02
2.762690187e-02
2.900835872e-02
2.782272175e-02
2.778977342e-02
1.637425832e-02
2.916293032e-02
2.119597793e-02
2.445408516e-02
2.814407833e-02
2.791291475e-02
2.315127105e-02
1.651028730e-02
2.650394291e-02
2.681021951e-02
1.597182080e-02
2.132626250e-02
2.814711258e-02
2.250140533e-02
2.672601491e-02
2.722747251e-02
2.826057002e-02
2.343615144e-02
2.613310888e-02
2.962955832e-02
2.768314257e-02
2.336399257e-02
2.077891864e-02
1.842901856e-02
2.536784485e-02
2.079140767e-02
2.122965641e-02
2.195704356e-02
2.289364114e-02
1.973263361e-02
1.746528596e-02
1.636169106e-02
2.528681234e-02
2.790108696e-02
1.874255389e-02
2.411943115e-02
2.744626626e-02
2.864496224e-02
2.498666942e-02
2.340117469e-02
1.781572029e-02
2.810681611e-02
2.548631094e-02
1.618664712e-02
1.728730276e-02
2.681752853e-02
1.925136149e-02
2.094349265e-02
2.925222740e-02
1.780634373e-02
1.805010810e-02
2.377553843e-02
2.028213069e-02
2.361818403e-02
1.994876191e-02
1.783024706e-02
1.827111095e-02
2.869156748e-02
2.173989639e-02
1.661150157e-02
1.573899575e-02
2.856146172e-02
2.404999174e-02
2.980067767e-02
1.533416566e-02
2.274339460e-02
2.722587436e-02
2.229413949e-02
2.028724924e-02
1.553955954e-02
2.451901883e-02
2.393119037e-02
1.863675751e-02
2.015350387e-02
1.685670391e-02
2.031773143e-02
1.744595170e-02
2.658949420e-02
2.094511688e-02
2.660239860e-02
2.081797831e-02
2.723437175e-02
1.615558378e-02
2.627453580e-02
1.921662316e-02
1.955088787e-02
1.713925600e-02
2.199525759e-02
2.664847858e-02
2.547189407e-02
2.887960896e-02
2.504541352e-02
1.551021822e-02
2.899529412e-02
1.943342388e-02
2.040185593e-02
1.632708311e-02
1.752002724e-02
2.011650801e-02
1.804255880e-02
2.006391436e-02
2.939688414e-02
2.080329694e-02
2.839340828e-02
2.927996404e-02
2.571140602e-02
2.039123327e-02
1.874763519e-02
1.613700390e-02
2.435914055e-02
2.837316319e-02
2.436313778e-02
2.288202941e-02
2.550288662e-02
2.043367364e-02
1.948264614e-02
2.982858382e-02
2.478496730e-02
2.905119210e-02
1.504072174e-02
2.442494780e-02
1.746427827e-02
1.892583445e-02
2.879799902e-02
2.269368619e-02
2.666689456e-02
1.780342869e-02
2.847247943e-02
2.719499543e-02
2.011532709e-02
1.631684601e-02
2.976122499e-02
1.846366748e-02
2.936396375e-02
2.219370008e-02
2.770312689e-02
2.278799191e-02
2.168603800e-02
2.044996247e-02
2.016845159e-02
1.865284331e-02
1.553135086e-02
1.945133507e-02
2.955655195e-02
1.798046753e-02
2.259628847e-02
2.909782343e-02
1.596295275e-02
1.783488691e-02
1.986126043e-02
1.588690095e-02
2.320516482e-02
2.716149390e-02
2.900611050e-02
2.825960703e-02
1.749615930e-02
2.353953198e-02
2.781740390e-02
2.544650435e-02
1.618512906e-02
2.257758752e-02
2.184477448e-02
2.420856617e-02
2.753964067e-02
1.582205668e-02
2.700471878e-02
1.700690947e-02
2.239825204e-02
1.610779762e-02
2.589344233e-02
2.929093689e-02
2.134294808e-02
2.320379764e-02
2.809415758e-02
2.716593072e-02
2.174059115e-02
2.256495133e-02
1.665419526e-02
2.853705920e-02
2.662893385e-02
1.921675168e-02
2.067979984e-02
2.606940083e-02
1.947032288e-02
2.512484044e-02
2.601050586e-02
2.745753154e-02
2.353113890e-02
1.634076610e-02
1.730385236e-02
2.864601463e-02
2.521954477e-02
1.934547722e-02
1.669452526e-02
2.240178175e-02
2.664767206e-02
2.375188097e-02
1.633401774e-02
2.786812745e-02
1.923300512e-02
1.924254932e-02
1.974191889e-02
1.775147207e-02
2.336769179e-02
1.847581752e-02
2.908001654e-02
1.812467538e-02
1.951766759e-02
1.863922551e-02
2.441414073e-02
1.866618916e-02
1.862766594e-02
2.514836937e-02
1.878260821e-02
2.166346833e-02
1.639413834e-02
2.962813526e-02
1.513533480e-02
2.970953658e-02
2.241032943e-02
2.040188015e-02
1.739033125e-02
2.402424812e-02
2.375859395e-02
2.429126948e-02
2.127691731e-02
2.982389182e-02
1.831423305e-02
2.411659993e-02
2.093568258e-02
2.058640867e-02
1.642721891e-02
2.926632948e-02
1.586638205e-02
2.715265751e-02
1.660578139e-02
2.578021213e-02
1.999134570e-02
1.733441651e-02
2.005254477e-02
2.845214866e-02
2.522046492e-02
2.864786610e-02
1.785139740e-02
1.525789034e-02
2.484672517e-02
2.995721623e-02
1.796929166e-02
2.417225018e-02
2.652861923e-02
2.306297421e-02
2.800032496e-02
2.879957668e-02
1.839517988e-02
2.424613759e-02
2.737745643e-02
1.710565574e-02
2.452118509e-02
2.241004817e-02
1.911298372e-02
1.728090458e-02
2.115504816e-02
2.436038107e-02
2.465767041e-02
1.871261932e-02
2.125629410e-02
2.551789209e-02
1.779960841e-02
2.176464349e-02
2.420258336e-02
1.558661647e-02
2.281505056e-02
2.234500088e-02
1.810568199e-02
1.963271387e-02
2.134789899e-02
2.947535738e-02
2.427481487e-02
2.271163091e-02
1.998311654e-02
2.198028751e-02
2.071129717e-02
2.645572647e-02
2.910239249e-02
2.747134306e-02
2.464617789e-02
1.544212177e-02
1.605985314e-02
2.481812797e-02
2.887341380e-02
1.735129766e-02
2.376345173e-02
2.976996452e-02
1.970639452e-02
1.611376740e-02
2.627391554e-02
2.620734647e-02
2.404596657e-02
2.679818869e-02
1.937456429e-02
1.597570255e-02
1.751690730e-02
1.613271981e-02
2.254956402e-02
2.596660890e-02
2.994711325e-02
1.932161115e-02
2.537564188e-02
2.234872989e-02
2.694728412e-02
2.408765256e-02
1.931016333e-02
2.846085466e-02
2.117128298e-02
2.685047314e-02
2.951314300e-02
2.389675006e-02
2.441652864e-02
2.101457305e-02
2.339306287e-02
2.964247763e-02
2.391683124e-02
2.241010591e-02
2.543509379e-02
2.909070253e-02
2.207285538e-02
2.541910112e-02
2.217046544e-02
2.222332917e-02
2.698329091e-02
1.696306467e-02
2.416946925e-02
1.709185727e-02
1.646034792e-02
2.008835413e-02
2.079785615e-02
2.823887765e-02
2.021789923e-02
1.961847395e-02
2.144436166e-02
2.522487566e-02
1.823200285e-02
2.975880168e-02
2.943439968e-02
2.620231360e-02
2.159295790e-02
2.011393383e-02
1.781737059e-02
2.423687652e-02
1.506758574e-02
2.198459581e-02
1.990298927e-02
2.612628043e-02
2.222846262e-02
1.723236591e-02
1.570142806e-02
2.296239883e-02
1.881053858e-02
2.315832675e-02
2.860054746e-02
1.895109192e-02
1.833878830e-02
2.591503412e-02
2.980874479e-02
2.112155221e-02
1.621686295e-02
2.621259168e-02
1.637853868e-02
2.603931725e-02
2.768076211e-02
2.024709620e-02
2.530478127e-02
2.499264851e-02
2.635527402e-02
2.014613152e-02
2.724160627e-02
1.567884348e-02
2.989593148e-02
2.449874580e-02
2.112956531e-02
1.646997407e-02
1.663736068e-02
1.877414994e-02
2.031841874e-02
2.552027628e-02
2.410639077e-02
2.321958542e-02
1.771603711e-02
2.297828905e-02
1.836442947e-02
2.507505193e-02
2.233168669e-02
2.802599780e-02
1.856605150e-02
2.981143445e-02
2.050338872e-02
2.953602374e-02
2.860083058e-02
2.906207368e-02
2.450510673e-02
1.617239043e-02
2.111081779e-02
1.691062003e-02
1.669834927e-02
2.680510283e-02
1.769883931e-02
2.346071228e-02
1.836395077e-02
2.102972195e-02
2.547293529e-02
1.692279801e-02
2.713051438e-02
1.873117313e-02
2.337650396e-02
2.265610360e-02
1.847789064e-02
1.925397664e-02
