8.977831464e-01
8.963060845e-01
8.869102638e-01
8.892783380e-01
8.854810765e-01
8.982210152e-01
8.872299801e-01
8.956214513e-01
8.893214011e-01
8.957165501e-01
8.930770892e-01
8.986434558e-01
8.995832916e-01
8.921718014e-01
8.856963200e-01
8.892504782e-01
8.875303004e-01
8.952310700e-01
8.932427298e-01
8.869069635e-01
8.912944749e-01
8.931164850e-01
8.891264600e-01
8.922127543e-01
8.858816861e-01
8.869699499e-01
8.987023407e-01
8.967061895e-01
8.856852968e-01
8.978022756e-01
8.960300923e-01
8.904400410e-01
8.891783063e-01
8.867115618e-01
8.976706147e-01
8.904172749e-01
8.864085098e-01
8.898451520e-01
8.920538828e-01
8.875769705e-01
8.987981400e-01
8.918031482e-01
8.944968361e-01
8.990747969e-01
8.893929045e-01
8.979733098e-01
8.934291710e-01
8.915222411e-01
8.958603249e-01
8.959628709e-01
8.899086579e-01
8.875414009e-01
8.905260293e-01
8.954427662e-01
8.960301078e-01
8.984439751e-01
8.924632977e-01
8.992236577e-01
8.920814324e-01
8.914568338e-01
8.965455436e-01
8.883659173e-01
8.862151540e-01
8.980159990e-01
8.969937031e-01
8.953942012e-01
8.881175867e-01
8.966769259e-01
8.936007608e-01
8.977823704e-01
8.975093972e-01
8.866301877e-01
8.995509776e-01
8.946910986e-01
8.986690549e-01
8.970776473e-01
8.864779930e-01
8.888285066e-01
8.956793761e-01
8.957991493e-01
8.994408829e-01
8.861158928e-01
8.888500737e-01
8.924219473e-01
8.944824537e-01
8.866642032e-01
8.936317133e-01
8.901951932e-01
8.950507725e-01
8.906996400e-01
8.884379885e-01
8.949449315e-01
8.984243589e-01
8.852619332e-01
8.952380568e-01
8.861878958e-01
8.935772319e-01
8.986392162e-01
8.985327346e-01
8.988786362e-01
8.994973538e-01
8.962077808e-01
8.958427217e-01
8.872224222e-01
8.982426224e-01
8.954192272e-01
8.908740372e-01
8.981441475e-01
8.883088808e-01
8.938687217e-01
8.973715312e-01
8.864879512e-01
8.954346294e-01
8.865828175e-01
8.871741300e-01
8.958639853e-01
8.977660687e-01
8.861103064e-01
8.995405364e-01
8.877836585e-01
8.935197964e-01
8.921710274e-01
8.983844567e-01
8.935380917e-01
8.923681061e-01
8.966653270e-01
8.859453217e-01
8.984256328e-01
8.941623246e-01
8.971645708e-01
8.911612400e-01
8.880557796e-01
8.997677334e-01
8.920269285e-01
8.964905570e-01
8.850330769e-01
8.978891906e-01
8.850084378e-01
8.862709627e-01
8.858042773e-01
8.950868699e-01
8.939231551e-01
8.859278932e-01
8.953394826e-01
8.935433468e-01
8.887789750e-01
8.926890884e-01
8.997938742e-01
8.900547120e-01
8.892422763e-01
8.927923764e-01
8.873210001e-01
8.885482902e-01
8.916089566e-01
8.940177886e-01
8.896872171e-01
8.950601511e-01
8.880955945e-01
8.978239696e-01
8.895679508e-01
8.916189061e-01
8.976235041e-01
8.899508906e-01
8.873125067e-01
8.931071647e-01
8.957032714e-01
8.966705862e-01
8.961574077e-01
8.938430053e-01
8.890904180e-01
8.913143678e-01
8.969946690e-01
8.908530660e-01
8.908230203e-01
8.853778694e-01
8.943763707e-01
8.943719397e-01
8.873117416e-01
8.995248770e-01
8.909788487e-01
8.899539347e-01
8.852174880e-01
8.951253119e-01
8.989124153e-01
8.932562987e-01
8.903687662e-01
8.912097988e-01
8.977179965e-01
8.924306602e-01
8.998583544e-01
8.996392264e-01
8.916137256e-01
8.940858670e-01
8.873060927e-01
8.946185560e-01
8.890302506e-01
8.939880891e-01
8.991927566e-01
8.955762166e-01
8.975355335e-01
8.996852011e-01
8.871947390e-01
8.993912211e-01
8.935433623e-01
8.851440637e-01
8.875619863e-01
8.958125813e-01
8.927765280e-01
8.924671564e-01
8.984046122e-01
8.984367587e-01
8.894858999e-01
8.985326924e-01
8.896866410e-01
8.984443914e-01
8.916025895e-01
8.907876058e-01
8.918857035e-01
8.887268854e-01
8.927383451e-01
8.934155572e-01
8.864697175e-01
8.877251987e-01
8.892093296e-01
8.990989647e-01
8.903855316e-01
8.852757664e-01
8.908594740e-01
8.930642740e-01
8.965562778e-01
8.991147961e-01
8.953062957e-01
8.976716843e-01
8.895944077e-01
8.990475383e-01
8.953695779e-01
8.851822565e-01
8.917892536e-01
8.973886111e-01
8.914016689e-01
8.962703103e-01
8.901531088e-01
8.896794120e-01
8.997159928e-01
8.952785033e-01
8.899804179e-01
8.938327363e-01
8.859366689e-01
8.955257687e-01
8.991162284e-01
8.887349243e-01
8.991836457e-01
8.992597106e-01
8.894313468e-01
8.925324536e-01
8.982275529e-01
8.932112866e-01
8.888389883e-01
8.858005291e-01
8.962035586e-01
8.907367791e-01
8.946935294e-01
8.875498814e-01
8.948159112e-01
8.897054580e-01
8.878735363e-01
8.932757209e-01
8.926821346e-01
8.944951317e-01
8.923133036e-01
8.886657742e-01
8.897403320e-01
8.901811631e-01
8.988373359e-01
8.877855482e-01
8.943713702e-01
8.937462948e-01
8.928249102e-01
8.921248526e-01
8.939321435e-01
8.901016094e-01
8.885583700e-01
8.972319189e-01
8.952802274e-01
8.888612444e-01
8.995357036e-01
8.920151208e-01
8.953406893e-01
8.926243068e-01
8.879413910e-01
8.908846229e-01
8.867055307e-01
8.957445315e-01
8.885101445e-01
8.966094804e-01
8.992565335e-01
8.973754880e-01
8.971329096e-01
8.883774295e-01
8.994747004e-01
8.931956174e-01
8.926816699e-01
8.915386493e-01
8.881159898e-01
8.995480962e-01
8.887925832e-01
8.916513704e-01
8.925526089e-01
8.886630300e-01
8.912076246e-01
8.937201113e-01
8.914540105e-01
8.988113718e-01
8.895096452e-01
8.874153653e-01
8.937294796e-01
8.949310012e-01
8.907480077e-01
8.942106484e-01
8.861159091e-01
8.855507329e-01
8.930676856e-01
8.889702147e-01
8.866108766e-01
8.850039696e-01
8.993412106e-01
8.892955249e-01
8.953841255e-01
8.996147164e-01
8.915794922e-01
8.929022793e-01
8.950842468e-01
8.960932268e-01
8.871114199e-01
8.898442738e-01
8.916877770e-01
8.885449013e-01
8.855946953e-01
8.928661823e-01
8.880447083e-01
8.887288972e-01
8.998016988e-01
8.994063297e-01
8.927114067e-01
8.976020346e-01
8.915422414e-01
8.930849070e-01
8.909635075e-01
8.876964432e-01
8.871871571e-01
8.899576827e-01
8.938747557e-01
8.881633701e-01
8.956984916e-01
8.958869430e-01
8.921684283e-01
8.888873254e-01
8.986020837e-01
8.885009208e-01
8.990396731e-01
8.999467164e-01
8.868450405e-01
8.971608173e-01
8.888531417e-01
8.904531153e-01
8.923444535e-01
8.971542731e-01
8.895958116e-01
8.874966579e-01
8.851672028e-01
8.986559798e-01
8.977833435e-01
8.970950542e-01
8.968539192e-01
8.996270232e-01
8.900422009e-01
8.868102893e-01
8.996340082e-01
8.893197748e-01
8.914525372e-01
8.970066587e-01
8.869445583e-01
8.960537267e-01
8.865559939e-01
8.891127016e-01
8.875902899e-01
8.925296444e-01
8.878323424e-01
8.871981506e-01
8.926104737e-01
8.961216666e-01
8.860993100e-01
8.902020546e-01
8.951370271e-01
8.879082536e-01
8.851088949e-01
8.943658261e-01
8.933711486e-01
8.939332207e-01
8.913608307e-01
8.856436986e-01
8.930522713e-01
8.861652729e-01
8.972792466e-01
8.999823816e-01
8.892802545e-01
8.980078686e-01
8.992971774e-01
8.923513718e-01
8.909837648e-01
8.930060806e-01
8.872929687e-01
8.995177728e-01
8.926388855e-01
8.947180230e-01
8.867535293e-01
8.895404775e-01
8.974440853e-01
8.969668747e-01
8.919094264e-01
8.896664651e-01
8.949889588e-01
8.981776697e-01
8.903820436e-01
8.885173147e-01
8.946824480e-01
8.897769117e-01
8.882434156e-01
8.993378547e-01
8.959657886e-01
8.964962238e-01
8.853236527e-01
8.972268160e-01
8.988111719e-01
8.999144129e-01
8.925612351e-01
8.856779930e-01
8.981949952e-01
8.893077254e-01
8.998863870e-01
8.979161607e-01
8.856052896e-01
8.993670946e-01
8.873111020e-01
8.968218666e-01
8.858643944e-01
8.948653691e-01
8.988735626e-01
8.871013004e-01
8.951819754e-01
8.973775217e-01
8.888085429e-01
8.860644538e-01
8.924256010e-01
8.927588968e-01
8.924321157e-01
8.916885919e-01
8.871481554e-01
8.996806751e-01
8.982508150e-01
8.898418550e-01
8.855617805e-01
8.873216543e-01
8.979934132e-01
8.914477198e-01
8.902888790e-01
8.902803342e-01
8.988564001e-01
8.856418878e-01
8.963355325e-01
8.930782280e-01
8.969588462e-01
8.871042453e-01
8.950161152e-01
8.873015577e-01
8.943746099e-01
8.926313381e-01
8.956422830e-01
8.877350470e-01
8.893869155e-01
8.937153913e-01
8.964469728e-01
8.905849508e-01
8.871181150e-01
8.874172876e-01
8.929355353e-01
8.933996387e-01
8.922784606e-01
8.899054581e-01
8.980273532e-01
8.946556686e-01
8.968755504e-01
8.977099674e-01
8.917200928e-01
8.892325212e-01
8.939174452e-01
8.982597160e-01
8.947387311e-01
8.897686739e-01
8.942440437e-01
