2.166446010e-01
2.127410120e-01
2.114091671e-01
2.211926764e-01
2.201447895e-01
2.134328263e-01
2.170467633e-01
2.109969550e-01
2.183241088e-01
2.198896114e-01
2.207605678e-01
2.111644384e-01
2.103088081e-01
2.248689279e-01
2.144321065e-01
2.112152749e-01
2.214740433e-01
2.227221859e-01
2.242163541e-01
2.156607205e-01
2.115618063e-01
2.151675220e-01
2.107725097e-01
2.194629315e-01
2.126581776e-01
2.176616040e-01
2.168323447e-01
2.246142736e-01
2.207175744e-01
2.238796665e-01
2.207347097e-01
2.205025432e-01
2.177864262e-01
2.123251568e-01
2.106111067e-01
2.241911473e-01
2.165633210e-01
2.125387570e-01
2.124475023e-01
2.177372946e-01
2.161015333e-01
2.207793064e-01
2.231273505e-01
2.112424847e-01
2.244767300e-01
2.177608068e-01
2.118032603e-01
2.142601297e-01
2.208115286e-01
2.164571530e-01
2.204844981e-01
2.103589653e-01
2.141858378e-01
2.194051537e-01
2.237014523e-01
2.135479417e-01
2.207759438e-01
2.202669089e-01
2.245155067e-01
2.244907170e-01
2.212500774e-01
2.154740121e-01
2.140738513e-01
2.201697415e-01
2.185199345e-01
2.226167789e-01
2.213539261e-01
2.229295925e-01
2.211974311e-01
2.186295311e-01
2.178718302e-01
2.204497081e-01
2.195618301e-01
2.161818787e-01
2.130337164e-01
2.107720076e-01
2.156456088e-01
2.231666245e-01
2.217757767e-01
2.166900405e-01
2.181083427e-01
2.104234913e-01
2.178669925e-01
2.122654246e-01
2.163450697e-01
2.182016562e-01
2.125775683e-01
2.117055949e-01
2.108234266e-01
2.167023526e-01
2.153540910e-01
2.170159019e-01
2.103306461e-01
2.120477992e-01
2.182219367e-01
2.163511919e-01
2.130907441e-01
2.199246647e-01
2.151230811e-01
2.204452641e-01
2.220967040e-01
2.210986079e-01
2.153230881e-01
2.168718901e-01
2.119554991e-01
2.209918826e-01
2.158941737e-01
2.120244823e-01
2.184661394e-01
2.112142188e-01
2.190141107e-01
2.246634054e-01
2.246817522e-01
2.181468070e-01
2.121702208e-01
2.136062279e-01
2.124247125e-01
2.108072849e-01
2.121172115e-01
2.248573316e-01
2.130549934e-01
2.120796627e-01
2.196307730e-01
2.150483380e-01
2.189294329e-01
2.246303791e-01
2.200396904e-01
2.248328192e-01
2.163316486e-01
2.107457816e-01
2.119998164e-01
2.181001558e-01
2.142501310e-01
2.130445868e-01
2.126916637e-01
2.203514001e-01
2.173996615e-01
2.178209456e-01
2.190353358e-01
2.207500451e-01
2.205500255e-01
2.115807312e-01
2.167431870e-01
2.165551046e-01
2.113317553e-01
2.200133188e-01
2.167767847e-01
2.143312092e-01
2.101735235e-01
2.144771682e-01
2.127236281e-01
2.191069082e-01
2.122653203e-01
2.229462944e-01
2.111891591e-01
2.211699843e-01
2.155839255e-01
2.139164299e-01
2.148677209e-01
2.240540338e-01
2.170279905e-01
2.111703394e-01
2.180048419e-01
2.159241382e-01
2.247087751e-01
2.103091413e-01
2.247692209e-01
2.220629502e-01
2.175679356e-01
2.248288988e-01
2.195328094e-01
2.128316503e-01
2.203122263e-01
2.127378271e-01
2.220561865e-01
2.132031664e-01
2.119004576e-01
2.213677547e-01
2.160825855e-01
2.176934809e-01
2.126702862e-01
2.146574845e-01
2.109682603e-01
2.133595750e-01
2.121606112e-01
2.228254098e-01
2.186570225e-01
2.170695689e-01
2.203949314e-01
2.117402233e-01
2.210066942e-01
2.197150584e-01
2.116939891e-01
2.184265850e-01
2.128647769e-01
2.160686232e-01
2.243330577e-01
2.108048962e-01
2.247439301e-01
2.141796589e-01
2.147810204e-01
2.248425431e-01
2.168245873e-01
2.118773631e-01
2.249883598e-01
2.222023511e-01
2.141664091e-01
2.227221028e-01
2.248233694e-01
2.191056112e-01
2.150197792e-01
2.149351671e-01
2.104063468e-01
2.161855405e-01
2.157849357e-01
2.114495622e-01
2.108316365e-01
2.113999727e-01
2.228587069e-01
2.227402640e-01
2.197774284e-01
2.237963192e-01
2.236692482e-01
2.170915476e-01
2.227780712e-01
2.107003196e-01
2.141556635e-01
2.192406644e-01
2.160404162e-01
2.180418810e-01
2.211193070e-01
2.202864019e-01
2.110514916e-01
2.225312108e-01
2.233918263e-01
2.176546658e-01
2.144401191e-01
2.210133436e-01
2.134806459e-01
2.242258982e-01
2.157376680e-01
2.142160282e-01
2.178635539e-01
2.120957367e-01
2.118103689e-01
2.204408427e-01
2.160430440e-01
2.238225347e-01
2.135569308e-01
2.136499585e-01
2.202233438e-01
2.234761623e-01
2.170143622e-01
2.204467461e-01
2.120469072e-01
2.243066250e-01
2.101250577e-01
2.166358990e-01
2.123644212e-01
2.179593925e-01
2.168372430e-01
2.189801907e-01
2.100348779e-01
2.107140139e-01
2.196776371e-01
2.132143146e-01
2.200133269e-01
2.144379051e-01
2.191175052e-01
2.228647127e-01
2.166519857e-01
2.105623780e-01
2.240273263e-01
2.197502307e-01
2.131054092e-01
2.223457158e-01
2.231246746e-01
2.216712065e-01
2.116729693e-01
2.164255602e-01
2.217446823e-01
2.215831812e-01
2.176046670e-01
2.242512958e-01
2.100443455e-01
2.199088100e-01
2.129838014e-01
2.208945179e-01
2.237030089e-01
2.146569074e-01
2.150093002e-01
2.132902876e-01
2.130986563e-01
2.189649732e-01
2.169676146e-01
2.174529110e-01
2.113144182e-01
2.117673104e-01
2.111079670e-01
2.141870435e-01
2.109846020e-01
2.249743544e-01
2.197974876e-01
2.116287357e-01
2.194975543e-01
2.207027567e-01
2.212958360e-01
2.143905510e-01
2.231136505e-01
2.207261298e-01
2.143433948e-01
2.126423288e-01
2.174822647e-01
2.223931294e-01
2.209925900e-01
2.200271709e-01
2.154012158e-01
2.159526978e-01
2.107347950e-01
2.205365313e-01
2.172145262e-01
2.106543478e-01
2.109932925e-01
2.118835539e-01
2.164021753e-01
2.100839565e-01
2.126482018e-01
2.100655263e-01
2.136228025e-01
2.115432398e-01
2.181280446e-01
2.107228701e-01
2.225563052e-01
2.181480061e-01
2.139417937e-01
2.224015575e-01
2.131867453e-01
2.135987536e-01
2.131063866e-01
2.126570932e-01
2.229199641e-01
2.192337201e-01
2.187187769e-01
2.100577854e-01
2.136502963e-01
2.147285776e-01
2.126285445e-01
2.195238683e-01
2.127019424e-01
2.136805846e-01
2.173931206e-01
2.150279089e-01
2.197666609e-01
2.236600812e-01
2.190462514e-01
2.146470776e-01
2.184626861e-01
2.161394207e-01
2.184767452e-01
2.101613179e-01
2.140696697e-01
2.217470239e-01
2.202896300e-01
2.183374606e-01
2.134450362e-01
2.179454976e-01
2.181939113e-01
2.217313086e-01
2.223422457e-01
2.185354540e-01
2.102233725e-01
2.165710770e-01
2.248803019e-01
2.241275017e-01
2.168507858e-01
2.224142961e-01
2.220239049e-01
2.111764322e-01
2.156992243e-01
2.152416483e-01
2.234712040e-01
2.153723689e-01
2.170131909e-01
2.136656468e-01
2.122721314e-01
2.133075157e-01
2.111103568e-01
2.145534861e-01
2.238378180e-01
2.140972758e-01
2.206095978e-01
2.122539115e-01
2.146777096e-01
2.230612675e-01
2.139068502e-01
2.125871485e-01
2.235961874e-01
2.150315179e-01
2.221310739e-01
2.217747777e-01
2.168609532e-01
2.150751702e-01
2.207981948e-01
2.243556762e-01
2.209293213e-01
2.213294845e-01
2.186169863e-01
2.134475477e-01
2.162788778e-01
2.186456278e-01
2.235883542e-01
2.243135187e-01
2.140404915e-01
2.137799156e-01
2.177888681e-01
2.109888961e-01
2.242904042e-01
2.128763672e-01
2.232199069e-01
2.174398001e-01
2.188470604e-01
2.101324889e-01
2.118701983e-01
2.123524559e-01
2.227488941e-01
2.183752074e-01
2.114864228e-01
2.189663578e-01
2.118997965e-01
2.190542624e-01
2.163305493e-01
2.176355642e-01
2.108469163e-01
2.185180584e-01
2.236578400e-01
2.123962335e-01
2.172123976e-01
2.219657790e-01
2.239722397e-01
2.197222335e-01
2.107813161e-01
2.221043218e-01
2.175580533e-01
2.185763935e-01
2.243700383e-01
2.177232976e-01
2.178502555e-01
2.103847850e-01
2.119409298e-01
2.175812196e-01
2.227294672e-01
2.100824114e-01
2.240391470e-01
2.136193019e-01
2.129342754e-01
2.187117065e-01
2.114036243e-01
2.228379482e-01
2.228863205e-01
2.137181554e-01
2.204935662e-01
2.237192509e-01
2.197049468e-01
2.141693207e-01
2.103246195e-01
2.155512134e-01
2.139734987e-01
2.165773283e-01
2.200101303e-01
2.249856582e-01
2.248526960e-01
2.102923885e-01
2.130545197e-01
2.230858958e-01
2.186858850e-01
2.213094591e-01
2.175183090e-01
2.235990776e-01
2.226337068e-01
2.239190573e-01
2.122579054e-01
2.178252074e-01
2.244238069e-01
2.136701144e-01
2.240858484e-01
2.129722124e-01
2.133541824e-01
2.166507616e-01
2.220249919e-01
2.181049520e-01
2.183053976e-01
2.158942559e-01
2.124503800e-01
2.113570848e-01
2.169128898e-01
2.159933317e-01
2.190737328e-01
2.160390907e-01
2.160180970e-01
2.217616853e-01
