7.990794309e-01
8.073115204e-01
7.959286138e-01
8.022197102e-01
8.090087351e-01
8.097054171e-01
8.058987323e-01
8.056575584e-01
8.033383690e-01
7.995244228e-01
8.083011048e-01
8.028453907e-01
8.032235711e-01
8.075281647e-01
7.987473235e-01
7.959223122e-01
8.053685621e-01
8.008816810e-01
8.093171890e-01
8.018556140e-01
8.016237157e-01
7.987708212e-01
7.964170393e-01
8.077259879e-01
7.981278481e-01
7.954808410e-01
8.072783899e-01
7.992140967e-01
7.965367000e-01
8.078966960e-01
7.965670748e-01
7.993858325e-01
7.978771609e-01
8.069524893e-01
8.070191102e-01
7.999467330e-01
7.955313159e-01
7.983158985e-01
8.036044105e-01
7.965787052e-01
7.982681826e-01
8.036592112e-01
7.957502933e-01
8.052491524e-01
8.064596480e-01
8.006935855e-01
7.973242978e-01
8.091413190e-01
8.072123720e-01
8.010919163e-01
8.052421980e-01
8.068455762e-01
8.000752062e-01
7.976892625e-01
7.986923055e-01
8.007928183e-01
8.019914570e-01
7.981855118e-01
7.993705746e-01
8.007312119e-01
8.004327190e-01
8.077720721e-01
8.077260769e-01
7.994876760e-01
8.069856941e-01
8.037921385e-01
7.983918491e-01
8.047904979e-01
8.000189953e-01
8.057136948e-01
7.964464335e-01
8.055325563e-01
7.975997137e-01
7.963144551e-01
7.955534640e-01
8.096153688e-01
8.001854554e-01
8.041235704e-01
7.989612969e-01
7.991554105e-01
7.955792310e-01
8.073004876e-01
8.010094581e-01
7.987814958e-01
8.062220731e-01
8.071775306e-01
8.053167552e-01
8.001085453e-01
7.977910588e-01
8.046072382e-01
8.051009590e-01
7.955055892e-01
8.057470326e-01
8.003953650e-01
7.977238624e-01
8.073224277e-01
8.000154430e-01
8.005371353e-01
8.028174422e-01
7.975904006e-01
8.073393742e-01
7.963633526e-01
8.067924026e-01
8.032121341e-01
7.966933049e-01
8.004714632e-01
7.973738514e-01
8.033383403e-01
8.012126898e-01
8.021564970e-01
8.023499859e-01
8.064258788e-01
7.994709943e-01
8.009222392e-01
8.078259378e-01
7.983524206e-01
7.951621024e-01
7.955128952e-01
7.988979468e-01
7.990403839e-01
8.094574321e-01
7.970268565e-01
7.997613084e-01
8.044968171e-01
8.017165226e-01
7.993556704e-01
7.987031541e-01
8.089157911e-01
8.009820029e-01
8.019478709e-01
8.083950358e-01
8.028144601e-01
8.017772239e-01
7.987224967e-01
7.957572491e-01
8.094122667e-01
8.062512972e-01
8.024958994e-01
8.059739175e-01
7.979811048e-01
7.966629153e-01
8.059024312e-01
8.093124829e-01
8.036210927e-01
8.083847023e-01
8.057620672e-01
7.953630354e-01
8.044145953e-01
8.026389594e-01
8.043213641e-01
8.040676173e-01
7.992508205e-01
7.982715305e-01
7.991503056e-01
8.063189030e-01
8.085427513e-01
8.042651085e-01
7.955523388e-01
8.076997061e-01
8.000530230e-01
8.082657805e-01
7.979387483e-01
8.025604238e-01
8.092450321e-01
8.021251237e-01
8.040669002e-01
8.008548911e-01
8.058920008e-01
8.083378856e-01
7.973291464e-01
7.961423400e-01
7.965872075e-01
7.983290624e-01
7.963524936e-01
7.994415341e-01
8.029069258e-01
8.018789384e-01
8.027743400e-01
8.020081730e-01
8.067104617e-01
8.057299724e-01
7.992772918e-01
8.060241875e-01
7.967589992e-01
8.043637782e-01
8.094965130e-01
7.993071977e-01
8.034313334e-01
7.963471591e-01
8.050439356e-01
7.986828106e-01
8.000867625e-01
8.050405101e-01
8.096388321e-01
8.001771928e-01
8.013848185e-01
7.999054349e-01
8.025785093e-01
7.992558582e-01
8.053201339e-01
8.087871472e-01
8.076283703e-01
7.966948384e-01
8.058568032e-01
8.018909889e-01
8.004582677e-01
8.037337690e-01
8.083036383e-01
8.016663736e-01
8.088566282e-01
7.953125658e-01
7.990556715e-01
8.060596204e-01
7.992515945e-01
8.029046719e-01
8.076350682e-01
8.014146448e-01
8.064788532e-01
7.995035804e-01
7.998450766e-01
8.026926805e-01
8.041649127e-01
7.988358872e-01
8.051054981e-01
8.036305006e-01
8.004119688e-01
7.990069992e-01
8.078591731e-01
8.086589438e-01
8.038278516e-01
7.951343705e-01
8.053449441e-01
8.011602292e-01
8.046462543e-01
8.051849327e-01
8.021236267e-01
8.014794145e-01
8.037788475e-01
8.020839451e-01
8.036548980e-01
8.027789176e-01
8.079570170e-01
7.963013012e-01
8.015544223e-01
7.951916713e-01
8.047464246e-01
7.966752034e-01
7.962008309e-01
8.000188814e-01
7.982146452e-01
7.967458723e-01
8.040043518e-01
7.990394143e-01
7.998196704e-01
8.068127887e-01
8.006157503e-01
8.052116428e-01
7.963337056e-01
8.017211988e-01
8.032756796e-01
8.012606345e-01
8.046399606e-01
8.077978074e-01
8.032938621e-01
8.006863015e-01
7.998223863e-01
7.976571331e-01
8.063050228e-01
8.089183663e-01
8.077576075e-01
8.014856306e-01
7.971682940e-01
8.016393364e-01
8.011065463e-01
8.032052459e-01
8.015191911e-01
8.055145959e-01
8.022655966e-01
7.999030029e-01
7.955676678e-01
8.077655983e-01
8.078035827e-01
7.997631614e-01
8.034887324e-01
8.006241827e-01
8.060161411e-01
8.018804066e-01
8.013414405e-01
8.034167997e-01
8.066723188e-01
8.086381143e-01
8.055247200e-01
8.034300451e-01
8.074647787e-01
8.028077000e-01
8.085622614e-01
8.069097931e-01
7.955883209e-01
7.977104471e-01
8.019135801e-01
8.034515984e-01
8.079503655e-01
8.009283464e-01
8.064827503e-01
8.069792119e-01
7.976288855e-01
8.021016161e-01
7.987647251e-01
8.080091855e-01
8.032431780e-01
8.085506863e-01
7.992866704e-01
7.975508873e-01
7.972995732e-01
8.083993012e-01
8.063283932e-01
7.989111568e-01
8.018155347e-01
8.061050011e-01
8.082846684e-01
8.060343382e-01
7.964485345e-01
8.091557819e-01
7.978041430e-01
8.026636576e-01
7.970912278e-01
8.075342206e-01
7.986455273e-01
8.072990060e-01
8.045195053e-01
8.047032357e-01
8.022191394e-01
8.032467169e-01
8.066059770e-01
7.983135820e-01
8.083367952e-01
7.995352963e-01
8.039964421e-01
8.058480020e-01
8.075150440e-01
8.006329132e-01
7.982165908e-01
8.047769449e-01
8.038183651e-01
8.046942951e-01
7.974103653e-01
8.038816443e-01
8.059648999e-01
7.956384008e-01
7.957986533e-01
8.015938701e-01
8.022093791e-01
7.996328459e-01
8.069151300e-01
8.073299757e-01
7.989161612e-01
7.980083582e-01
7.995817829e-01
8.049014505e-01
8.019649904e-01
7.997251645e-01
7.990127269e-01
8.059358382e-01
8.074053220e-01
8.037016837e-01
8.037511450e-01
8.077412014e-01
8.006063546e-01
7.959639101e-01
7.997876676e-01
8.097043538e-01
8.029913521e-01
7.986173261e-01
7.967738324e-01
7.979632909e-01
8.060167694e-01
8.021947135e-01
8.014303176e-01
8.026114314e-01
8.045102097e-01
8.075080113e-01
8.015514446e-01
8.095908387e-01
8.047668212e-01
8.037907064e-01
8.024291709e-01
7.952544313e-01
7.957044543e-01
8.021295853e-01
8.084999043e-01
8.072034284e-01
8.064193650e-01
7.952329487e-01
7.978962562e-01
8.004795817e-01
8.099453521e-01
7.967311881e-01
8.001086839e-01
8.085477696e-01
7.952882194e-01
7.980899543e-01
8.021972633e-01
8.072858128e-01
7.990690659e-01
7.969584163e-01
8.038710056e-01
7.965924762e-01
8.034015327e-01
8.034297927e-01
8.087450669e-01
7.979335511e-01
8.017932836e-01
8.026629189e-01
8.026270202e-01
8.050747862e-01
8.053968311e-01
8.015081183e-01
7.986518604e-01
7.976560698e-01
7.978250816e-01
7.962349738e-01
7.986192781e-01
7.994669565e-01
8.085029787e-01
8.053578774e-01
7.961028701e-01
8.007040623e-01
8.025124574e-01
8.062857251e-01
8.020859022e-01
7.960593151e-01
7.980814671e-01
8.083084144e-01
8.020064107e-01
7.980320630e-01
8.015031401e-01
8.084869271e-01
8.059963170e-01
8.020542181e-01
7.974584342e-01
7.991843664e-01
8.077429034e-01
7.981061918e-01
8.081215735e-01
7.997164756e-01
7.990621596e-01
8.074707074e-01
8.080738311e-01
8.090516135e-01
7.969629999e-01
8.059786268e-01
7.955866608e-01
8.099363380e-01
8.001173435e-01
8.073787908e-01
8.005553049e-01
7.969589634e-01
8.092470834e-01
8.024595295e-01
7.999358027e-01
8.090139565e-01
8.067664411e-01
8.037485397e-01
8.045570755e-01
8.065610334e-01
8.069076693e-01
8.034797751e-01
8.087586836e-01
8.050260265e-01
7.991667318e-01
8.037943142e-01
7.961666423e-01
8.069575636e-01
8.011505154e-01
7.999138544e-01
7.980976638e-01
7.992714311e-01
7.975051746e-01
8.054956613e-01
8.012415698e-01
7.977362661e-01
8.096270086e-01
8.067288057e-01
8.016208448e-01
8.002207709e-01
8.081947489e-01
8.093656942e-01
8.015855693e-01
8.052806702e-01
8.061347240e-01
8.088142382e-01
8.024307886e-01
8.012377665e-01
8.095687209e-01
8.078071628e-01
8.089424183e-01
8.034125366e-01
8.021541813e-01
7.975972321e-01
7.953098905e-01
